309,2123,1,0
309,2125,2,0
309,2266,3,0
309,2267,4,0
309,2268,5,0
309,2269,6,0
309,2270,7,0
309,2271,8,0
309,2272,9,0
309,2273,10,0
309,2274,11,0
309,2275,12,0
309,2276,13,0
309,2277,14,0
309,2278,15,0
309,2279,16,0
309,2280,17,0
309,2281,18,0
309,2282,19,0
309,2283,20,0
309,2285,21,0
309,2286,22,0
309,2287,23,0
309,2288,24,0
309,2289,25,0
309,2290,26,0
309,2291,27,0
309,2292,28,0
309,2293,29,0
309,2294,30,0
309,2295,31,0
309,2296,32,0
309,2297,33,0
309,2298,34,0
309,2299,35,0
309,2300,36,0
309,2301,37,0
309,2302,38,0
309,2303,39,0
309,2304,40,0
309,2305,41,0
309,2166,42,0
309,2167,43,0
309,2168,44,0
409,2203,1,0
409,2123,2,0
409,2125,3,0
409,2126,4,0
409,2127,5,0
409,2128,6,0
409,2129,7,0
409,2130,8,0
409,2131,9,0
409,2132,10,0
409,2133,11,0
409,2134,12,0
409,2135,13,0
409,2136,14,0
409,2137,15,0
409,2138,16,0
409,2139,17,0
409,2140,18,0
409,2141,19,0
409,2142,20,0
409,2143,21,0
409,2144,22,0
409,2145,23,0
409,2147,24,0
409,2148,25,0
409,2149,26,0
409,2150,27,0
409,2151,28,0
409,2152,29,0
409,2153,30,0
409,2155,31,0
409,2156,32,0
409,2158,33,0
409,2159,34,0
409,2160,35,0
409,2161,36,0
409,2162,37,0
409,2163,38,0
409,2164,39,0
409,2165,40,0
409,2166,41,0
409,2167,42,0
409,2168,43,0
409,2306,44,0
509,2203,1,0
509,2125,2,0
509,2204,3,0
509,2205,4,0
509,2206,5,0
509,2207,6,0
509,2208,7,0
509,2209,8,0
509,2210,9,0
509,2211,10,0
509,2212,11,0
509,2213,12,0
509,2214,13,0
509,2215,14,0
509,2120,15,0
509,2216,16,0
509,2217,17,0
509,2218,18,0
509,2220,19,0
509,2221,20,0
509,2222,21,0
509,2223,22,0
509,2224,23,0
509,2225,24,0
509,2226,25,0
509,2227,26,0
509,2228,27,0
509,2229,28,0
509,2230,29,0
509,2231,30,0
509,2232,31,0
509,2233,32,0
509,2235,33,0
509,2236,34,0
509,2237,35,0
509,2238,36,0
509,2239,37,0
509,2240,38,0
509,2241,39,0
509,2242,40,0
509,2243,41,0
509,2244,42,0
509,2395,43,0
509,2396,44,0
509,2397,45,0
509,2398,46,0
509,2399,47,0
509,2306,48,0
509,2017,49,0
609,2169,1,0
609,2019,2,0
609,2020,3,0
609,2021,4,0
609,2022,5,0
609,2023,6,0
609,2024,7,0
609,2080,8,0
609,2029,9,0
609,2082,10,0
609,2083,11,0
609,2084,12,0
609,2085,13,0
609,2086,14,0
609,2087,15,0
609,2088,16,0
609,2089,17,0
609,2090,18,0
609,2091,19,0
609,2092,20,0
609,2093,21,0
609,2094,22,0
609,2096,23,0
609,2097,24,0
609,2098,25,0
609,2100,26,0
609,2101,27,0
609,2102,28,0
609,2103,29,0
609,2104,30,0
609,2105,31,0
609,2106,32,0
609,2107,33,0
609,2108,34,0
609,2109,35,0
609,2052,36,0
609,2054,37,0
609,2110,38,0
609,2058,39,0
609,2059,40,0
609,2060,41,0
609,2061,42,0
609,2017,43,0
709,2169,1,0
709,2019,2,0
709,2020,3,0
709,2380,4,0
709,2210,5,0
709,2211,6,0
709,2212,7,0
709,2213,8,0
709,2214,9,0
709,2215,10,0
709,2245,11,0
709,2176,12,0
709,2177,13,0
709,2178,14,0
709,2179,15,0
709,2180,16,0
709,2181,17,0
709,2182,18,0
709,2183,19,0
709,2184,20,0
709,2185,21,0
709,2186,22,0
709,2188,23,0
709,2189,24,0
709,2190,25,0
709,2191,26,0
709,2192,27,0
709,2193,28,0
709,2038,29,0
709,2039,30,0
709,2195,31,0
709,2265,32,0
709,2239,33,0
709,2240,34,0
709,2241,35,0
709,2242,36,0
709,2243,37,0
709,2244,38,0
709,2119,39,0
709,2060,40,0
709,2061,41,0
709,2017,42,0
809,2203,1,0
809,2125,2,0
809,2126,3,0
809,2127,4,0
809,2128,5,0
809,2129,6,0
809,2170,7,0
809,2172,8,0
809,2173,9,0
809,2121,10,0
809,2175,11,0
809,2176,12,0
809,2177,13,0
809,2178,14,0
809,2246,15,0
809,2248,16,0
809,2249,17,0
809,2250,18,0
809,2251,19,0
809,2253,20,0
809,2254,21,0
809,2255,22,0
809,2257,23,0
809,2258,24,0
809,2259,25,0
809,2260,26,0
809,2261,27,0
809,2262,28,0
809,2263,29,0
809,2264,30,0
809,2195,31,0
809,2197,32,0
809,2199,33,0
809,2200,34,0
809,2202,35,0
809,2162,36,0
809,2163,37,0
809,2164,38,0
809,2165,39,0
809,2166,40,0
809,2306,41,0
809,2017,42,0
909,2203,1,0
909,2019,2,0
909,2020,3,0
909,2380,4,0
909,2210,5,0
909,2211,6,0
909,2212,7,0
909,2213,8,0
909,2214,9,0
909,2215,10,0
909,2245,11,0
909,2390,12,0
909,2391,13,0
909,2392,14,0
909,2393,15,0
909,2460,16,0
909,2394,17,0
909,2265,18,0
909,2239,19,0
909,2240,20,0
909,2241,21,0
909,2242,22,0
909,2243,23,0
909,2244,24,0
909,2119,25,0
909,2060,26,0
909,2061,27,0
909,2017,28,0
2019,2169,1,0
2019,2019,2,0
2019,2063,3,0
2019,2064,4,0
2019,2065,5,0
2019,2066,6,0
2019,2067,7,0
2019,2068,8,0
2019,2069,9,0
2019,2070,10,0
2019,2071,11,0
2019,2072,12,0
2019,2073,13,0
2019,2074,14,0
2019,2075,15,0
2019,2076,16,0
2019,2077,17,0
2019,2078,18,0
2019,2001,19,0
2019,2002,20,0
2019,2003,21,0
2019,2004,22,0
2019,2005,23,0
2019,2006,24,0
2019,2007,25,0
2019,2008,26,0
2019,2009,27,0
2019,2010,28,0
2019,2011,29,0
2019,2012,30,0
2019,2013,31,0
2019,2014,32,0
2019,2015,33,0
2019,2016,34,0
2019,2017,35,0
2029,2169,1,0
2029,2019,2,0
2029,2020,3,0
2029,2021,4,0
2029,2022,5,0
2029,2023,6,0
2029,2024,7,0
2029,2025,8,0
2029,2026,9,0
2029,2027,10,0
2029,2028,11,0
2029,2029,12,0
2029,2030,13,0
2029,2031,14,0
2029,2032,15,0
2029,2033,16,0
2029,2034,17,0
2029,2035,18,0
2029,2036,19,0
2029,2037,20,0
2029,2038,21,0
2029,2039,22,0
2029,2040,23,0
2029,2041,24,0
2029,2042,25,0
2029,2043,26,0
2029,2044,27,0
2029,2045,28,0
2029,2046,29,0
2029,2047,30,0
2029,2048,31,0
2029,2049,32,0
2029,2050,33,0
2029,2051,34,0
2029,2052,35,0
2029,2054,36,0
2029,2055,37,0
2029,2056,38,0
2029,2057,39,0
2029,2058,40,0
2029,2059,41,0
2029,2060,42,0
2029,2061,43,0
2029,2017,44,0
2109,2203,1,0
2109,2306,2,0
2109,2063,3,0
2109,2064,4,0
2109,2065,5,0
2109,2066,6,0
2109,4001,7,0
2109,4002,8,0
2109,4003,9,0
2109,4004,10,0
2109,4005,11,0
2109,4006,12,0
2109,4007,13,0
2109,4008,14,0
2109,4010,15,0
2109,4009,16,0
2109,4110,17,0
2109,4111,18,0
2109,4011,19,0
2109,4112,20,0
2109,4012,21,0
2109,4113,22,0
2109,4013,23,0
2109,4014,24,0
2109,4015,25,0
2109,4016,26,0
2109,4017,27,0
2109,4018,28,0
2109,4019,29,0
2109,4020,30,0
2109,4021,31,0
2109,4022,32,0
2109,4023,33,0
2109,2013,34,0
2109,2014,35,0
2109,2015,36,0
2109,2016,37,0
2109,2017,38,0
