100,2033,1,0
100,2034,2,0
100,2035,3,0
100,2036,4,0
100,2037,5,0
100,2246,6,0
100,2249,7,0
100,2250,8,0
100,2251,9,0
100,2253,10,0
100,2254,11,0
100,2255,12,0
100,2256,13,0
100,2257,14,0
100,2258,15,0
100,2259,16,0
100,2260,17,0
100,2261,18,0
100,2262,19,0
100,2263,20,0
100,2264,21,0
100,2040,22,0
100,2041,23,0
100,2042,24,0
100,2043,25,0
100,2044,26,0
100,2045,27,0
100,2046,28,0
100,2047,29,0
100,2048,30,0
100,2049,31,0
100,2050,32,0
100,2051,33,0
100,2083,34,0
100,2084,35,0
100,2085,36,0
100,2086,37,0
100,2087,38,0
100,2088,39,0
100,2089,40,0
100,2090,41,0
100,2091,42,0
100,2092,43,0
100,2180,44,0
100,2181,45,0
100,2182,46,0
100,2183,47,0
100,2184,48,0
100,2185,49,0
100,2186,50,0
100,2188,51,0
100,2189,52,0
100,2190,53,0
100,2094,54,0
100,2096,55,0
100,2097,56,0
100,2098,57,0
100,2100,58,0
100,2101,59,0
100,2102,60,0
100,2103,61,0
100,2104,62,0
100,2105,63,0
100,2106,64,0
100,2107,65,0
100,2108,66,0
100,2109,67,0
100,2052,68,0
100,2054,69,0
100,2110,70,0
100,2058,71,0
100,2059,72,0
100,2060,73,0
100,2061,74,0
100,2017,75,0
100,2203,76,0
100,2126,77,0
100,2266,78,0
100,2267,79,0
100,2268,80,0
100,2269,81,0
100,2270,82,0
100,2271,83,0
100,2272,84,0
100,2273,85,0
100,2274,86,0
100,2275,87,0
100,2276,88,0
100,2277,89,0
100,2278,90,0
100,2279,91,0
100,2280,92,0
100,2281,93,0
100,2404,94,0
100,2133,95,0
100,2224,96,0
100,2225,97,0
100,2226,98,0
100,2227,99,0
100,2228,100,0
100,2229,101,0
100,2230,102,0
100,2231,103,0
100,2232,104,0
100,2233,105,0
100,2235,106,0
100,2202,107,0
100,2162,108,0
100,2163,109,0
100,2164,110,0
100,2165,111,0
100,2166,112,0
100,2167,113,0
100,2168,114,0
100,2123,115,0
100,2169,116,1
200,2001,1,0
200,2002,2,0
200,2003,3,0
200,2004,4,0
200,2005,5,0
200,2006,6,0
200,2007,7,0
200,2008,8,0
200,2009,9,0
200,2010,10,0
200,2011,11,0
200,2012,12,0
200,2013,13,0
200,2014,14,0
200,2015,15,0
200,2016,16,0
200,2017,17,0
200,2203,18,0
200,2169,19,0
200,2019,20,0
200,2020,21,0
200,2021,22,0
200,2022,23,0
200,2023,24,0
200,2024,25,0
200,2025,26,0
200,2026,27,0
200,2027,28,0
200,2028,29,0
200,2029,30,0
200,2030,31,0
200,2031,32,0
200,2032,33,0
200,2033,34,0
200,2034,35,0
200,2035,36,0
200,2036,37,0
200,2037,38,0
200,2038,39,0
200,2039,40,0
200,2040,41,0
200,2041,42,0
200,2042,43,0
200,2043,44,0
200,2044,45,0
200,2045,46,0
200,2046,47,0
200,2047,48,0
200,2048,49,0
200,2049,50,0
200,2050,51,0
200,2051,52,0
200,2052,53,0
200,2054,54,0
200,2055,55,0
200,2056,56,0
200,2057,57,0
200,2058,58,0
200,2059,59,0
200,2060,60,0
200,2061,61,0
200,2063,62,0
200,2064,63,0
200,2065,64,0
200,2066,65,0
200,2067,66,0
200,2068,67,0
200,2069,68,0
200,2070,69,0
200,2071,70,0
200,2072,71,0
200,2073,72,0
200,2074,73,0
200,2075,74,0
200,2076,75,0
200,2077,76,0
200,2078,77,1
303,2286,1,0
303,2287,2,0
303,2288,3,0
303,2289,4,0
303,2290,5,0
303,2291,6,0
303,2292,7,0
303,2293,8,0
303,2294,9,0
303,2295,10,0
303,2296,11,0
303,2297,12,0
303,2298,13,0
303,2299,14,0
303,2300,15,0
303,2301,16,0
303,2302,17,0
303,2303,18,0
303,2304,19,0
303,2305,20,0
303,2166,21,0
303,2167,22,0
303,2168,23,0
303,2123,24,1
304,2123,1,0
304,2124,2,0
304,2125,3,0
304,2266,4,0
304,2267,5,0
304,2268,6,0
304,2269,7,0
304,2270,8,0
304,2271,9,0
304,2272,10,0
304,2273,11,0
304,2274,12,0
304,2275,13,0
304,2276,14,0
304,2277,15,0
304,2278,16,0
304,2279,17,0
304,2280,18,0
304,2281,19,0
304,2282,20,0
304,2283,21,0
304,2285,22,0
304,2286,23,1
403,2147,1,0
403,2148,2,0
403,2149,3,0
403,2150,4,0
403,2151,5,0
403,2152,6,0
403,2155,7,0
403,2156,8,0
403,2158,9,0
403,2159,10,0
403,2160,11,0
403,2161,12,0
403,2162,13,0
403,2163,14,0
403,2164,15,0
403,2165,16,0
403,2166,17,0
403,2167,18,0
403,2168,19,0
403,2123,20,0
403,2169,21,1
404,2123,1,0
404,2124,2,0
404,2125,3,0
404,2126,4,0
404,2127,5,0
404,2128,6,0
404,2129,7,0
404,2130,8,0
404,2131,9,0
404,2132,10,0
404,2133,11,0
404,2134,12,0
404,2135,13,0
404,2136,14,0
404,2137,15,0
404,2138,16,0
404,2139,17,0
404,2140,18,0
404,2141,19,0
404,2142,20,0
404,2143,21,0
404,2144,22,0
404,2145,23,0
404,2147,24,1
503,2225,1,0
503,2226,2,0
503,2227,3,0
503,2228,4,0
503,2229,5,0
503,2230,6,0
503,2231,7,0
503,2232,8,0
503,2233,9,0
503,2235,10,0
503,2236,11,0
503,2237,12,0
503,2238,13,0
503,2239,14,0
503,2240,15,0
503,2241,16,0
503,2242,17,0
503,2243,18,0
503,2244,19,0
503,2395,20,0
503,2396,21,0
503,2397,22,0
503,2398,23,0
503,2399,24,0
503,2167,25,0
503,2168,26,0
503,2169,27,1
504,2169,1,0
504,2124,2,0
504,2125,3,0
504,2204,4,0
504,2205,5,0
504,2206,6,0
504,2207,7,0
504,2208,8,0
504,2209,9,0
504,2210,10,0
504,2211,11,0
504,2212,12,0
504,2213,13,0
504,2214,14,0
504,2215,15,0
504,2120,16,0
504,2216,17,0
504,2217,18,0
504,2218,19,0
504,2220,20,0
504,2221,21,0
504,2222,22,0
504,2223,23,0
504,2224,24,0
504,2225,25,1
601,2094,1,0
601,2096,2,0
601,2097,3,0
601,2098,4,0
601,2100,5,0
601,2101,6,0
601,2102,7,0
601,2103,8,0
601,2104,9,0
601,2105,10,0
601,2106,11,0
601,2107,12,0
601,2108,13,0
601,2109,14,0
601,2052,15,0
601,2054,16,0
601,2110,17,0
601,2058,18,0
601,2059,19,0
601,2060,20,0
601,2061,21,0
601,2017,22,0
601,2203,23,1
602,2203,1,0
602,2019,2,0
602,2020,3,0
602,2021,4,0
602,2022,5,0
602,2023,6,0
602,2024,7,0
602,2080,8,0
602,2029,9,0
602,2082,10,0
602,2083,11,0
602,2084,12,0
602,2085,13,0
602,2086,14,0
602,2087,15,0
602,2088,16,0
602,2089,17,0
602,2090,18,0
602,2091,19,0
602,2092,20,0
602,2180,21,0
602,2181,22,0
602,2182,23,0
602,2183,24,0
602,2184,25,0
602,2185,26,0
602,2186,27,0
602,2188,28,0
602,2189,29,0
602,2190,30,0
602,2093,31,0
602,2094,32,1
701,2191,1,0
701,2192,2,0
701,2193,3,0
701,2038,4,0
701,2039,5,0
701,2195,6,0
701,2265,7,0
701,2239,8,0
701,2240,9,0
701,2241,10,0
701,2242,11,0
701,2243,12,0
701,2244,13,0
701,2119,14,0
701,2060,15,0
701,2061,16,0
701,2017,17,0
701,2203,18,1
702,2203,1,0
702,2019,2,0
702,2020,3,0
702,2021,4,0
702,2380,5,0
702,2210,6,0
702,2211,7,0
702,2212,8,0
702,2213,9,0
702,2214,10,0
702,2215,11,0
702,2245,12,0
702,2176,13,0
702,2177,14,0
702,2178,15,0
702,2179,16,0
702,2180,17,0
702,2181,18,0
702,2182,19,0
702,2183,20,0
702,2184,21,0
702,2185,22,0
702,2186,23,0
702,2188,24,0
702,2189,25,0
702,2190,26,0
702,2191,27,1
801,2254,1,0
801,2177,2,0
801,2255,3,0
801,2256,4,0
801,2257,5,0
801,2258,6,0
801,2259,7,0
801,2260,8,0
801,2261,9,0
801,2262,10,0
801,2263,11,0
801,2264,12,0
801,2195,13,0
801,2197,14,0
801,2199,15,0
801,2200,16,0
801,2202,17,0
801,2162,18,0
801,2163,19,0
801,2164,20,0
801,2165,21,0
801,2166,22,0
801,2167,23,0
801,2168,24,0
801,2169,25,1
802,2169,1,0
802,2124,2,0
802,2125,3,0
802,2126,4,0
802,2127,5,0
802,2128,6,0
802,2129,7,0
802,2170,8,0
802,2172,9,0
802,2173,10,0
802,2121,11,0
802,2175,12,0
802,2176,13,0
802,2178,14,0
802,2246,15,0
802,2248,16,0
802,2249,17,0
802,2250,18,0
802,2251,19,0
802,2253,20,0
802,2254,21,1
903,2392,1,0
903,2393,2,0
903,2394,3,0
903,2265,4,0
903,2239,5,0
903,2240,6,0
903,2241,7,0
903,2242,8,0
903,2243,9,0
903,2244,10,0
903,2119,11,0
903,2060,12,0
903,2061,13,0
903,2017,14,0
903,2169,15,0
903,2123,16,0
903,2203,17,1
904,2169,1,0
904,2019,2,0
904,2020,3,0
904,2021,4,0
904,2380,5,0
904,2210,6,0
904,2211,7,0
904,2212,8,0
904,2213,9,0
904,2214,10,0
904,2215,11,0
904,2245,12,0
904,2390,13,0
904,2391,14,0
904,2392,15,1
1003,2420,1,0
1003,2421,2,0
1003,2422,3,0
1003,2423,4,0
1003,2424,5,0
1003,2425,6,0
1003,2426,7,0
1003,2427,8,0
1003,2428,9,0
1003,2429,10,0
1003,2430,11,0
1003,2431,12,0
1003,2432,13,0
1003,2433,14,0
1003,2434,15,0
1003,2049,16,0
1003,2050,17,0
1003,2051,18,0
1003,2052,19,0
1003,2054,20,0
1003,2110,21,0
1003,2058,22,0
1003,2059,23,0
1003,2060,24,0
1003,2061,25,0
1003,2017,26,0
1003,2169,27,0
1003,2203,28,1
1004,2169,1,0
1004,2203,2,0
1004,2124,3,0
1004,2125,4,0
1004,2126,5,0
1004,2127,6,0
1004,2128,7,0
1004,2129,8,0
1004,2170,9,0
1004,2172,10,0
1004,2173,11,0
1004,2121,12,0
1004,2175,13,0
1004,2407,14,0
1004,2409,15,0
1004,2410,16,0
1004,2411,17,0
1004,2412,18,0
1004,2413,19,0
1004,2414,20,0
1004,2415,21,0
1004,2416,22,0
1004,2417,23,0
1004,2418,24,0
1004,2419,25,0
1004,2420,26,1
3000,2169,1,1
3100,2169,1,1
3200,2123,1,1
1000101,2203,1,0
1000101,2019,2,0
1000101,2020,3,0
1000101,2021,4,0
1000101,2352,5,0
1000101,2353,6,0
1000101,2354,7,0
1000101,2355,8,0
1000101,2356,9,0
1000101,2357,10,0
1000101,2358,11,0
1000101,2359,12,0
1000101,2360,13,0
1000101,2361,14,0
1000101,2362,15,0
1000101,2363,16,0
1000101,2364,17,0
1000101,2365,18,0
1000101,2366,19,0
1000101,2333,20,0
1000101,2324,21,0
1000101,2325,22,0
1000101,2326,23,0
1000101,2327,24,0
1000101,2328,25,0
1000101,2329,26,0
1000101,2330,27,0
1000101,2331,28,0
1000101,2332,29,0
1000101,2321,30,0
1000101,2322,31,0
1000101,2323,32,0
1000101,2367,33,0
1000101,2368,34,0
1000101,2316,35,0
1000101,2317,36,0
1000101,2318,37,0
1000101,2369,38,0
1000101,2370,39,0
1000101,2371,40,0
1000101,2372,41,0
1000101,2373,42,0
1000101,2374,43,0
1000101,2375,44,0
1000101,2376,45,0
1000101,2377,46,0
1000101,2378,47,0
1000101,2379,48,0
1000101,2017,49,0
1000101,2169,50,1
2000101,2351,1,0
2000101,2124,2,0
2000101,2307,3,0
2000101,2308,4,0
2000101,2309,5,0
2000101,2075,6,0
2000101,2076,7,0
2000101,2310,8,0
2000101,2311,9,0
2000101,2312,10,0
2000101,2313,11,0
2000101,2314,12,0
2000101,2315,13,0
2000101,2316,14,1
2000102,2316,1,0
2000102,2317,2,0
2000102,2318,3,0
2000102,2319,4,0
2000102,2320,5,0
2000102,2321,6,0
2000102,2322,7,0
2000102,2323,8,0
2000102,2324,9,0
2000102,2325,10,0
2000102,2326,11,0
2000102,2327,12,0
2000102,2328,13,0
2000102,2329,14,0
2000102,2330,15,0
2000102,2331,16,0
2000102,2332,17,0
2000102,2333,18,0
2000102,2334,19,0
2000102,2335,20,0
2000102,2336,21,0
2000102,2337,22,0
2000102,2338,23,0
2000102,2339,24,0
2000102,2340,25,0
2000102,2341,26,0
2000102,2342,27,0
2000102,2343,28,0
2000102,2344,29,0
2000102,2345,30,0
2000102,2346,31,0
2000102,2347,32,0
2000102,2348,33,0
2000102,2349,34,0
2000102,2350,35,0
2000102,2060,36,0
2000102,2061,37,0
2000102,2017,38,0
2000102,2351,39,0
2000102,2169,40,1
3000103,2203,1,0
3000103,2019,2,0
3000103,2020,3,0
3000103,2021,4,0
3000103,2352,5,0
3000103,2353,6,0
3000103,2354,7,0
3000103,2355,8,0
3000103,2356,9,0
3000103,2357,10,0
3000103,2358,11,0
3000103,2366,12,0
3000103,2333,13,0
3000103,2324,14,0
3000103,2325,15,0
3000103,2326,16,1
3000104,2326,1,0
3000104,2327,2,0
3000104,2328,3,0
3000104,2329,4,0
3000104,2330,5,0
3000104,2331,6,0
3000104,2332,7,0
3000104,2333,8,0
3000104,2334,9,0
3000104,2335,10,0
3000104,2344,11,0
3000104,2345,12,0
3000104,2346,13,0
3000104,2347,14,0
3000104,2348,15,0
3000104,2349,16,0
3000104,2350,17,0
3000104,2060,18,0
3000104,2061,19,0
3000104,2017,20,0
3000104,2169,21,1
