100,2045,1,0
100,2046,2,0
100,2047,3,0
100,2048,4,0
100,2033,5,0
100,2034,6,0
100,2035,7,0
100,2036,8,0
100,2037,9,0
100,2246,10,0
100,2249,11,0
100,2250,12,0
100,2251,13,0
100,2253,14,0
100,2254,15,0
100,2255,16,0
100,2256,17,0
100,2257,18,0
100,2258,19,0
100,2259,20,0
100,2260,21,0
100,2261,22,0
100,2262,23,0
100,2263,24,0
100,2264,25,0
100,2040,26,0
100,2041,27,0
100,2042,28,0
100,2043,29,0
100,2044,30,0
100,2049,31,0
100,2050,32,0
100,2051,33,0
100,2083,34,0
100,2084,35,0
100,2085,36,0
100,2086,37,0
100,2087,38,0
100,2088,39,0
100,2089,40,0
100,2090,41,0
100,2091,42,0
100,2092,43,0
100,2180,44,0
100,2181,45,0
100,2182,46,0
100,2183,47,0
100,2184,48,0
100,2185,49,0
100,2186,50,0
100,2188,51,0
100,2189,52,0
100,2190,53,0
100,2094,54,0
100,2096,55,0
100,2097,56,0
100,2098,57,0
100,2100,58,0
100,2101,59,0
100,2102,60,0
100,2103,61,0
100,2104,62,0
100,2105,63,0
100,2106,64,0
100,2107,65,0
100,2108,66,0
100,2109,67,0
100,2052,68,0
100,2054,69,0
100,2055,70,0
100,2056,71,0
100,2057,72,0
100,2110,73,0
100,2058,74,0
100,2059,75,0
100,2060,76,0
100,2061,77,0
100,2017,78,0
100,2203,79,0
100,2169,80,0
100,2019,81,0
100,2063,82,0
100,2064,83,0
100,2065,84,0
100,2066,85,0
100,2067,86,0
100,2068,87,0
100,2069,88,0
100,2070,89,0
100,2071,90,0
100,2072,91,0
100,2073,92,0
100,2074,93,0
100,3001,94,0
100,3002,95,0
100,3003,96,0
100,3004,97,0
100,3005,98,0
100,3006,99,0
100,3007,100,0
100,3008,101,0
100,2026,102,0
100,2027,103,0
100,2028,104,0
100,2030,105,0
100,2031,106,0
100,2032,107,0
100,2038,113,0
100,2039,114,0
100,2126,120,0
100,2266,121,0
100,2267,122,0
100,2268,123,0
100,2269,124,0
100,2270,125,0
100,2271,126,0
100,2272,127,0
100,2273,128,0
100,2274,129,0
100,2275,130,0
100,2276,131,0
100,2277,132,0
100,2278,133,0
100,2279,134,0
100,2280,135,0
100,2281,136,0
100,2404,137,0
100,2133,138,0
100,2224,139,0
100,2225,140,0
100,2226,141,0
100,2227,142,0
100,2228,143,0
100,2229,144,0
100,2230,145,0
100,2231,146,0
100,2232,147,0
100,2233,148,0
100,2235,149,0
100,2202,150,0
100,2162,151,0
100,2163,152,0
100,2164,153,0
100,2165,154,0
100,2166,155,0
100,2167,156,0
100,2168,157,0
100,2123,158,1
200,2001,1,0
200,2002,2,0
200,2003,3,0
200,2004,4,0
200,2005,5,0
200,2006,6,0
200,2007,7,0
200,2008,8,0
200,2009,9,0
200,2010,10,0
200,2011,11,0
200,2012,12,0
200,2013,13,0
200,2014,14,0
200,2015,15,0
200,2016,16,0
200,2017,17,0
200,2169,18,0
200,2019,19,0
200,2020,20,0
200,2021,21,0
200,2022,22,0
200,2023,23,0
200,2024,24,0
200,2025,25,0
200,2026,26,0
200,2027,27,0
200,2028,28,0
200,2029,29,0
200,2030,30,0
200,2031,31,0
200,2032,32,0
200,2033,33,0
200,2034,34,0
200,2035,35,0
200,2036,36,0
200,2037,37,0
200,2038,38,0
200,2039,39,0
200,2040,40,0
200,2041,41,0
200,2042,42,0
200,2043,43,0
200,2044,44,0
200,2045,45,0
200,2046,46,0
200,2047,47,0
200,2048,48,0
200,2049,49,0
200,2050,50,0
200,2051,51,0
200,2052,52,0
200,2054,53,0
200,2055,54,0
200,2056,55,0
200,2057,56,0
200,2058,57,0
200,2059,58,0
200,2060,59,0
200,2061,60,0
200,2203,61,0
200,2063,62,0
200,2064,63,0
200,2065,64,0
200,2066,65,0
200,2067,66,0
200,2068,67,0
200,2069,68,0
200,2070,69,0
200,2071,70,0
200,2072,71,0
200,2073,72,0
200,2074,73,0
200,3001,74,0
200,2376,75,0
200,2377,76,0
200,2378,77,0
200,2379,78,0
200,2167,79,0
200,2168,80,0
200,2075,81,0
200,2076,82,0
200,2077,83,0
200,2078,84,1
303,2286,1,0
303,2287,2,0
303,2288,3,0
303,2289,4,0
303,2290,5,0
303,2291,6,0
303,2292,7,0
303,2293,8,0
303,2294,9,0
303,2295,10,0
303,2296,11,0
303,2277,12,0
303,2278,13,0
303,2170,14,0
303,2172,15,0
303,2173,16,0
303,2121,17,0
303,2175,18,0
303,2040,19,0
303,2041,20,0
303,2042,21,0
303,2043,22,0
303,2044,23,0
303,2045,24,0
303,2297,25,0
303,2298,26,0
303,2299,27,0
303,2300,28,0
303,2301,29,0
303,2302,30,0
303,2303,31,0
303,2304,32,0
303,2305,33,0
303,2166,34,0
303,2167,35,0
303,2168,36,0
303,2123,37,1
304,2123,1,0
304,2124,2,0
304,2125,3,0
304,2266,4,0
304,2267,5,0
304,2268,6,0
304,2269,7,0
304,2270,8,0
304,2271,9,0
304,2272,10,0
304,2273,11,0
304,2274,12,0
304,2275,13,0
304,2276,14,0
304,2277,15,0
304,2278,16,0
304,2045,17,0
304,2046,18,0
304,2047,19,0
304,2048,20,0
304,2033,21,0
304,2034,22,0
304,2035,23,0
304,2036,24,0
304,2037,25,0
304,2038,26,0
304,2039,27,0
304,2195,28,0
304,2197,29,0
304,2199,30,0
304,2200,31,0
304,2202,32,0
304,2279,33,0
304,2280,34,0
304,2281,35,0
304,2282,36,0
304,2283,37,0
304,2285,38,0
304,2286,39,1
403,2147,1,0
403,2148,2,0
403,2149,3,0
403,2150,4,0
403,2151,5,0
403,2152,6,0
403,3016,7,0
403,2155,8,0
403,2156,9,0
403,2158,10,0
403,2159,11,0
403,2160,12,0
403,2161,13,0
403,2162,14,0
403,2163,15,0
403,2164,16,0
403,2237,17,0
403,2238,18,0
403,3014,19,0
403,2433,20,0
403,2434,21,0
403,2405,22,0
403,2165,23,0
403,2166,24,0
403,2167,25,0
403,2168,26,0
403,2123,27,0
403,2169,28,1
404,2123,1,0
404,2124,2,0
404,2125,3,0
404,2126,4,0
404,2127,5,0
404,2405,6,0
404,2400,7,0
404,2120,8,0
404,2216,9,0
404,2217,10,0
404,2128,11,0
404,2129,12,0
404,2130,13,0
404,2131,14,0
404,2132,15,0
404,2133,16,0
404,2134,17,0
404,2135,18,0
404,2136,19,0
404,2137,20,0
404,2138,21,0
404,2139,22,0
404,2140,23,0
404,2141,24,0
404,2142,25,0
404,2143,26,0
404,2144,27,0
404,2145,28,0
404,2147,29,1
503,2225,1,0
503,2226,2,0
503,2227,3,0
503,2228,4,0
503,2229,5,0
503,2230,6,0
503,2231,7,0
503,2232,8,0
503,2233,9,0
503,2235,10,0
503,2173,11,0
503,2121,12,0
503,2175,13,0
503,2407,14,0
503,3017,15,0
503,2264,16,0
503,2176,17,0
503,2177,18,0
503,2178,19,0
503,2431,20,0
503,2432,21,0
503,2433,22,0
503,2434,23,0
503,2405,24,0
503,2236,25,0
503,2237,26,0
503,2238,27,0
503,2239,28,0
503,2240,29,0
503,2241,30,0
503,2242,31,0
503,2243,32,0
503,2244,33,0
503,2395,34,0
503,2396,35,0
503,2397,36,0
503,2398,37,0
503,2399,38,0
503,2167,39,0
503,2168,40,0
503,2169,41,1
504,2169,1,0
504,2124,2,0
504,2125,3,0
504,2204,4,0
504,2205,5,0
504,2206,6,0
504,2207,7,0
504,2208,8,0
504,2209,9,0
504,2210,10,0
504,2211,11,0
504,2212,12,0
504,2213,13,0
504,2214,14,0
504,2215,15,0
504,2120,16,0
504,2216,17,0
504,2217,18,0
504,2218,19,0
504,2405,20,0
504,2400,21,0
504,2407,22,0
504,3017,23,0
504,2264,24,0
504,2195,25,0
504,2197,26,0
504,2199,27,0
504,2200,28,0
504,2220,29,0
504,2221,30,0
504,2222,31,0
504,2223,32,0
504,2224,33,0
504,3015,34,0
504,3016,35,0
504,2225,36,1
601,2094,1,0
601,2096,2,0
601,2097,3,0
601,2098,4,0
601,2100,5,0
601,2101,6,0
601,2102,7,0
601,2103,8,0
601,2104,9,0
601,2105,10,0
601,2106,11,0
601,2107,12,0
601,2108,13,0
601,2109,14,0
601,2030,15,0
601,2031,16,0
601,2032,17,0
601,2033,18,0
601,2034,19,0
601,2035,20,0
601,2042,21,0
601,2043,22,0
601,2044,23,0
601,2045,24,0
601,2052,25,0
601,2054,26,0
601,2110,27,0
601,2055,28,0
601,2056,29,0
601,2057,30,0
601,2058,31,0
601,2059,32,0
601,2060,33,0
601,2061,34,0
601,2017,35,0
601,2203,36,1
602,2203,1,0
602,2019,2,0
602,2020,3,0
602,2021,4,0
602,2022,5,0
602,2023,6,0
602,2024,7,0
602,2080,8,0
602,2029,9,0
602,2025,10,0
602,2026,11,0
602,2027,12,0
602,2028,13,0
602,2045,14,0
602,2046,15,0
602,2047,16,0
602,2048,17,0
602,2049,18,0
602,2050,19,0
602,2051,20,0
602,2082,21,0
602,2083,22,0
602,2084,23,0
602,2085,24,0
602,2086,25,0
602,2087,26,0
602,2088,27,0
602,2089,28,0
602,2090,29,0
602,2091,30,0
602,2092,31,0
602,2180,32,0
602,2181,33,0
602,2182,34,0
602,2183,35,0
602,2184,36,0
602,2185,37,0
602,2186,38,0
602,2188,39,0
602,2189,40,0
602,2190,41,0
602,2093,42,0
602,2094,43,1
701,2191,1,0
701,2192,2,0
701,2193,3,0
701,2038,4,0
701,2039,5,0
701,2195,6,0
701,2265,7,0
701,2239,8,0
701,2240,9,0
701,2241,10,0
701,2242,11,0
701,2243,12,0
701,2244,13,0
701,2119,14,0
701,2060,15,0
701,2061,16,0
701,2017,17,0
701,2203,18,1
702,2203,1,0
702,2019,2,0
702,2020,3,0
702,2021,4,0
702,2380,5,0
702,2210,6,0
702,2211,7,0
702,2212,8,0
702,2213,9,0
702,2214,10,0
702,2215,11,0
702,2245,12,0
702,2176,13,0
702,2177,14,0
702,2178,15,0
702,2179,16,0
702,2180,17,0
702,2181,18,0
702,2182,19,0
702,2183,20,0
702,2184,21,0
702,2185,22,0
702,2186,23,0
702,2188,24,0
702,2189,25,0
702,2190,26,0
702,2191,27,1
801,2254,1,0
801,2177,2,0
801,2255,3,0
801,2256,4,0
801,2257,5,0
801,2258,6,0
801,2259,7,0
801,2260,8,0
801,2261,9,0
801,2262,10,0
801,2263,11,0
801,2264,12,0
801,2176,13,0
801,2178,14,0
801,2431,15,0
801,2432,16,0
801,2433,17,0
801,2434,18,0
801,2405,19,0
801,2195,20,0
801,2197,21,0
801,2199,22,0
801,2200,23,0
801,2202,24,0
801,2162,25,0
801,2163,26,0
801,2164,27,0
801,2165,28,0
801,2166,29,0
801,2167,30,0
801,2168,31,0
801,2169,32,1
802,2169,1,0
802,2124,2,0
802,2125,3,0
802,2126,4,0
802,2127,5,0
802,2128,6,0
802,2129,7,0
802,2170,8,0
802,2172,9,0
802,2173,10,0
802,2121,11,0
802,2175,12,0
802,2405,13,0
802,2400,14,0
802,2176,15,0
802,2178,16,0
802,2246,17,0
802,2248,18,0
802,2249,19,0
802,2250,20,0
802,2251,21,0
802,2253,22,0
802,2254,23,1
903,2392,1,0
903,3009,2,0
903,3010,3,0
903,3011,4,0
903,3012,5,0
903,2422,6,0
903,2423,7,0
903,2424,8,0
903,2425,9,0
903,2426,10,0
903,2427,11,0
903,2428,12,0
903,2429,13,0
903,2430,14,0
903,2431,15,0
903,2432,16,0
903,3014,17,0
903,2433,18,0
903,2434,19,0
903,2405,20,0
903,2393,21,0
903,2394,22,0
903,2265,23,0
903,2239,24,0
903,2240,25,0
903,2241,26,0
903,2242,27,0
903,2243,28,0
903,2244,29,0
903,2119,30,0
903,2060,31,0
903,2061,32,0
903,2017,33,0
903,2169,34,0
903,2203,35,0
903,2123,36,1
904,2169,1,0
904,2019,2,0
904,2020,3,0
904,2021,4,0
904,2380,5,0
904,2210,6,0
904,2211,7,0
904,2212,8,0
904,2213,9,0
904,2214,10,0
904,2215,11,0
904,2245,12,0
904,2405,13,0
904,2400,14,0
904,2195,15,0
904,3013,16,0
904,2390,17,0
904,2391,18,0
904,2392,19,1
1003,2420,1,0
1003,2421,2,0
1003,2422,3,0
1003,2423,4,0
1003,2424,5,0
1003,2425,6,0
1003,2426,7,0
1003,2427,8,0
1003,2428,9,0
1003,2429,10,0
1003,2430,11,0
1003,2431,12,0
1003,2432,13,0
1003,2433,14,0
1003,2434,15,0
1003,2049,16,0
1003,2050,17,0
1003,2051,18,0
1003,2052,19,0
1003,2054,20,0
1003,2055,21,0
1003,2056,22,0
1003,2057,23,0
1003,2110,24,0
1003,2058,25,0
1003,2059,26,0
1003,2060,27,0
1003,2061,28,0
1003,2017,29,0
1003,2169,30,0
1003,2203,31,1
1004,2203,1,0
1004,2124,2,0
1004,2125,3,0
1004,2126,4,0
1004,2127,5,0
1004,2128,6,0
1004,2129,7,0
1004,2170,8,0
1004,2172,9,0
1004,2173,10,0
1004,2121,11,0
1004,2175,12,0
1004,2407,13,0
1004,2409,14,0
1004,2410,15,0
1004,2411,16,0
1004,2412,17,0
1004,2413,18,0
1004,2414,19,0
1004,2415,20,0
1004,2416,21,0
1004,2417,22,0
1004,2418,23,0
1004,2419,24,0
1004,2420,25,1
3000,2169,1,1
3100,2169,1,1
3200,2123,1,1
1000101,2316,1,0
1000101,2317,2,0
1000101,2318,3,0
1000101,2369,4,0
1000101,2370,5,0
1000101,2371,6,0
1000101,2372,7,0
1000101,2373,8,0
1000101,2374,9,0
1000101,2375,10,0
1000101,2376,11,0
1000101,2377,12,0
1000101,2378,13,0
1000101,2379,14,0
1000101,2017,15,0
1000101,2203,16,0
1000101,2169,17,1
1000102,2203,1,0
1000102,2019,2,0
1000102,2020,3,0
1000102,2021,4,0
1000102,2352,5,0
1000102,2353,6,0
1000102,2354,7,0
1000102,2355,8,0
1000102,2356,9,0
1000102,2357,10,0
1000102,2358,11,0
1000102,2359,12,0
1000102,2360,13,0
1000102,2361,14,0
1000102,2362,15,0
1000102,2363,16,0
1000102,2364,17,0
1000102,2365,18,0
1000102,2366,19,0
1000102,2333,20,0
1000102,2324,21,0
1000102,2325,22,0
1000102,2326,23,0
1000102,2327,24,0
1000102,2328,25,0
1000102,2329,26,0
1000102,2330,27,0
1000102,2331,28,0
1000102,2332,29,0
1000102,2321,30,0
1000102,2322,31,0
1000102,2323,32,0
1000102,2367,33,0
1000102,2368,34,0
1000102,2316,35,1
2000101,2351,1,0
2000101,2124,2,0
2000101,2307,3,0
2000101,2308,4,0
2000101,2309,5,0
2000101,2075,6,0
2000101,2076,7,0
2000101,2310,8,0
2000101,2311,9,0
2000101,2312,10,0
2000101,2313,11,0
2000101,2314,12,0
2000101,2315,13,0
2000101,2316,14,1
2000102,2316,1,0
2000102,2317,2,0
2000102,2318,3,0
2000102,2319,4,0
2000102,2320,5,0
2000102,2321,6,0
2000102,2322,7,0
2000102,2323,8,0
2000102,2324,9,0
2000102,2325,10,0
2000102,2326,11,0
2000102,2327,12,0
2000102,2328,13,0
2000102,2329,14,0
2000102,2330,15,0
2000102,2331,16,0
2000102,2332,17,0
2000102,2333,18,0
2000102,2334,19,0
2000102,2335,20,0
2000102,2336,21,0
2000102,2337,22,0
2000102,2338,23,0
2000102,2339,24,0
2000102,2340,25,0
2000102,2341,26,0
2000102,2342,27,0
2000102,2343,28,0
2000102,2344,29,0
2000102,2345,30,0
2000102,2346,31,0
2000102,2347,32,0
2000102,2348,33,0
2000102,2349,34,0
2000102,2350,35,0
2000102,2060,36,0
2000102,2061,37,0
2000102,2017,38,0
2000102,2351,39,0
2000102,2169,40,1
3000103,2203,1,0
3000103,2019,2,0
3000103,2020,3,0
3000103,2021,4,0
3000103,2352,5,0
3000103,2353,6,0
3000103,2354,7,0
3000103,2355,8,0
3000103,2356,9,0
3000103,2357,10,0
3000103,2358,11,0
3000103,2366,12,0
3000103,2333,13,0
3000103,2324,14,0
3000103,2325,15,0
3000103,2326,16,1
3000104,2326,1,0
3000104,2327,2,0
3000104,2328,3,0
3000104,2329,4,0
3000104,2330,5,0
3000104,2331,6,0
3000104,2332,7,0
3000104,2333,8,0
3000104,2334,9,0
3000104,2335,10,0
3000104,2344,11,0
3000104,2345,12,0
3000104,2346,13,0
3000104,2347,14,0
3000104,2348,15,0
3000104,2349,16,0
3000104,2350,17,0
3000104,2060,18,0
3000104,2061,19,0
3000104,2017,20,0
3000104,2203,21,0
3000104,2169,22,1
9900003,3017,1,0
9900003,2264,2,0
9900003,2176,3,0
9900003,2177,4,0
9900003,2178,5,0
9900003,2431,6,0
9900003,2432,7,0
9900003,3014,8,0
9900003,2433,9,0
9900003,2434,10,0
9900003,2405,11,1
9900004,2405,1,0
9900004,2400,2,0
9900004,2407,3,0
9900004,3017,4,1
