500,'100015',820,,3933,40,,,0,100,,3934,40,,,0,100,,3935,40,,,0,100,,3936,40,,,0,100,,3937,40,,,0,115,,3938,40,,,0,100,,3939,40,,,0,100,,3940,40,,,0,115,,3941,40,,,0,100,,3942,40,,,0,100,,3943,40,,,0
500,'100016',820,,3944,40,,,0,100,,3945,40,,,0,100,,3946,40,,,0,100,,3947,40,,,0,100,,3948,40,,,0,115,,3949,40,,,0,100,,3950,40,,,0,100,,3951,40,,,0,115,,3952,40,,,0,100,,3953,40,,,0,100,,3954,40,,,0
500,'100017',612,,3955,40,,,0,30,,3971,40,,,0,70,,3956,40,,,0,30,,3972,40,,,0,70,,3957,40,,,0,40,,3958,40,,,0,70,,3980,40,,,0,30,,3959,40,,,0,70,,3983,40,,,0,30,,3960,40,,,0,70,,3982,40,,,0,30,,3961,40,,,0,70,,3984,40,,,0,82,,3962,40,,,0,35,,3981,40,,,0,75,,3963,40,,,0,35,,3973,40,,,0,75,,3964,40,,,0,35,,3974,40,,,0,75,,3965,40,,,0,80,,3966,40,,,0,41,,3975,40,,,0,70,,3967,40,,,0,30,,3976,40,,,0,70,,3968,40,,,0,30,,3977,40,,,0,85,,3969,40,,,0,70,,3978,40,,,0,30,,3970,40,,,0,70,,3979,40,,,0,30,,3985,40,,,0,70,,3986,40,,,0
700,'100015',823,,4046,37,,,0,100,,4047,37,,,0,100,,4048,37,,,0,100,,4049,37,,,0,100,,4050,37,,,0,115,,4051,37,,,0,100,,4052,37,,,0,100,,4053,37,,,0,115,,4054,37,,,0,100,,4055,37,,,0,100,,4056,37,,,0
700,'100016',823,,4057,37,,,0,100,,4058,37,,,0,100,,4059,37,,,0,100,,4060,37,,,0,100,,4061,37,,,0,115,,4062,37,,,0,100,,4063,37,,,0,100,,4064,37,,,0,115,,4065,37,,,0,100,,4066,37,,,0,100,,4067,37,,,0
700,'100017',546,,4068,37,,,0,70,,4078,37,,,0,30,,4069,37,,,0,58,,4096,37,,,0,12,,4079,37,,,0,30,,4070,37,,,0,70,,4080,37,,,0,40,,4089,37,,,0,70,,4071,37,,,0,30,,4090,37,,,0,70,,4072,37,,,0,30,,4097,37,,,0,70,,4073,37,,,0,30,,4098,37,,,0,70,,4074,37,,,0,83,,4099,37,,,0,35,,4075,37,,,0,75,,4081,37,,,0,35,,4076,37,,,0,75,,4082,37,,,0,75,,4077,37,,,0,35,,4083,37,,,0,80,,4084,37,,,0,40,,4091,37,,,0,70,,4085,37,,,0,30,,4092,37,,,0,70,,4086,37,,,0,30,,4093,37,,,0,85,,4087,37,,,0,70,,4094,37,,,0,30,,4088,37,,,0,70,,4095,37,,,0,30,,4100,37,,,0,70,,4101,37,,,0
1000900,'100015',758,,4298,30,,,0,80,,4299,30,,,0,80,,4300,30,,,0,40,,4301,30,,,0,80,,4302,30,,,0,81,,4303,30,,,0,40,,4304,30,,,0,85,,4305,30,,,0,80,,4306,30,,,0,81,,4307,30,,,0,40,,4308,30,,,0,80,,4309,30,,,0,80,,4310,30,,,0,40,,4311,30,,,0,85,,4312,30,,,0,80,,4313,30,,,0,40,,4314,30,,,0,80,,4315,30,,,0
1000900,'100016',758,,4316,30,,,0,80,,4317,30,,,0,80,,4318,30,,,0,40,,4319,30,,,0,80,,4320,30,,,0,81,,4321,30,,,0,40,,4322,30,,,0,85,,4323,30,,,0,80,,4324,30,,,0,81,,4325,30,,,0,40,,4326,30,,,0,80,,4327,30,,,0,80,,4328,30,,,0,40,,4329,30,,,0,85,,4330,30,,,0,80,,4331,30,,,0,40,,4332,30,,,0,80,,4333,30,,,0
1000900,'100017',545,,4344,30,,,0,70,,4345,30,,,0,30,,4346,30,,,0,70,,4347,30,,,0,30,,4348,30,,,0,70,,4349,30,,,0,22,,4350,30,,,0,68,,4351,30,,,0,35,,4352,30,,,0,60,,4353,30,,,0,30,,4354,30,,,0,70,,4355,30,,,0,30,,4356,30,,,0,70,,4357,30,,,0,30,,4358,30,,,0,70,,4359,30,,,0,30,,4360,30,,,0,70,,4361,30,,,0,34,,4362,30,,,0,70,,4363,30,,,0,34,,4364,30,,,0,64,,4365,30,,,0,32,,4366,30,,,0,70,,4367,30,,,0,18,,4368,30,,,0,85,,4337,30,,,0,30,,4338,30,,,0,70,,4341,30,,,0,30,,4334,30,,,0,67,,4336,30,,,0,43,,4342,30,,,0,85,,4340,30,,,0,75,,4339,30,,,0,35,,4343,30,,,0,75,,4335,30,,,0
2000900,'100015',820,,4369,28,,,0,80,,4370,28,,,0,40,,4371,28,,,0,80,,4372,28,,,0,80,,4373,28,,,0,40,,4374,28,,,0,80,,4375,28,,,0,80,,4376,28,,,0,45,,4377,28,,,0,80,,4378,28,,,0,81,,4379,28,,,0,40,,4380,28,,,0,85,,4381,28,,,0,80,,4382,28,,,0,40,,4383,28,,,0,80,,4384,28,,,0,80,,4385,28,,,0
2000900,'100016',820,,4386,28,,,0,80,,4387,28,,,0,40,,4388,28,,,0,80,,4389,28,,,0,80,,4390,28,,,0,40,,4391,28,,,0,80,,4392,28,,,0,80,,4393,28,,,0,45,,4394,28,,,0,80,,4395,28,,,0,81,,4396,28,,,0,40,,4397,28,,,0,85,,4398,28,,,0,80,,4399,28,,,0,40,,4400,28,,,0,80,,4401,28,,,0,80,,4402,28,,,0
2000900,'100017',610,,4403,28,,,0,20,,4404,28,,,0,70,,4405,28,,,0,30,,4406,28,,,0,70,,4407,28,,,0,20,,4408,28,,,0,80,,4409,28,,,0,22,,4434,28,,,0,28,,4410,28,,,0,70,,4411,28,,,0,20,,4412,28,,,0,70,,4413,28,,,0,30,,4414,28,,,0,70,,4415,28,,,0,30,,4416,28,,,0,70,,4417,28,,,0,30,,4418,28,,,0,70,,4419,28,,,0,33,,4420,28,,,0,71,,4421,28,,,0,30,,4422,28,,,0,74,,4423,28,,,0,24,,4424,28,,,0,72,,4425,28,,,0,38,,4426,28,,,0,70,,4427,28,,,0,30,,4428,28,,,0,70,,4429,28,,,0,30,,4430,28,,,0,65,,4431,28,,,0,31,,4432,28,,,0,74,,4433,28,,,0,85,,4435,28,,,0,35,,4436,28,,,0,76,,4437,28,,,0
