200,'100014',730,2,3591,25,,,0,70,42,3569,25,,,0,30,2,3570,25,,,0,70,42,3571,25,,,0,30,2,3572,25,,,0,70,42,3573,25,,,0,30,2,3574,25,,,0,70,42,3575,25,,,0,30,2,3576,25,,,0,70,42,3577,25,,,0,28,,3578,25,4,,0,17,,3592,1,0,5 31,0,70,2,3579,25,,,0,30,2,3580,25,,,0,70,2,3581,25,,,0,30,2,3582,25,,,0,70,2,3583,25,,,0,30,2,3584,25,,,0,68,,3594,25,4,,0,17,,3593,1,0,5 31,0,70,42,3586,25,,,0,30,2,3587,25,,,0,70,42,3588,25,,,0,30,2,3589,25,,,0,70,42,3590,25,,,0,30,2,3585,25,,,0
200,'100015',730,2,3616,25,,,0,70,42,3615,25,,,0,30,2,3596,25,,,0,70,42,3595,25,,,0,30,2,3597,25,,,0,70,42,3598,25,,,0,30,2,3599,25,,,0,70,42,3600,25,,,0,30,2,3601,25,,,0,70,42,3602,25,,,0,28,,3619,25,4,,0,17,,3620,1,0,5 31,0,70,2,3603,25,,,0,30,2,3604,25,,,0,70,2,3605,25,,,0,30,2,3606,25,,,0,70,2,3607,25,,,0,30,2,3608,25,,,0,68,,3617,25,4,,0,17,,3618,1,0,5 31,0,70,42,3609,25,,,0,30,2,3610,25,,,0,70,42,3611,25,,,0,30,2,3612,25,,,0,70,42,3613,25,,,0,30,2,3614,25,,,0
200,'100016',552,2,3621,25,,,0,70,2,3630,25,,,0,30,2,3622,25,,,0,70,2,3631,25,,,0,30,2,3623,25,,,0,80,12,3632,25,,,0,70,2,3624,25,,,0,30,2,3633,25,,,0,70,2,3625,25,,,0,30,2,3634,25,,,0,70,2,3626,25,,,0,30,2,3635,25,,,0,70,2,3627,25,,,0,28,,3636,25,4,,0,10,,3654,1,0,5 31,0,75,2,3628,25,,,0,35,2,3637,25,,,0,75,2,3629,25,,,0,75,42,3638,25,,,0,35,2,3646,25,,,0,75,2,3639,25,,,0,35,2,3647,25,,,0,89,11,3640,25,,,0,71,2,3641,25,,,0,30,2,3648,25,,,0,70,2,3642,25,,,0,30,2,3649,25,,,0,85,17,3643,25,,,0,30,2,3650,25,,,0,70,2,3644,25,,,0,30,2,3651,25,,,0,70,2,3645,25,,,0,30,2,3652,25,,,0,70,2,3653,25,,,0
201,'100014',800,42,3655,18,,,0,30,2,3656,18,,,0,70,42,3657,18,,,0,30,2,3658,18,,,0,70,42,3659,18,,,0,30,2,3660,18,,,0,70,42,3661,18,,,0,30,2,3662,18,,,0,70,42,3663,18,,,0,28,,3664,18,4,,0,17,,3677,1,,,0,70,2,3665,18,,,0,30,2,3666,18,,,0,70,2,3667,18,,,0,30,2,3668,18,,,0,70,2,3669,18,,,0,30,2,3670,18,,,0,68,,3679,18,4,,0,17,,3678,1,,,0,70,42,3672,18,,,0,30,2,3673,18,,,0,70,42,3674,18,,,0,30,2,3675,18,,,0,70,42,3676,18,,,0,30,2,3671,18,,,0
201,'100015',800,42,3685,18,,,0,30,2,3689,18,,,0,70,42,3686,18,,,0,30,2,3698,18,,,0,70,42,3688,18,,,0,30,2,3687,18,,,0,70,42,3690,18,,,0,30,2,3691,18,,,0,70,42,3680,18,,,0,28,,3703,18,4,,0,17,,3704,1,,,0,70,2,3693,18,,,0,30,2,3694,18,,,0,70,2,3695,18,,,0,30,2,3696,18,,,0,70,2,3697,18,,,0,30,2,3700,18,,,0,68,,3701,18,4,,0,17,,3702,1,,,0,70,42,3699,18,,,0,30,2,3681,18,,,0,70,42,3684,18,,,0,30,2,3683,18,,,0,70,42,3682,18,,,0,30,2,3692,18,,,0
201,'100016',522,,3735,1,,,0,30,2,3738,18,,,0,70,2,3705,18,,,0,30,2,3713,18,,,0,70,2,3706,18,,,0,30,2,3714,18,,,0,80,12,3707,18,,,0,70,2,3715,18,,,0,30,2,3708,18,,,0,70,2,3716,18,,,0,30,2,3709,18,,,0,70,2,3717,18,,,0,30,2,3710,18,,,0,70,2,3718,18,,,0,28,,3711,18,4,,0,10,,3739,1,,,0,75,6,3736,18,,,0,35,6,3712,18,,,0,75,6,3719,18,,,0,75,46,3726,18,,,0,35,6,3720,18,,,0,75,6,3727,18,,,0,40,11,3721,18,,,0,85,17,3737,18,,,0,70,3,3728,18,,,0,30,3,3722,18,,,0,70,3,3729,18,,,0,30,3,3723,18,,,0,85,18,3730,18,,,0,30,3,3724,18,,,0,70,3,3731,18,,,0,30,3,3725,18,,,0,70,3,3732,18,,,0,30,3,3733,18,,,0,71,2,3734,18,,,0
600,'100014',730,,3987,1,,,0,28,,3987,39,4,,0,72,,3988,1,,,0,28,,3988,39,4,,0,72,,3989,1,,,0,28,,3989,39,4,,0,72,,3990,1,,,0,28,,3990,39,4,,0,72,,3991,1,,,0,28,,3991,39,4,,0,87,,3992,1,,,0,68,,3992,39,4,,0,32,,3993,1,,,0,68,,3993,39,4,,0,32,,3994,1,,,0,68,,3994,39,4,,0,32,,3995,1,,,0,68,,3995,39,4,,0,87,,3996,1,,,0,28,,3996,39,4,,0,72,,3997,1,,,0,28,,3997,39,4,,0,72,,3998,1,,,0,28,,3998,39,4,,0
600,'100015',730,,3999,1,,,0,28,,3999,39,4,,0,72,,4000,1,,,0,28,,4000,39,4,,0,72,,4001,1,,,0,28,,4001,39,4,,0,72,,4002,1,,,0,28,,4002,39,4,,0,72,,4003,1,,,0,28,,4003,39,4,,0,87,,4004,1,,,0,68,,4004,39,4,,0,32,,4005,1,,,0,68,,4005,39,4,,0,32,,4006,1,,,0,68,,4006,39,4,,0,32,,4007,1,,,0,68,,4007,39,4,,0,87,,4008,1,,,0,28,,4008,39,4,,0,72,,4009,1,,,0,28,,4009,39,4,,0,72,,4010,1,,,0,28,,4010,39,4,,0
600,'100016',522,,4021,1,,,0,28,,4021,39,4,,0,2,,4011,1,,,0,58,,4039,1,,,0,10,,4011,39,4,,0,2,,4022,1,,,0,16,,4039,39,4,,0,12,,4022,39,4,,0,2,,4012,1,,,0,58,,4040,1,,,0,10,,4012,39,4,,0,2,,4023,1,,,0,16,,4040,39,4,,0,12,,4023,39,4,,0,2,,4013,1,,,0,68,,4013,39,4,,0,12,,4014,1,,,0,27,,4014,39,4,,0,43,,4031,1,,,0,27,,4031,39,4,,0,3,,4015,1,,,0,27,,4015,39,4,,0,43,,4032,1,,,0,27,,4032,39,4,,0,3,,4016,1,,,0,27,,4016,39,4,,0,43,,4041,1,,,0,27,,4041,39,4,,0,3,,4017,1,,,0,27,,4017,39,4,,0,43,,4042,1,,,0,27,,4042,39,4,,0,11,,4018,1,,,0,73,,4018,39,4,,0,2,,4043,1,,,0,33,,4043,39,4,,0,2,,4019,1,,,0,73,,4019,39,4,,0,2,,4024,1,,,0,33,,4024,39,4,,0,42,,4020,1,,,0,33,,4020,39,4,,0,2,,4033,1,,,0,73,,4033,39,4,,0,2,,4025,1,,,0,33,,4025,39,4,,0,7,,4034,1,,,0,73,,4034,39,4,,0,12,,4026,1,,,0,68,,4026,39,4,,0,2,,4035,1,,,0,28,,4035,39,4,,0,2,,4027,1,,,0,68,,4027,39,4,,0,2,,4036,1,,,0,28,,4036,39,4,,0,2,,4028,1,,,0,68,,4028,39,4,,0,17,,4037,1,,,0,28,,4037,39,4,,0,2,,4029,1,,,0,68,,4029,39,4,,0,2,,4038,1,,,0,28,,4038,39,4,,0,2,,4030,1,,,0,68,,4030,39,4,,0,2,,4045,1,,,0,28,,4045,39,4,,0,2,,4044,1,,,0,68,,4044,39,4,,0
700,'100014',800,,4046,1,0,24 3 25,0,28,,4046,44,4,,0,72,,4047,1,0,24 3 25,0,28,,4047,44,4,,0,72,,4048,1,0,24 3 25,0,28,,4048,44,4,,0,72,,4049,1,0,24 3 25,0,28,,4049,44,4,,0,72,,4050,1,0,24 3 25,0,28,,4050,44,4,,0,87,,4051,1,0,24 3 25,0,28,,4051,44,4,,0,72,,4052,1,0,24 3 25,0,28,,4052,44,4,,0,72,,4053,1,0,24 3 25,0,28,,4053,44,4,,0,87,,4054,1,0,24 3 25,0,28,,4054,44,4,,0,72,,4055,1,0,24 3 25,0,28,,4055,44,4,,0,72,,4056,1,0,24 3 25,0,28,,4056,44,4,,0
700,'100015',800,,4057,1,0,24 3 25,0,28,,4057,44,4,,0,72,,4058,1,0,24 3 25,0,28,,4058,44,4,,0,72,,4059,1,0,24 3 25,0,28,,4059,44,4,,0,72,,4060,1,0,24 3 25,0,28,,4060,44,4,,0,72,,4061,1,0,24 3 25,0,28,,4061,44,4,,0,87,,4062,1,0,24 3 25,0,28,,4062,44,4,,0,72,,4063,1,0,24 3 25,0,28,,4063,44,4,,0,72,,4064,1,0,24 3 25,0,28,,4064,44,4,,0,87,,4065,1,0,24 3 25,0,28,,4065,44,4,,0,72,,4066,1,0,24 3 25,0,28,,4066,44,4,,0,72,,4067,1,0,24 3 25,0,28,,4067,44,4,,0
700,'100016',522,,4068,1,0,24 3 25,0,28,,4068,44,4,,0,2,,4078,1,0,24 3 25,0,68,,4078,44,4,,0,2,,4069,1,0,24 3 25,0,18,,4096,1,0,24 3 25,0,10,,4069,44,4,,0,2,,4079,1,0,24 3 25,0,56,,4096,44,4,,0,12,,4079,44,4,,0,2,,4070,1,0,24 3 25,0,28,,4070,44,4,,0,2,,4080,1,0,24 3 25,0,68,,4080,44,4,,0,12,,4089,1,0,24 3 25,0,68,,4089,44,4,,0,2,,4071,1,0,24 3 25,0,28,,4071,44,4,,0,2,,4090,1,0,24 3 25,0,68,,4090,44,4,,0,2,,4072,1,0,24 3 25,0,28,,4072,44,4,,0,2,,4097,1,0,24 3 25,0,68,,4097,44,4,,0,2,,4073,1,0,24 3 25,0,28,,4073,44,4,,0,2,,4098,1,0,24 3 25,0,68,,4098,44,4,,0,2,,4074,1,0,24 3 25,0,28,,4074,44,4,,0,10,,4099,1,0,24 3 25,0,73,,4099,44,4,,0,2,,4075,1,0,24 3 25,0,33,,4075,44,4,,0,2,,4081,1,0,24 3 25,0,73,,4081,44,4,,0,2,,4076,1,0,24 3 25,0,33,,4076,44,4,,0,42,,4082,1,0,24 3 25,0,33,,4082,44,4,,0,2,,4077,1,0,24 3 25,0,73,,4077,44,4,,0,2,,4083,1,0,24 3 25,0,33,,4083,44,4,,0,7,,4084,1,0,24 3 25,0,73,,4084,44,4,,0,12,,4091,1,0,24 3 25,0,68,,4091,44,4,,0,2,,4085,1,0,24 3 25,0,28,,4085,44,4,,0,2,,4092,1,0,24 3 25,0,68,,4092,44,4,,0,2,,4086,1,0,24 3 25,0,28,,4086,44,4,,0,2,,4093,1,0,24 3 25,0,68,,4093,44,4,,0,17,,4087,1,0,24 3 25,0,28,,4087,44,4,,0,2,,4094,1,0,24 3 25,0,68,,4094,44,4,,0,2,,4088,1,0,24 3 25,0,28,,4088,44,4,,0,2,,4095,1,0,24 3 25,0,68,,4095,44,4,,0,2,,4100,1,0,24 3 25,0,28,,4100,44,4,,0,2,,4101,1,0,24 3 25,0,68,,4101,44,4,,0
