500,'100014',805,,3933,10,0,12 3 13,0,100,,3934,10,0,12 3 13,0,100,,3935,10,0,12 3 13,0,100,,3936,10,0,12 3 13,0,100,,3937,10,0,12 3 13,0,115,,3938,10,0,12 3 13,0,100,,3939,10,0,12 3 13,0,100,,3940,10,0,12 3 13,0,115,,3941,10,0,12 3 13,0,100,,3942,10,0,12 3 13,0,100,,3943,10,0,12 3 13,0
500,'100015',805,,3944,10,0,12 3 13,0,100,,3945,10,0,12 3 13,0,100,,3946,10,0,12 3 13,0,100,,3947,10,0,12 3 13,0,100,,3948,10,0,12 3 13,0,115,,3949,10,0,12 3 13,0,100,,3950,10,0,12 3 13,0,100,,3951,10,0,12 3 13,0,115,,3952,10,0,12 3 13,0,100,,3953,10,0,12 3 13,0,100,,3954,10,0,12 3 13,0
500,'100016',557,,3955,10,0,12 3 13,0,70,,3971,10,0,12 3 13,0,30,,3956,10,0,12 3 13,0,70,,3972,10,0,12 3 13,0,30,,3957,10,0,12 3 13,0,80,,3958,10,0,12 3 13,0,70,,3980,10,0,12 3 13,0,30,,3959,10,0,12 3 13,0,70,,3983,10,0,12 3 13,0,30,,3960,10,0,12 3 13,0,70,,3982,10,0,12 3 13,0,30,,3961,10,0,12 3 13,0,70,,3984,10,0,12 3 13,0,40,,3962,10,0,12 3 13,0,75,,3981,10,0,12 3 13,0,35,,3963,10,0,12 3 13,0,75,,3973,10,0,12 3 13,0,75,,3964,10,0,12 3 13,0,35,,3974,10,0,12 3 13,0,75,,3965,10,0,12 3 13,0,40,,3966,10,0,12 3 13,0,83,,3975,10,0,12 3 13,0,70,,3967,10,0,12 3 13,0,30,,3976,10,0,12 3 13,0,70,,3968,10,0,12 3 13,0,30,,3977,10,0,12 3 13,0,85,,3969,10,0,12 3 13,0,30,,3978,10,0,12 3 13,0,70,,3970,10,0,12 3 13,0,30,,3979,10,0,12 3 13,0,70,,3985,10,0,12 3 13,0,30,,3986,10,0,12 3 13,0
700,'100014',804,,4046,6,0,24 3 25,0,100,,4047,6,0,24 3 25,0,100,,4048,6,0,24 3 25,0,100,,4049,6,0,24 3 25,0,100,,4050,6,0,24 3 25,0,115,,4051,6,0,24 3 25,0,100,,4052,6,0,24 3 25,0,100,,4053,6,0,24 3 25,0,115,,4054,6,0,24 3 25,0,100,,4055,6,0,24 3 25,0,100,,4056,6,0,24 3 25,0
700,'100015',804,,4057,6,0,24 3 25,0,100,,4058,6,0,24 3 25,0,100,,4059,6,0,24 3 25,0,100,,4060,6,0,24 3 25,0,100,,4061,6,0,24 3 25,0,115,,4062,6,0,24 3 25,0,100,,4063,6,0,24 3 25,0,100,,4064,6,0,24 3 25,0,115,,4065,6,0,24 3 25,0,100,,4066,6,0,24 3 25,0,100,,4067,6,0,24 3 25,0
700,'100016',526,,4068,6,0,24 3 25,0,30,,4078,6,0,24 3 25,0,70,,4069,6,0,24 3 25,0,18,,4096,6,0,24 3 25,0,12,,4079,6,0,24 3 25,0,70,,4070,6,0,24 3 25,0,30,,4080,6,0,24 3 25,0,80,,4089,6,0,24 3 25,0,70,,4071,6,0,24 3 25,0,30,,4090,6,0,24 3 25,0,70,,4072,6,0,24 3 25,0,30,,4097,6,0,24 3 25,0,70,,4073,6,0,24 3 25,0,30,,4098,6,0,24 3 25,0,70,,4074,6,0,24 3 25,0,39,,4099,6,0,24 3 25,0,75,,4075,6,0,24 3 25,0,35,,4081,6,0,24 3 25,0,75,,4076,6,0,24 3 25,0,75,,4082,6,0,24 3 25,0,35,,4077,6,0,24 3 25,0,75,,4083,6,0,24 3 25,0,40,,4084,6,0,24 3 25,0,84,,4091,6,0,24 3 25,0,70,,4085,6,0,24 3 25,0,30,,4092,6,0,24 3 25,0,70,,4086,6,0,24 3 25,0,30,,4093,6,0,24 3 25,0,85,,4087,6,0,24 3 25,0,30,,4094,6,0,24 3 25,0,70,,4088,6,0,24 3 25,0,30,,4095,6,0,24 3 25,0,70,,4100,6,0,24 3 25,0,30,,4101,6,0,24 3 25,0
1000900,'100014',736,,4298,7,,,0,80,,4299,7,,,0,40,,4300,7,,,0,80,,4301,7,,,0,80,,4302,7,,,0,40,,4303,7,,,0,80,,4304,7,,,0,85,,4305,7,,,0,80,,4306,7,,,0,41,,4307,7,,,0,80,,4308,7,,,0,80,,4309,7,,,0,40,,4310,7,,,0,80,,4311,7,,,0,85,,4312,7,,,0,40,,4313,7,,,0,80,,4314,7,,,0,80,,4315,7,,,0
1000900,'100015',736,,4316,7,,,0,80,,4317,7,,,0,40,,4318,7,,,0,80,,4319,7,,,0,80,,4320,7,,,0,40,,4321,7,,,0,80,,4322,7,,,0,85,,4323,7,,,0,80,,4324,7,,,0,41,,4325,7,,,0,80,,4326,7,,,0,80,,4327,7,,,0,40,,4328,7,,,0,80,,4329,7,,,0,85,,4330,7,,,0,40,,4331,7,,,0,80,,4332,7,,,0,80,,4333,7,,,0
1000900,'100016',523,,4344,7,,,0,30,,4345,7,,,0,70,,4346,7,,,0,30,,4347,7,,,0,70,,4348,7,,,0,30,,4349,7,,,0,62,,4350,7,,,0,28,,4351,7,,,0,75,,4352,7,,,0,20,,4353,7,,,0,70,,4354,7,,,0,30,,4355,7,,,0,70,,4356,7,,,0,30,,4357,7,,,0,70,,4358,7,,,0,30,,4359,7,,,0,70,,4360,7,,,0,30,,4361,7,,,0,71,,4362,7,,,0,30,,4363,7,,,0,70,,4364,7,,,0,28,,4365,7,,,0,72,,4366,7,,,0,30,,4367,7,,,0,18,,4368,7,,,0,85,,4337,7,,,0,70,,4338,7,,,0,30,,4341,7,,,0,70,,4334,7,,,0,29,,4336,7,,,0,84,,4342,7,,,0,85,,4340,7,,,0,35,,4339,7,,,0,75,,4343,7,,,0,35,,4335,7,,,0
2000900,'100014',756,,4369,7,,,0,80,,4370,7,,,0,80,,4371,7,,,0,40,,4372,7,,,0,80,,4373,7,,,0,80,,4374,7,,,0,40,,4375,7,,,0,80,,4376,7,,,0,85,,4377,7,,,0,80,,4378,7,,,0,41,,4379,7,,,0,80,,4380,7,,,0,85,,4381,7,,,0,40,,4382,7,,,0,80,,4383,7,,,0,80,,4384,7,,,0,40,,4385,7,,,0
2000900,'100015',756,,4386,7,,,0,80,,4387,7,,,0,80,,4388,7,,,0,40,,4389,7,,,0,80,,4390,7,,,0,80,,4391,7,,,0,40,,4392,7,,,0,80,,4393,7,,,0,85,,4394,7,,,0,80,,4395,7,,,0,41,,4396,7,,,0,80,,4397,7,,,0,85,,4398,7,,,0,40,,4399,7,,,0,80,,4400,7,,,0,80,,4401,7,,,0,40,,4402,7,,,0
2000900,'100016',547,,4403,7,,,0,60,,4404,7,,,0,30,,4405,7,,,0,70,,4406,7,,,0,30,,4407,7,,,0,20,,4408,7,,,0,80,,4409,7,,,0,22,,4434,7,,,0,68,,4410,7,,,0,30,,4411,7,,,0,60,,4412,7,,,0,30,,4413,7,,,0,70,,4414,7,,,0,30,,4415,7,,,0,70,,4416,7,,,0,30,,4417,7,,,0,70,,4418,7,,,0,30,,4419,7,,,0,71,,4420,7,,,0,31,,4421,7,,,0,70,,4422,7,,,0,34,,4423,7,,,0,64,,4424,7,,,0,32,,4425,7,,,0,78,,4426,7,,,0,30,,4427,7,,,0,70,,4428,7,,,0,30,,4429,7,,,0,70,,4430,7,,,0,25,,4431,7,,,0,73,,4432,7,,,0,34,,4433,7,,,0,85,,4435,7,,,0,75,,4436,7,,,0,36,,4437,7,,,0
