200,'100013',723,,1937,21,0,5 6,0,30,,1936,21,0,5 6,0,70,,1915,21,0,5 6,0,30,,1914,21,0,5 6,0,70,,1916,21,0,5 6,0,30,,1917,21,0,5 6,0,70,,1918,21,0,5 6,0,30,,1919,21,0,5 6,0,70,,1920,21,0,5 6,0,30,,1921,21,0,5 6,0,85,,1922,21,0,5 6,0,70,,1923,21,0,5 6,0,30,,1924,21,0,5 6,0,70,,1925,21,0,5 6,0,30,,1926,21,0,5 6,0,70,,1927,21,0,5 6,0,30,,1928,21,0,5 6,0,85,,1929,21,0,5 6,0,30,,1930,21,0,5 6,0,70,,1931,21,0,5 6,0,30,,1932,21,0,5 6,0,70,,1933,21,0,5 6,0,30,,1934,21,0,5 6,0,70,,1935,21,0,5 6,0,30,,1938,21,0,5 6,0
200,'100014',723,,1962,21,0,5 6,0,30,,1961,21,0,5 6,0,70,,1940,21,0,5 6,0,30,,1939,21,0,5 6,0,70,,1941,21,0,5 6,0,30,,1942,21,0,5 6,0,70,,1943,21,0,5 6,0,30,,1944,21,0,5 6,0,70,,1945,21,0,5 6,0,30,,1946,21,0,5 6,0,85,,1947,21,0,5 6,0,70,,1948,21,0,5 6,0,30,,1949,21,0,5 6,0,70,,1950,21,0,5 6,0,30,,1951,21,0,5 6,0,70,,1952,21,0,5 6,0,30,,1953,21,0,5 6,0,85,,1954,21,0,5 6,0,30,,1955,21,0,5 6,0,70,,1956,21,0,5 6,0,30,,1957,21,0,5 6,0,70,,1958,21,0,5 6,0,30,,1959,21,0,5 6,0,70,,1960,21,0,5 6,0
200,'100015',545,,1963,21,0,5 6,0,70,,1972,21,0,5 6,0,30,,1964,21,0,5 6,0,70,,1973,21,0,5 6,0,30,,1965,21,0,5 6,0,70,,1974,21,0,5 6,0,40,,1966,21,0,5 6,0,70,,1975,21,0,5 6,0,30,,1967,21,0,5 6,0,70,,1976,21,0,5 6,0,30,,1968,21,0,5 6,0,70,,1977,21,0,5 6,0,30,,1969,21,0,5 6,0,70,,1978,21,0,5 6,0,83,,1970,21,0,5 6,0,35,,1979,21,0,5 6,0,75,,1971,21,0,5 6,0,35,,1980,21,0,5 6,0,75,,1988,21,0,5 6,0,75,,1981,21,0,5 6,0,35,,1989,21,0,5 6,0,80,,1982,21,0,5 6,0,40,,1983,21,0,5 6,0,70,,1990,21,0,5 6,0,30,,1984,21,0,5 6,0,70,,1991,21,0,5 6,0,30,,1985,21,0,5 6,0,85,,1992,21,0,5 6,0,70,,1986,21,0,5 6,0,30,,1993,21,0,5 6,0,70,,1987,21,0,5 6,0,30,,1994,21,0,5 6,0,70,,1995,21,0,5 6,0
200,'100016',545,,1996,21,0,5 6,0,70,,2005,21,0,5 6,0,30,,1997,21,0,5 6,0,70,,2006,21,0,5 6,0,30,,1998,21,0,5 6,0,70,,2007,21,0,5 6,0,40,,1999,21,0,5 6,0,70,,2008,21,0,5 6,0,30,,2000,21,0,5 6,0,70,,2009,21,0,5 6,0,30,,2001,21,0,5 6,0,70,,2010,21,0,5 6,0,30,,2002,21,0,5 6,0,70,,2011,21,0,5 6,0,83,,2003,21,0,5 6,0,35,,2012,21,0,5 6,0,75,,2004,21,0,5 6,0,35,,2013,21,0,5 6,0,75,,2021,21,0,5 6,0,75,,2014,21,0,5 6,0,35,,2022,21,0,5 6,0,80,,2015,21,0,5 6,0,40,,2016,21,0,5 6,0,70,,2023,21,0,5 6,0,30,,2017,21,0,5 6,0,70,,2024,21,0,5 6,0,30,,2018,21,0,5 6,0,85,,2025,21,0,5 6,0,70,,2019,21,0,5 6,0,30,,2026,21,0,5 6,0,70,,2020,21,0,5 6,0,30,,2027,21,0,5 6,0,70,,2028,21,0,5 6,0
200,'100017',723,,2052,21,0,5 6,0,30,,2029,21,0,5 6,0,70,,2030,21,0,5 6,0,30,,2031,21,0,5 6,0,70,,2032,21,0,5 6,0,30,,2033,21,0,5 6,0,70,,2034,21,0,5 6,0,30,,2035,21,0,5 6,0,70,,2036,21,0,5 6,0,30,,2037,21,0,5 6,0,85,,2038,21,0,5 6,0,70,,2039,21,0,5 6,0,30,,2040,21,0,5 6,0,70,,2041,21,0,5 6,0,30,,2042,21,0,5 6,0,70,,2043,21,0,5 6,0,30,,2044,21,0,5 6,0,85,,2045,21,0,5 6,0,30,,2047,21,0,5 6,0,70,,2048,21,0,5 6,0,30,,2049,21,0,5 6,0,70,,2050,21,0,5 6,0,30,,2051,21,0,5 6,0,70,,2046,21,0,5 6,0
600,'100013',754,,2645,35,,,0,100,,2646,35,,,0,100,,2647,35,,,0,100,,2648,35,,,0,100,,2649,35,,,0,155,,2650,35,,,0,100,,2651,35,,,0,100,,2652,35,,,0,100,,2653,35,,,0,115,,2654,35,,,0,100,,2655,35,,,0,100,,2656,35,,,0,100,,2657,35,,,0
600,'100014',754,,2658,35,,,0,100,,2659,35,,,0,100,,2660,35,,,0,100,,2661,35,,,0,100,,2662,35,,,0,155,,2663,35,,,0,100,,2664,35,,,0,100,,2665,35,,,0,100,,2666,35,,,0,115,,2667,35,,,0,100,,2668,35,,,0,100,,2669,35,,,0
600,'100015',547,,2680,35,,,0,70,,2670,35,,,0,18,,2698,35,,,0,12,,2681,35,,,0,70,,2671,35,,,0,17,,2699,35,,,0,13,,2682,35,,,0,70,,2672,35,,,0,39,,2673,35,,,0,70,,2690,35,,,0,30,,2674,35,,,0,70,,2691,35,,,0,30,,2675,35,,,0,70,,2700,35,,,0,30,,2676,35,,,0,70,,2701,35,,,0,83,,2677,35,,,0,35,,2702,35,,,0,75,,2678,35,,,0,35,,2683,35,,,0,75,,2679,35,,,0,75,,2692,35,,,0,35,,2684,35,,,0,80,,2693,35,,,0,40,,2685,35,,,0,70,,2694,35,,,0,30,,2686,35,,,0,70,,2695,35,,,0,30,,2687,35,,,0,86,,2696,35,,,0,70,,2688,35,,,0,30,,2697,35,,,0,70,,2689,35,,,0,30,,2704,35,,,0,70,,2703,35,,,0
600,'100016',547,,2715,35,,,0,70,,2705,35,,,0,18,,2733,35,,,0,12,,2716,35,,,0,70,,2706,35,,,0,17,,2734,35,,,0,13,,2717,35,,,0,70,,2707,35,,,0,39,,2708,35,,,0,70,,2725,35,,,0,30,,2709,35,,,0,70,,2726,35,,,0,30,,2710,35,,,0,70,,2735,35,,,0,30,,2711,35,,,0,70,,2736,35,,,0,83,,2712,35,,,0,35,,2737,35,,,0,75,,2713,35,,,0,35,,2718,35,,,0,75,,2714,35,,,0,75,,2727,35,,,0,35,,2719,35,,,0,80,,2728,35,,,0,40,,2720,35,,,0,70,,2729,35,,,0,30,,2721,35,,,0,70,,2730,35,,,0,30,,2722,35,,,0,86,,2731,35,,,0,70,,2723,35,,,0,30,,2732,35,,,0,70,,2724,35,,,0,30,,2739,35,,,0,70,,2738,35,,,0
600,'100017',754,,2740,35,,,0,100,,2741,35,,,0,100,,2742,35,,,0,100,,2743,35,,,0,100,,2744,35,,,0,155,,2745,35,,,0,100,,2746,35,,,0,100,,2747,35,,,0,100,,2748,35,,,0,115,,2749,35,,,0,100,,2750,35,,,0,100,,2751,35,,,0
5301,'100015',1604,,3208,51,,,0
1005300,'100015',808,,3336,30,,,0
1005300,'100016',808,,3337,30,,,0
