100,'100015',851,,3428,25,,,0,100,,3429,25,,,0,100,,3430,25,,,0,100,,3431,25,,,0,100,,3432,25,,,0,100,,3433,25,,,0,100,,3434,25,,,0,100,,3435,25,,,0,100,,3436,25,,,0,100,,3437,25,,,0,100,,3438,25,,,0,100,,3439,25,,,0
100,'100016',821,,3453,25,,,0,30,,3440,25,,,0,70,,3463,25,,,0,30,,3441,25,,,0,70,,3454,25,,,0,30,,3442,25,,,0,70,,3455,25,,,0,30,,3444,25,,,0,70,,3456,25,,,0,30,,3443,25,,,0,70,,3457,25,,,0,30,,3445,25,,,0,70,,3458,25,,,0,30,,3446,25,,,0,70,,3459,25,,,0,30,,3447,25,,,0,70,,3460,25,,,0,30,,3448,25,,,0,70,,3461,25,,,0,30,,3449,25,,,0,70,,3462,25,,,0,30,,3450,25,,,0,70,,3452,25,,,0,30,,3451,25,,,0
100,'100017',613,,3464,25,,,0,30,,3469,25,,,0,70,,3465,25,,,0,30,,3482,25,,,0,70,,3466,25,,,0,30,,3470,25,,,0,80,,3467,25,,,0,28,,3483,25,,,0,70,,3468,25,,,0,30,,3471,25,,,0,70,,3480,25,,,0,30,,3484,25,,,0,70,,3481,25,,,0,31,,3472,25,,,0,70,,3479,25,,,0,30,,3485,25,,,0,70,,3473,25,,,0,80,,3494,25,,,0,20,,3487,25,,,0,78,,3493,25,,,0,30,,3486,25,,,0,70,,3492,25,,,0,30,,3474,25,,,0,28,,3491,25,,,0,70,,3475,25,,,0,30,,3490,25,,,0,70,,3476,25,,,0,30,,3489,25,,,0,80,,3477,25,,,0,70,,3488,25,,,0,30,,3478,25,,,0,70,,3496,25,,,0,27,,3495,25,,,0,69,,3497,25,,,0
200,'100015',726,,3591,23,0,5 6,0,30,,3569,23,0,5 6,0,70,,3570,23,0,5 6,0,30,,3571,23,0,5 6,0,70,,3572,23,0,5 6,0,30,,3573,23,0,5 6,0,70,,3574,23,0,5 6,0,30,,3575,23,0,5 6,0,70,,3576,23,0,5 6,0,30,,3577,23,0,5 6,0,70,,3578,23,0,5 31,0,85,,3579,23,0,5 6,0,30,,3580,23,0,5 6,0,70,,3581,23,0,5 6,0,30,,3582,23,0,5 6,0,70,,3583,23,0,5 6,0,30,,3584,23,0,5 6,0,70,,3594,23,0,5 31,0,45,,3586,23,0,5 6,0,70,,3587,23,0,5 6,0,30,,3588,23,0,5 6,0,70,,3589,23,0,5 6,0,30,,3590,23,0,5 6,0,70,,3585,23,0,5 6,0
200,'100016',726,,3616,23,0,5 6,0,30,,3615,23,0,5 6,0,70,,3596,23,0,5 6,0,30,,3595,23,0,5 6,0,70,,3597,23,0,5 6,0,30,,3598,23,0,5 6,0,70,,3599,23,0,5 6,0,30,,3600,23,0,5 6,0,70,,3601,23,0,5 6,0,30,,3602,23,0,5 6,0,70,,3619,23,0,5 31,0,85,,3603,23,0,5 6,0,30,,3604,23,0,5 6,0,70,,3605,23,0,5 6,0,30,,3606,23,0,5 6,0,70,,3607,23,0,5 6,0,30,,3608,23,0,5 6,0,70,,3617,23,0,5 31,0,45,,3609,23,0,5 6,0,70,,3610,23,0,5 6,0,30,,3611,23,0,5 6,0,70,,3612,23,0,5 6,0,30,,3613,23,0,5 6,0,70,,3614,23,0,5 6,0
200,'100017',548,,3621,23,0,5 6,0,70,,3630,23,0,5 6,0,30,,3622,23,0,5 6,0,70,,3631,23,0,5 6,0,30,,3623,23,0,5 6,0,70,,3632,23,0,5 6,0,40,,3624,23,0,5 6,0,70,,3633,23,0,5 6,0,30,,3625,23,0,5 6,0,70,,3634,23,0,5 6,0,30,,3626,23,0,5 6,0,70,,3635,23,0,5 6,0,30,,3627,23,0,5 6,0,70,,3636,23,0,5 31,0,83,,3628,23,0,5 6,0,35,,3637,23,0,5 6,0,75,,3629,23,0,5 6,0,35,,3638,23,0,5 6,0,75,,3646,23,0,5 6,0,75,,3639,23,0,5 6,0,35,,3647,23,0,5 6,0,80,,3640,23,0,5 6,0,80,,3641,23,0,5 6,0,30,,3648,23,0,5 6,0,70,,3642,23,0,5 6,0,30,,3649,23,0,5 6,0,70,,3643,23,0,5 6,0,45,,3650,23,0,5 6,0,70,,3644,23,0,5 6,0,30,,3651,23,0,5 6,0,70,,3645,23,0,5 6,0,30,,3652,23,0,5 6,0,70,,3653,23,0,5 6,0
600,'100015',756,,3987,37,,,0,100,,3988,37,,,0,100,,3989,37,,,0,100,,3990,37,,,0,100,,3991,37,,,0,155,,3992,37,,,0,100,,3993,37,,,0,100,,3994,37,,,0,100,,3995,37,,,0,115,,3996,37,,,0,100,,3997,37,,,0,100,,3998,37,,,0
600,'100016',756,,3999,37,,,0,100,,4000,37,,,0,100,,4001,37,,,0,100,,4002,37,,,0,100,,4003,37,,,0,155,,4004,37,,,0,100,,4005,37,,,0,100,,4006,37,,,0,100,,4007,37,,,0,115,,4008,37,,,0,100,,4009,37,,,0,100,,4010,37,,,0
600,'100017',548,,4021,37,,,0,70,,4011,37,,,0,18,,4039,37,,,0,12,,4022,37,,,0,70,,4012,37,,,0,18,,4040,37,,,0,12,,4023,37,,,0,70,,4013,37,,,0,39,,4014,37,,,0,70,,4031,37,,,0,30,,4015,37,,,0,70,,4032,37,,,0,30,,4016,37,,,0,70,,4041,37,,,0,30,,4017,37,,,0,70,,4042,37,,,0,84,,4018,37,,,0,35,,4043,37,,,0,75,,4019,37,,,0,35,,4024,37,,,0,75,,4020,37,,,0,75,,4033,37,,,0,35,,4025,37,,,0,80,,4034,37,,,0,80,,4026,37,,,0,30,,4035,37,,,0,70,,4027,37,,,0,30,,4036,37,,,0,70,,4028,37,,,0,45,,4037,37,,,0,70,,4029,37,,,0,30,,4038,37,,,0,70,,4030,37,,,0,30,,4045,37,,,0,70,,4044,37,,,0
700,'100015',826,,4046,42,,,0,100,,4047,42,,,0,100,,4048,42,,,0,100,,4049,42,,,0,100,,4050,42,,,0,115,,4051,42,,,0,100,,4052,42,,,0,100,,4053,42,,,0,115,,4054,42,,,0,100,,4055,42,,,0,100,,4056,42,,,0
700,'100016',826,,4057,42,,,0,100,,4058,42,,,0,100,,4059,42,,,0,100,,4060,42,,,0,100,,4061,42,,,0,115,,4062,42,,,0,100,,4063,42,,,0,100,,4064,42,,,0,115,,4065,42,,,0,100,,4066,42,,,0,100,,4067,42,,,0
700,'100017',548,,4068,42,,,0,70,,4078,42,,,0,30,,4069,42,,,0,58,,4096,42,,,0,12,,4079,42,,,0,30,,4070,42,,,0,70,,4080,42,,,0,40,,4089,42,,,0,70,,4071,42,,,0,30,,4090,42,,,0,70,,4072,42,,,0,30,,4097,42,,,0,70,,4073,42,,,0,30,,4098,42,,,0,70,,4074,42,,,0,83,,4099,42,,,0,35,,4075,42,,,0,75,,4081,42,,,0,35,,4076,42,,,0,75,,4082,42,,,0,75,,4077,42,,,0,35,,4083,42,,,0,80,,4084,42,,,0,80,,4091,42,,,0,30,,4085,42,,,0,70,,4092,42,,,0,30,,4086,42,,,0,70,,4093,42,,,0,46,,4087,42,,,0,70,,4094,42,,,0,30,,4088,42,,,0,70,,4095,42,,,0,30,,4100,42,,,0,70,,4101,42,,,0
1000900,'100015',801,,4298,35,,,0,40,,4299,35,,,0,80,,4300,35,,,0,80,,4301,35,,,0,40,,4302,35,,,0,82,,4303,35,,,0,80,,4304,35,,,0,45,,4305,35,,,0,80,,4306,35,,,0,81,,4307,35,,,0,40,,4308,35,,,0,80,,4309,35,,,0,80,,4310,35,,,0,40,,4311,35,,,0,85,,4312,35,,,0,80,,4313,35,,,0,40,,4314,35,,,0,80,,4315,35,,,0
1000900,'100016',801,,4316,35,,,0,40,,4317,35,,,0,80,,4318,35,,,0,80,,4319,35,,,0,40,,4320,35,,,0,82,,4321,35,,,0,80,,4322,35,,,0,45,,4323,35,,,0,80,,4324,35,,,0,81,,4325,35,,,0,40,,4326,35,,,0,80,,4327,35,,,0,80,,4328,35,,,0,40,,4329,35,,,0,85,,4330,35,,,0,80,,4331,35,,,0,40,,4332,35,,,0,80,,4333,35,,,0
1000900,'100017',548,,4344,35,,,0,70,,4345,35,,,0,30,,4346,35,,,0,70,,4347,35,,,0,30,,4348,35,,,0,70,,4349,35,,,0,22,,4350,35,,,0,68,,4351,35,,,0,35,,4352,35,,,0,60,,4353,35,,,0,30,,4354,35,,,0,70,,4355,35,,,0,30,,4356,35,,,0,70,,4357,35,,,0,30,,4358,35,,,0,70,,4359,35,,,0,30,,4360,35,,,0,70,,4361,35,,,0,34,,4362,35,,,0,70,,4363,35,,,0,34,,4364,35,,,0,64,,4365,35,,,0,32,,4366,35,,,0,70,,4367,35,,,0,18,,4368,35,,,0,85,,4337,35,,,0,30,,4338,35,,,0,70,,4341,35,,,0,30,,4334,35,,,0,67,,4336,35,,,0,43,,4342,35,,,0,85,,4340,35,,,0,75,,4339,35,,,0,35,,4343,35,,,0,75,,4335,35,,,0
2000900,'100015',823,,4369,33,,,0,80,,4370,33,,,0,40,,4371,33,,,0,80,,4372,33,,,0,80,,4373,33,,,0,40,,4374,33,,,0,80,,4375,33,,,0,80,,4376,33,,,0,45,,4377,33,,,0,80,,4378,33,,,0,81,,4379,33,,,0,40,,4380,33,,,0,85,,4381,33,,,0,80,,4382,33,,,0,40,,4383,33,,,0,80,,4384,33,,,0,80,,4385,33,,,0
2000900,'100016',823,,4386,33,,,0,80,,4387,33,,,0,40,,4388,33,,,0,80,,4389,33,,,0,80,,4390,33,,,0,40,,4391,33,,,0,80,,4392,33,,,0,80,,4393,33,,,0,45,,4394,33,,,0,80,,4395,33,,,0,81,,4396,33,,,0,40,,4397,33,,,0,85,,4398,33,,,0,80,,4399,33,,,0,40,,4400,33,,,0,80,,4401,33,,,0,80,,4402,33,,,0
2000900,'100017',613,,4403,33,,,0,20,,4404,33,,,0,70,,4405,33,,,0,30,,4406,33,,,0,70,,4407,33,,,0,20,,4408,33,,,0,80,,4409,33,,,0,22,,4434,33,,,0,28,,4410,33,,,0,70,,4411,33,,,0,20,,4412,33,,,0,70,,4413,33,,,0,30,,4414,33,,,0,70,,4415,33,,,0,30,,4416,33,,,0,70,,4417,33,,,0,30,,4418,33,,,0,70,,4419,33,,,0,33,,4420,33,,,0,71,,4421,33,,,0,30,,4422,33,,,0,74,,4423,33,,,0,24,,4424,33,,,0,72,,4425,33,,,0,38,,4426,33,,,0,70,,4427,33,,,0,30,,4428,33,,,0,70,,4429,33,,,0,30,,4430,33,,,0,65,,4431,33,,,0,31,,4432,33,,,0,74,,4433,33,,,0,85,,4435,33,,,0,35,,4436,33,,,0,76,,4437,33,,,0
