100,'100014',805,,2741,,,0,30,,2728,,,0,70,,2751,,,0,30,,2729,,,0,70,,2742,,,0,30,,2730,,,0,70,,2743,,,0,30,,2732,,,0,70,,2744,,,0,30,,2731,,,0,70,,2745,,,0,30,,2733,,,0,70,,2746,,,0,30,,2734,,,0,70,,2747,,,0,30,,2735,,,0,70,,2748,,,0,30,,2736,,,0,70,,2749,,,0,30,,2737,,,0,70,,2750,,,0,30,,2738,,,0,70,,2740,,,0,30,,2739,,,0,70,,2752,,,0
100,'100015',805,,2766,,,0,30,,2753,,,0,70,,2776,,,0,30,,2754,,,0,70,,2767,,,0,30,,2755,,,0,70,,2768,,,0,30,,2757,,,0,70,,2769,,,0,30,,2756,,,0,70,,2770,,,0,30,,2758,,,0,70,,2771,,,0,30,,2759,,,0,70,,2772,,,0,30,,2760,,,0,70,,2773,,,0,30,,2761,,,0,70,,2774,,,0,30,,2762,,,0,70,,2775,,,0,30,,2763,,,0,70,,2765,,,0,30,,2764,,,0
100,'100016',558,,2777,,,0,70,,2782,,,0,30,,2778,,,0,70,,2795,,,0,30,,2779,,,0,70,,2783,,,0,80,,2780,,,0,28,,2796,,,0,70,,2781,,,0,30,,2784,,,0,70,,2793,,,0,30,,2797,,,0,70,,2794,,,0,31,,2785,,,0,70,,2792,,,0,30,,2798,,,0,70,,2786,,,0,30,,2807,,,0,70,,2800,,,0,38,,2806,,,0,70,,2799,,,0,30,,2805,,,0,70,,2787,,,0,28,,2804,,,0,70,,2788,,,0,30,,2803,,,0,70,,2789,,,0,30,,2802,,,0,80,,2790,,,0,30,,2801,,,0,70,,2791,,,0,30,,2809,,,0,69,,2808,,,0,29,,2810,,,0
100,'100017',558,,2811,,,0,70,,2816,,,0,30,,2812,,,0,70,,2829,,,0,30,,2813,,,0,70,,2817,,,0,80,,2814,,,0,28,,2830,,,0,70,,2815,,,0,30,,2818,,,0,70,,2827,,,0,30,,2831,,,0,70,,2828,,,0,31,,2819,,,0,70,,2826,,,0,30,,2832,,,0,70,,2820,,,0,30,,2841,,,0,70,,2834,,,0,38,,2840,,,0,70,,2833,,,0,30,,2839,,,0,70,,2821,,,0,28,,2838,,,0,70,,2822,,,0,30,,2837,,,0,70,,2823,,,0,30,,2836,,,0,80,,2824,,,0,30,,2835,,,0,70,,2825,,,0,30,,2843,,,0,69,,2842,,,0,29,,2844,,,0
100,'100018',835,,2845,,,0,100,,2846,,,0,100,,2847,,,0,100,,2848,,,0,100,,2849,,,0,100,,2850,,,0,100,,2851,,,0,100,,2852,,,0,100,,2853,,,0,100,,2854,,,0,100,,2855,,,0,100,,2856,,,0
101,'100014',750,,2880,,,0,70,,2857,,,0,30,,2869,,,0,70,,2858,,,0,30,,2870,,,0,70,,2859,,,0,30,,2871,,,0,70,,2860,,,0,30,,2872,,,0,70,,2861,,,0,30,,2873,,,0,70,,2863,,,0,30,,2874,,,0,70,,2862,,,0,30,,2875,,,0,70,,2865,,,0,30,,2876,,,0,70,,2864,,,0,30,,2877,,,0,70,,2866,,,0,30,,2878,,,0,70,,2867,,,0,30,,2879,,,0,70,,2868,,,0,30,,2881,,,0
101,'100015',750,,2905,,,0,70,,2882,,,0,30,,2894,,,0,70,,2883,,,0,30,,2895,,,0,70,,2884,,,0,30,,2896,,,0,70,,2885,,,0,30,,2897,,,0,70,,2886,,,0,30,,2898,,,0,70,,2888,,,0,30,,2899,,,0,70,,2887,,,0,30,,2900,,,0,70,,2890,,,0,30,,2901,,,0,70,,2889,,,0,30,,2902,,,0,70,,2891,,,0,30,,2903,,,0,70,,2892,,,0,30,,2904,,,0,70,,2893,,,0
101,'100016',544,,2907,,,0,70,,2911,,,0,30,,2910,,,0,70,,2912,,,0,30,,2909,,,0,70,,2913,,,0,40,,2906,,,0,67,,2914,,,0,30,,2908,,,0,70,,2915,,,0,30,,2926,,,0,70,,2916,,,0,30,,2927,,,0,71,,2917,,,0,30,,2928,,,0,70,,2918,,,0,30,,2919,,,0,70,,2936,,,0,30,,2920,,,0,78,,2935,,,0,70,,2921,,,0,30,,2934,,,0,70,,2922,,,0,29,,2933,,,0,30,,2923,,,0,70,,2932,,,0,30,,2924,,,0,70,,2931,,,0,80,,2925,,,0,30,,2930,,,0,70,,2929,,,0,30,,2937,,,0,70,,2938,,,0,29,,2940,,,0,70,,2939,,,0
101,'100017',544,,2942,,,0,70,,2946,,,0,30,,2945,,,0,70,,2947,,,0,30,,2944,,,0,70,,2948,,,0,40,,2941,,,0,67,,2949,,,0,30,,2943,,,0,70,,2950,,,0,30,,2961,,,0,70,,2951,,,0,30,,2962,,,0,71,,2952,,,0,30,,2963,,,0,70,,2953,,,0,30,,2954,,,0,70,,2971,,,0,30,,2955,,,0,78,,2970,,,0,70,,2956,,,0,30,,2969,,,0,70,,2957,,,0,29,,2968,,,0,30,,2958,,,0,70,,2967,,,0,30,,2959,,,0,70,,2966,,,0,80,,2960,,,0,30,,2965,,,0,70,,2964,,,0,30,,2972,,,0,70,,2973,,,0,29,,2975,,,0,70,,2974,,,0
101,'100018',820,,2976,,,0,100,,2977,,,0,100,,2978,,,0,100,,2979,,,0,100,,2980,,,0,100,,2981,,,0,100,,2982,,,0,100,,2983,,,0,100,,2984,,,0,100,,2985,,,0,100,,2986,,,0,100,,2987,,,0
