700,'100014',807,,2752,12,0,24 3 25,0,100,,2753,12,0,24 3 25,0,100,,2754,12,0,24 3 25,0,100,,2755,12,0,24 3 25,0,100,,2756,12,0,24 3 25,0,115,,2757,12,0,24 3 25,0,100,,2758,12,0,24 3 25,0,100,,2759,12,0,24 3 25,0,115,,2760,12,0,24 3 25,0,100,,2761,12,0,24 3 25,0,100,,2762,12,0,24 3 25,0,100,,2763,12,0,24 3 25,0
700,'100015',807,,2764,12,0,24 3 25,0,100,,2765,12,0,24 3 25,0,100,,2766,12,0,24 3 25,0,100,,2767,12,0,24 3 25,0,100,,2768,12,0,24 3 25,0,115,,2769,12,0,24 3 25,0,100,,2770,12,0,24 3 25,0,100,,2771,12,0,24 3 25,0,115,,2772,12,0,24 3 25,0,100,,2773,12,0,24 3 25,0,100,,2774,12,0,24 3 25,0
700,'100016',529,,2775,12,0,24 3 25,0,30,,2785,12,0,24 3 25,0,70,,2776,12,0,24 3 25,0,18,,2803,12,0,24 3 25,0,12,,2786,12,0,24 3 25,0,70,,2777,12,0,24 3 25,0,30,,2787,12,0,24 3 25,0,80,,2796,12,0,24 3 25,0,70,,2778,12,0,24 3 25,0,30,,2797,12,0,24 3 25,0,70,,2779,12,0,24 3 25,0,30,,2804,12,0,24 3 25,0,70,,2780,12,0,24 3 25,0,30,,2805,12,0,24 3 25,0,70,,2781,12,0,24 3 25,0,40,,2806,12,0,24 3 25,0,75,,2782,12,0,24 3 25,0,35,,2788,12,0,24 3 25,0,75,,2783,12,0,24 3 25,0,75,,2789,12,0,24 3 25,0,35,,2784,12,0,24 3 25,0,75,,2790,12,0,24 3 25,0,40,,2791,12,0,24 3 25,0,83,,2798,12,0,24 3 25,0,70,,2792,12,0,24 3 25,0,30,,2799,12,0,24 3 25,0,70,,2793,12,0,24 3 25,0,30,,2800,12,0,24 3 25,0,85,,2794,12,0,24 3 25,0,30,,2801,12,0,24 3 25,0,70,,2795,12,0,24 3 25,0,30,,2802,12,0,24 3 25,0,70,,2807,12,0,24 3 25,0,30,,2808,12,0,24 3 25,0
700,'100017',529,,2809,12,0,24 3 25,0,30,,2819,12,0,24 3 25,0,70,,2810,12,0,24 3 25,0,18,,2837,12,0,24 3 25,0,12,,2820,12,0,24 3 25,0,70,,2811,12,0,24 3 25,0,30,,2821,12,0,24 3 25,0,80,,2830,12,0,24 3 25,0,70,,2812,12,0,24 3 25,0,30,,2831,12,0,24 3 25,0,70,,2813,12,0,24 3 25,0,30,,2838,12,0,24 3 25,0,70,,2814,12,0,24 3 25,0,30,,2839,12,0,24 3 25,0,70,,2815,12,0,24 3 25,0,40,,2840,12,0,24 3 25,0,75,,2816,12,0,24 3 25,0,35,,2822,12,0,24 3 25,0,75,,2817,12,0,24 3 25,0,75,,2823,12,0,24 3 25,0,35,,2818,12,0,24 3 25,0,75,,2824,12,0,24 3 25,0,40,,2825,12,0,24 3 25,0,83,,2832,12,0,24 3 25,0,70,,2826,12,0,24 3 25,0,30,,2833,12,0,24 3 25,0,70,,2827,12,0,24 3 25,0,30,,2834,12,0,24 3 25,0,85,,2828,12,0,24 3 25,0,30,,2835,12,0,24 3 25,0,70,,2829,12,0,24 3 25,0,30,,2836,12,0,24 3 25,0,70,,2841,12,0,24 3 25,0,30,,2842,12,0,24 3 25,0
700,'100018',807,,2843,12,0,24 3 25,0,100,,2844,12,0,24 3 25,0,100,,2845,12,0,24 3 25,0,100,,2846,12,0,24 3 25,0,100,,2847,12,0,24 3 25,0,115,,2848,12,0,24 3 25,0,100,,2849,12,0,24 3 25,0,100,,2850,12,0,24 3 25,0,115,,2851,12,0,24 3 25,0,100,,2852,12,0,24 3 25,0,100,,2853,12,0,24 3 25,0
800,'100014',737,,2854,11,0,14 3 15 7 16,0,100,,2855,11,0,14 3 15 7 16,0,100,,2856,11,0,14 3 15 7 16,0,100,,2857,11,0,14 3 15 7 16,0,100,,2858,11,0,14 3 15 7 16,0,115,,2859,11,0,14 3 15 7 16,0,100,,2860,11,0,14 3 15 7 16,0,100,,2861,11,0,14 3 15 7 16,0,100,,2862,11,0,14 3 15 7 16,0,155,,2863,11,0,14 3 15 7 16,0,100,,2864,11,0,14 3 15 7 16,0,100,,2865,11,0,14 3 15 7 16,0,100,,2866,11,0,14 3 15 7 16,0
800,'100015',737,,2867,11,0,14 3 15 7 16,0,100,,2868,11,0,14 3 15 7 16,0,100,,2869,11,0,14 3 15 7 16,0,100,,2870,11,0,14 3 15 7 16,0,100,,2871,11,0,14 3 15 7 16,0,115,,2872,11,0,14 3 15 7 16,0,100,,2873,11,0,14 3 15 7 16,0,100,,2874,11,0,14 3 15 7 16,0,100,,2875,11,0,14 3 15 7 16,0,155,,2876,11,0,14 3 15 7 16,0,100,,2877,11,0,14 3 15 7 16,0,100,,2878,11,0,14 3 15 7 16,0
800,'100016',559,,2894,11,0,14 3 15 7 16,0,70,,2879,11,0,14 3 15 7 16,0,30,,2895,11,0,14 3 15 7 16,0,70,,2880,11,0,14 3 15 7 16,0,30,,2896,11,0,14 3 15 7 16,0,80,,2897,11,0,14 3 15 7 16,0,69,,2881,11,0,14 3 15 7 16,0,30,,2905,11,0,14 3 15 7 16,0,70,,2882,11,0,14 3 15 7 16,0,30,,2906,11,0,14 3 15 7 16,0,70,,2883,11,0,14 3 15 7 16,0,30,,2907,11,0,14 3 15 7 16,0,70,,2884,11,0,14 3 15 7 16,0,40,,2908,11,0,14 3 15 7 16,0,75,,2885,11,0,14 3 15 7 16,0,35,,2898,11,0,14 3 15 7 16,0,75,,2886,11,0,14 3 15 7 16,0,75,,2887,11,0,14 3 15 7 16,0,35,,2899,11,0,14 3 15 7 16,0,75,,2888,11,0,14 3 15 7 16,0,40,,2900,11,0,14 3 15 7 16,0,84,,2889,11,0,14 3 15 7 16,0,70,,2901,11,0,14 3 15 7 16,0,30,,2890,11,0,14 3 15 7 16,0,70,,2902,11,0,14 3 15 7 16,0,30,,2891,11,0,14 3 15 7 16,0,85,,2903,11,0,14 3 15 7 16,0,30,,2892,11,0,14 3 15 7 16,0,70,,2904,11,0,14 3 15 7 16,0,30,,2893,11,0,14 3 15 7 16,0,69,,2910,11,0,14 3 15 7 16,0,28,,2909,11,0,14 3 15 7 16,0
800,'100017',559,,2926,11,0,14 3 15 7 16,0,70,,2911,11,0,14 3 15 7 16,0,30,,2927,11,0,14 3 15 7 16,0,70,,2912,11,0,14 3 15 7 16,0,30,,2928,11,0,14 3 15 7 16,0,80,,2929,11,0,14 3 15 7 16,0,69,,2913,11,0,14 3 15 7 16,0,30,,2937,11,0,14 3 15 7 16,0,70,,2914,11,0,14 3 15 7 16,0,30,,2938,11,0,14 3 15 7 16,0,70,,2915,11,0,14 3 15 7 16,0,30,,2939,11,0,14 3 15 7 16,0,70,,2916,11,0,14 3 15 7 16,0,40,,2940,11,0,14 3 15 7 16,0,75,,2917,11,0,14 3 15 7 16,0,35,,2930,11,0,14 3 15 7 16,0,75,,2918,11,0,14 3 15 7 16,0,75,,2919,11,0,14 3 15 7 16,0,35,,2931,11,0,14 3 15 7 16,0,75,,2920,11,0,14 3 15 7 16,0,40,,2932,11,0,14 3 15 7 16,0,84,,2921,11,0,14 3 15 7 16,0,70,,2933,11,0,14 3 15 7 16,0,30,,2922,11,0,14 3 15 7 16,0,70,,2934,11,0,14 3 15 7 16,0,30,,2923,11,0,14 3 15 7 16,0,85,,2935,11,0,14 3 15 7 16,0,30,,2924,11,0,14 3 15 7 16,0,70,,2936,11,0,14 3 15 7 16,0,30,,2925,11,0,14 3 15 7 16,0,69,,2942,11,0,14 3 15 7 16,0,28,,2941,11,0,14 3 15 7 16,0
800,'100018',737,,2943,11,0,14 3 15 7 16,0,100,,2944,11,0,14 3 15 7 16,0,100,,2945,11,0,14 3 15 7 16,0,100,,2946,11,0,14 3 15 7 16,0,100,,2947,11,0,14 3 15 7 16,0,115,,2948,11,0,14 3 15 7 16,0,100,,2949,11,0,14 3 15 7 16,0,100,,2950,11,0,14 3 15 7 16,0,100,,2951,11,0,14 3 15 7 16,0,155,,2952,11,0,14 3 15 7 16,0,100,,2953,11,0,14 3 15 7 16,0,100,,2954,11,0,14 3 15 7 16,0
