500,'100015',806,,3933,12,0,12 3 13,0,100,,3934,12,0,12 3 13,0,100,,3935,12,0,12 3 13,0,100,,3936,12,0,12 3 13,0,100,,3937,12,0,12 3 13,0,115,,3938,12,0,12 3 13,0,100,,3939,12,0,12 3 13,0,100,,3940,12,0,12 3 13,0,115,,3941,12,0,12 3 13,0,100,,3942,12,0,12 3 13,0,100,,3943,12,0,12 3 13,0
500,'100016',806,,3944,12,0,12 3 13,0,100,,3945,12,0,12 3 13,0,100,,3946,12,0,12 3 13,0,100,,3947,12,0,12 3 13,0,100,,3948,12,0,12 3 13,0,115,,3949,12,0,12 3 13,0,100,,3950,12,0,12 3 13,0,100,,3951,12,0,12 3 13,0,115,,3952,12,0,12 3 13,0,100,,3953,12,0,12 3 13,0,100,,3954,12,0,12 3 13,0
500,'100017',558,,3955,12,0,12 3 13,0,70,,3971,12,0,12 3 13,0,30,,3956,12,0,12 3 13,0,70,,3972,12,0,12 3 13,0,30,,3957,12,0,12 3 13,0,80,,3958,12,0,12 3 13,0,70,,3980,12,0,12 3 13,0,30,,3959,12,0,12 3 13,0,70,,3983,12,0,12 3 13,0,30,,3960,12,0,12 3 13,0,70,,3982,12,0,12 3 13,0,30,,3961,12,0,12 3 13,0,70,,3984,12,0,12 3 13,0,40,,3962,12,0,12 3 13,0,75,,3981,12,0,12 3 13,0,35,,3963,12,0,12 3 13,0,75,,3973,12,0,12 3 13,0,75,,3964,12,0,12 3 13,0,35,,3974,12,0,12 3 13,0,75,,3965,12,0,12 3 13,0,40,,3966,12,0,12 3 13,0,83,,3975,12,0,12 3 13,0,70,,3967,12,0,12 3 13,0,30,,3976,12,0,12 3 13,0,70,,3968,12,0,12 3 13,0,30,,3977,12,0,12 3 13,0,85,,3969,12,0,12 3 13,0,30,,3978,12,0,12 3 13,0,70,,3970,12,0,12 3 13,0,30,,3979,12,0,12 3 13,0,70,,3985,12,0,12 3 13,0,30,,3986,12,0,12 3 13,0
700,'100015',805,,4046,8,0,24 3 25,0,100,,4047,8,0,24 3 25,0,100,,4048,8,0,24 3 25,0,100,,4049,8,0,24 3 25,0,100,,4050,8,0,24 3 25,0,115,,4051,8,0,24 3 25,0,100,,4052,8,0,24 3 25,0,100,,4053,8,0,24 3 25,0,115,,4054,8,0,24 3 25,0,100,,4055,8,0,24 3 25,0,100,,4056,8,0,24 3 25,0
700,'100016',805,,4057,8,0,24 3 25,0,100,,4058,8,0,24 3 25,0,100,,4059,8,0,24 3 25,0,100,,4060,8,0,24 3 25,0,100,,4061,8,0,24 3 25,0,115,,4062,8,0,24 3 25,0,100,,4063,8,0,24 3 25,0,100,,4064,8,0,24 3 25,0,115,,4065,8,0,24 3 25,0,100,,4066,8,0,24 3 25,0,100,,4067,8,0,24 3 25,0
700,'100017',527,,4068,8,0,24 3 25,0,30,,4078,8,0,24 3 25,0,70,,4069,8,0,24 3 25,0,18,,4096,8,0,24 3 25,0,12,,4079,8,0,24 3 25,0,70,,4070,8,0,24 3 25,0,30,,4080,8,0,24 3 25,0,80,,4089,8,0,24 3 25,0,70,,4071,8,0,24 3 25,0,30,,4090,8,0,24 3 25,0,70,,4072,8,0,24 3 25,0,30,,4097,8,0,24 3 25,0,70,,4073,8,0,24 3 25,0,30,,4098,8,0,24 3 25,0,70,,4074,8,0,24 3 25,0,39,,4099,8,0,24 3 25,0,75,,4075,8,0,24 3 25,0,35,,4081,8,0,24 3 25,0,75,,4076,8,0,24 3 25,0,75,,4082,8,0,24 3 25,0,35,,4077,8,0,24 3 25,0,75,,4083,8,0,24 3 25,0,40,,4084,8,0,24 3 25,0,84,,4091,8,0,24 3 25,0,70,,4085,8,0,24 3 25,0,30,,4092,8,0,24 3 25,0,70,,4086,8,0,24 3 25,0,30,,4093,8,0,24 3 25,0,85,,4087,8,0,24 3 25,0,30,,4094,8,0,24 3 25,0,70,,4088,8,0,24 3 25,0,30,,4095,8,0,24 3 25,0,70,,4100,8,0,24 3 25,0,30,,4101,8,0,24 3 25,0
1000900,'100015',737,,4298,9,,,0,80,,4299,9,,,0,40,,4300,9,,,0,80,,4301,9,,,0,80,,4302,9,,,0,40,,4303,9,,,0,80,,4304,9,,,0,85,,4305,9,,,0,80,,4306,9,,,0,41,,4307,9,,,0,80,,4308,9,,,0,80,,4309,9,,,0,40,,4310,9,,,0,80,,4311,9,,,0,85,,4312,9,,,0,40,,4313,9,,,0,80,,4314,9,,,0,80,,4315,9,,,0
1000900,'100016',737,,4316,9,,,0,80,,4317,9,,,0,40,,4318,9,,,0,80,,4319,9,,,0,80,,4320,9,,,0,40,,4321,9,,,0,80,,4322,9,,,0,85,,4323,9,,,0,80,,4324,9,,,0,41,,4325,9,,,0,80,,4326,9,,,0,80,,4327,9,,,0,40,,4328,9,,,0,80,,4329,9,,,0,85,,4330,9,,,0,40,,4331,9,,,0,80,,4332,9,,,0,80,,4333,9,,,0
1000900,'100017',524,,4344,9,,,0,30,,4345,9,,,0,70,,4346,9,,,0,30,,4347,9,,,0,70,,4348,9,,,0,30,,4349,9,,,0,62,,4350,9,,,0,28,,4351,9,,,0,74,,4352,9,,,0,20,,4353,9,,,0,70,,4354,9,,,0,30,,4355,9,,,0,70,,4356,9,,,0,30,,4357,9,,,0,70,,4358,9,,,0,30,,4359,9,,,0,70,,4360,9,,,0,30,,4361,9,,,0,72,,4362,9,,,0,30,,4363,9,,,0,70,,4364,9,,,0,28,,4365,9,,,0,72,,4366,9,,,0,30,,4367,9,,,0,18,,4368,9,,,0,85,,4337,9,,,0,70,,4338,9,,,0,30,,4341,9,,,0,70,,4334,9,,,0,29,,4336,9,,,0,84,,4342,9,,,0,85,,4340,9,,,0,35,,4339,9,,,0,75,,4343,9,,,0,35,,4335,9,,,0
2000900,'100015',757,,4369,9,,,0,80,,4370,9,,,0,80,,4371,9,,,0,40,,4372,9,,,0,80,,4373,9,,,0,80,,4374,9,,,0,40,,4375,9,,,0,80,,4376,9,,,0,85,,4377,9,,,0,80,,4378,9,,,0,41,,4379,9,,,0,80,,4380,9,,,0,85,,4381,9,,,0,40,,4382,9,,,0,80,,4383,9,,,0,80,,4384,9,,,0,40,,4385,9,,,0
2000900,'100016',757,,4386,9,,,0,80,,4387,9,,,0,80,,4388,9,,,0,40,,4389,9,,,0,80,,4390,9,,,0,80,,4391,9,,,0,40,,4392,9,,,0,80,,4393,9,,,0,85,,4394,9,,,0,80,,4395,9,,,0,41,,4396,9,,,0,80,,4397,9,,,0,85,,4398,9,,,0,40,,4399,9,,,0,80,,4400,9,,,0,80,,4401,9,,,0,40,,4402,9,,,0
2000900,'100017',548,,4403,9,,,0,60,,4404,9,,,0,30,,4405,9,,,0,70,,4406,9,,,0,30,,4407,9,,,0,20,,4408,9,,,0,80,,4409,9,,,0,62,,4434,9,,,0,28,,4410,9,,,0,29,,4411,9,,,0,60,,4412,9,,,0,30,,4413,9,,,0,70,,4414,9,,,0,30,,4415,9,,,0,70,,4416,9,,,0,30,,4417,9,,,0,70,,4418,9,,,0,30,,4419,9,,,0,72,,4420,9,,,0,31,,4421,9,,,0,70,,4422,9,,,0,34,,4423,9,,,0,64,,4424,9,,,0,32,,4425,9,,,0,78,,4426,9,,,0,30,,4427,9,,,0,70,,4428,9,,,0,30,,4429,9,,,0,70,,4430,9,,,0,25,,4431,9,,,0,73,,4432,9,,,0,74,,4433,9,,,0,45,,4435,9,,,0,75,,4436,9,,,0,36,,4437,9,,,0
