700,'100011',808,,2752,13,0,24 3 25,0,100,,2753,13,0,24 3 25,0,100,,2754,13,0,24 3 25,0,100,,2755,13,0,24 3 25,0,100,,2756,13,0,24 3 25,0,115,,2757,13,0,24 3 25,0,100,,2758,13,0,24 3 25,0,100,,2759,13,0,24 3 25,0,115,,2760,13,0,24 3 25,0,100,,2761,13,0,24 3 25,0,100,,2762,13,0,24 3 25,0,100,,2763,13,0,24 3 25,0
700,'100012',808,,2764,13,0,24 3 25,0,100,,2765,13,0,24 3 25,0,100,,2766,13,0,24 3 25,0,100,,2767,13,0,24 3 25,0,100,,2768,13,0,24 3 25,0,115,,2769,13,0,24 3 25,0,100,,2770,13,0,24 3 25,0,100,,2771,13,0,24 3 25,0,115,,2772,13,0,24 3 25,0,100,,2773,13,0,24 3 25,0,100,,2774,13,0,24 3 25,0
700,'100013',530,,2775,13,0,24 3 25,0,70,,2785,13,0,24 3 25,0,30,,2776,13,0,24 3 25,0,18,,2803,13,0,24 3 25,0,52,,2786,13,0,24 3 25,0,30,,2777,13,0,24 3 25,0,70,,2787,13,0,24 3 25,0,40,,2796,13,0,24 3 25,0,70,,2778,13,0,24 3 25,0,30,,2797,13,0,24 3 25,0,70,,2779,13,0,24 3 25,0,30,,2804,13,0,24 3 25,0,70,,2780,13,0,24 3 25,0,30,,2805,13,0,24 3 25,0,70,,2781,13,0,24 3 25,0,40,,2806,13,0,24 3 25,0,75,,2782,13,0,24 3 25,0,75,,2788,13,0,24 3 25,0,35,,2783,13,0,24 3 25,0,75,,2789,13,0,24 3 25,0,35,,2784,13,0,24 3 25,0,75,,2790,13,0,24 3 25,0,80,,2791,13,0,24 3 25,0,43,,2798,13,0,24 3 25,0,70,,2792,13,0,24 3 25,0,30,,2799,13,0,24 3 25,0,70,,2793,13,0,24 3 25,0,30,,2800,13,0,24 3 25,0,85,,2794,13,0,24 3 25,0,30,,2801,13,0,24 3 25,0,70,,2795,13,0,24 3 25,0,30,,2802,13,0,24 3 25,0,70,,2807,13,0,24 3 25,0,30,,2808,13,0,24 3 25,0
700,'100014',530,,2809,13,0,24 3 25,0,70,,2819,13,0,24 3 25,0,30,,2810,13,0,24 3 25,0,18,,2837,13,0,24 3 25,0,52,,2820,13,0,24 3 25,0,30,,2811,13,0,24 3 25,0,70,,2821,13,0,24 3 25,0,40,,2830,13,0,24 3 25,0,70,,2812,13,0,24 3 25,0,30,,2831,13,0,24 3 25,0,70,,2813,13,0,24 3 25,0,30,,2838,13,0,24 3 25,0,70,,2814,13,0,24 3 25,0,30,,2839,13,0,24 3 25,0,70,,2815,13,0,24 3 25,0,40,,2840,13,0,24 3 25,0,75,,2816,13,0,24 3 25,0,75,,2822,13,0,24 3 25,0,35,,2817,13,0,24 3 25,0,75,,2823,13,0,24 3 25,0,35,,2818,13,0,24 3 25,0,75,,2824,13,0,24 3 25,0,80,,2825,13,0,24 3 25,0,43,,2832,13,0,24 3 25,0,70,,2826,13,0,24 3 25,0,30,,2833,13,0,24 3 25,0,70,,2827,13,0,24 3 25,0,30,,2834,13,0,24 3 25,0,85,,2828,13,0,24 3 25,0,30,,2835,13,0,24 3 25,0,70,,2829,13,0,24 3 25,0,30,,2836,13,0,24 3 25,0,70,,2841,13,0,24 3 25,0,30,,2842,13,0,24 3 25,0
700,'100015',808,,2843,13,0,24 3 25,0,100,,2844,13,0,24 3 25,0,100,,2845,13,0,24 3 25,0,100,,2846,13,0,24 3 25,0,100,,2847,13,0,24 3 25,0,115,,2848,13,0,24 3 25,0,100,,2849,13,0,24 3 25,0,100,,2850,13,0,24 3 25,0,115,,2851,13,0,24 3 25,0,100,,2852,13,0,24 3 25,0,100,,2853,13,0,24 3 25,0
800,'100011',738,,2854,12,0,14 3 15 7 16,0,100,,2855,12,0,14 3 15 7 16,0,100,,2856,12,0,14 3 15 7 16,0,100,,2857,12,0,14 3 15 7 16,0,100,,2858,12,0,14 3 15 7 16,0,115,,2859,12,0,14 3 15 7 16,0,100,,2860,12,0,14 3 15 7 16,0,100,,2861,12,0,14 3 15 7 16,0,100,,2862,12,0,14 3 15 7 16,0,155,,2863,12,0,14 3 15 7 16,0,100,,2864,12,0,14 3 15 7 16,0,100,,2865,12,0,14 3 15 7 16,0,100,,2866,12,0,14 3 15 7 16,0
800,'100012',738,,2867,12,0,14 3 15 7 16,0,100,,2868,12,0,14 3 15 7 16,0,100,,2869,12,0,14 3 15 7 16,0,100,,2870,12,0,14 3 15 7 16,0,100,,2871,12,0,14 3 15 7 16,0,115,,2872,12,0,14 3 15 7 16,0,100,,2873,12,0,14 3 15 7 16,0,100,,2874,12,0,14 3 15 7 16,0,100,,2875,12,0,14 3 15 7 16,0,155,,2876,12,0,14 3 15 7 16,0,100,,2877,12,0,14 3 15 7 16,0,100,,2878,12,0,14 3 15 7 16,0
800,'100013',600,,2894,12,0,14 3 15 7 16,0,30,,2879,12,0,14 3 15 7 16,0,70,,2895,12,0,14 3 15 7 16,0,30,,2880,12,0,14 3 15 7 16,0,70,,2896,12,0,14 3 15 7 16,0,40,,2897,12,0,14 3 15 7 16,0,69,,2881,12,0,14 3 15 7 16,0,30,,2905,12,0,14 3 15 7 16,0,70,,2882,12,0,14 3 15 7 16,0,30,,2906,12,0,14 3 15 7 16,0,70,,2883,12,0,14 3 15 7 16,0,30,,2907,12,0,14 3 15 7 16,0,70,,2884,12,0,14 3 15 7 16,0,40,,2908,12,0,14 3 15 7 16,0,75,,2885,12,0,14 3 15 7 16,0,35,,2898,12,0,14 3 15 7 16,0,75,,2886,12,0,14 3 15 7 16,0,75,,2887,12,0,14 3 15 7 16,0,35,,2899,12,0,14 3 15 7 16,0,75,,2888,12,0,14 3 15 7 16,0,40,,2900,12,0,14 3 15 7 16,0,84,,2889,12,0,14 3 15 7 16,0,70,,2901,12,0,14 3 15 7 16,0,30,,2890,12,0,14 3 15 7 16,0,70,,2902,12,0,14 3 15 7 16,0,30,,2891,12,0,14 3 15 7 16,0,85,,2903,12,0,14 3 15 7 16,0,30,,2892,12,0,14 3 15 7 16,0,70,,2904,12,0,14 3 15 7 16,0,30,,2893,12,0,14 3 15 7 16,0,69,,2910,12,0,14 3 15 7 16,0,28,,2909,12,0,14 3 15 7 16,0
800,'100014',600,,2926,12,0,14 3 15 7 16,0,30,,2911,12,0,14 3 15 7 16,0,70,,2927,12,0,14 3 15 7 16,0,30,,2912,12,0,14 3 15 7 16,0,70,,2928,12,0,14 3 15 7 16,0,40,,2929,12,0,14 3 15 7 16,0,69,,2913,12,0,14 3 15 7 16,0,30,,2937,12,0,14 3 15 7 16,0,70,,2914,12,0,14 3 15 7 16,0,30,,2938,12,0,14 3 15 7 16,0,70,,2915,12,0,14 3 15 7 16,0,30,,2939,12,0,14 3 15 7 16,0,70,,2916,12,0,14 3 15 7 16,0,40,,2940,12,0,14 3 15 7 16,0,75,,2917,12,0,14 3 15 7 16,0,35,,2930,12,0,14 3 15 7 16,0,75,,2918,12,0,14 3 15 7 16,0,75,,2919,12,0,14 3 15 7 16,0,35,,2931,12,0,14 3 15 7 16,0,75,,2920,12,0,14 3 15 7 16,0,40,,2932,12,0,14 3 15 7 16,0,84,,2921,12,0,14 3 15 7 16,0,70,,2933,12,0,14 3 15 7 16,0,30,,2922,12,0,14 3 15 7 16,0,70,,2934,12,0,14 3 15 7 16,0,30,,2923,12,0,14 3 15 7 16,0,85,,2935,12,0,14 3 15 7 16,0,30,,2924,12,0,14 3 15 7 16,0,70,,2936,12,0,14 3 15 7 16,0,30,,2925,12,0,14 3 15 7 16,0,69,,2942,12,0,14 3 15 7 16,0,28,,2941,12,0,14 3 15 7 16,0
800,'100015',738,,2943,12,0,14 3 15 7 16,0,100,,2944,12,0,14 3 15 7 16,0,100,,2945,12,0,14 3 15 7 16,0,100,,2946,12,0,14 3 15 7 16,0,100,,2947,12,0,14 3 15 7 16,0,115,,2948,12,0,14 3 15 7 16,0,100,,2949,12,0,14 3 15 7 16,0,100,,2950,12,0,14 3 15 7 16,0,100,,2951,12,0,14 3 15 7 16,0,155,,2952,12,0,14 3 15 7 16,0,100,,2953,12,0,14 3 15 7 16,0,100,,2954,12,0,14 3 15 7 16,0
5300,'100013',822,,3206,44,,,0
5301,'100013',1554,,3208,37,,,0
1005301,'100013',1458,,3338,2,,,0
1005301,'100014',1458,,3339,2,,,0
