300,'100014',827,,3265,4,,0,100,,3266,4,,0,100,,3267,4,,0,100,,3268,4,,0,100,,3269,4,,0,115,,3275,4,,0,100,,3270,4,,0,100,,3271,4,,0,100,,3272,4,,0,115,,3273,4,,0,100,,3274,4,,0,100,,3276,4,,0
300,'100015',827,,3277,4,,0,100,,3278,4,,0,100,,3279,4,,0,100,,3280,4,,0,100,,3281,4,,0,115,,3287,4,,0,100,,3282,4,,0,100,,3283,4,,0,100,,3284,4,,0,115,,3285,4,,0,100,,3286,4,,0
300,'100016',550,,3288,4,,0,70,,3289,4,,0,15,,3295,4,,0,15,,3290,4,,0,70,,3291,4,,0,30,,3292,4,,0,70,,3293,4,,0,10,,3296,4,,0,20,,3294,4,,0,80,,3297,4,,0,70,,3301,4,,0,30,,3298,4,,0,70,,3302,4,,0,30,,3299,4,,0,70,,3303,4,,0,34,,3300,4,,0,70,,3304,4,,0,43,,3305,4,,0,75,,3306,4,,0,35,,3307,4,,0,1,,3308,4,,0,53,,3309,4,,0,21,,3310,4,,0,75,,3311,4,,0,5,,3312,4,,0,30,,3313,4,,0,75,,3314,4,,0,40,,3315,4,,0,76,,3316,4,,0,70,,3317,4,,0,30,,3318,4,,0,70,,3319,4,,0,30,,3320,4,,0,85,,3321,4,,0,30,,3322,4,,0,70,,3323,4,,0,30,,3324,4,,0
300,'100017',550,,3325,4,,0,70,,3326,4,,0,15,,3332,4,,0,15,,3327,4,,0,70,,3328,4,,0,30,,3329,4,,0,70,,3330,4,,0,10,,3333,4,,0,20,,3331,4,,0,80,,3334,4,,0,70,,3338,4,,0,30,,3335,4,,0,70,,3339,4,,0,30,,3336,4,,0,70,,3340,4,,0,34,,3337,4,,0,70,,3341,4,,0,43,,3342,4,,0,75,,3343,4,,0,35,,3344,4,,0,1,,3345,4,,0,53,,3346,4,,0,21,,3347,4,,0,75,,3348,4,,0,5,,3349,4,,0,30,,3350,4,,0,75,,3351,4,,0,40,,3352,4,,0,76,,3353,4,,0,70,,3354,4,,0,30,,3355,4,,0,70,,3356,4,,0,30,,3357,4,,0,85,,3358,4,,0,30,,3359,4,,0,70,,3360,4,,0,30,,3361,4,,0
300,'100018',827,,3362,4,,0,100,,3363,4,,0,100,,3364,4,,0,100,,3365,4,,0,100,,3366,4,,0,115,,3367,4,,0,100,,3368,4,,0,100,,3369,4,,0,100,,3370,4,,0,115,,3371,4,,0,100,,3372,4,,0
301,'100014',730,,3376,0,19 5 20 3 21,0,100,,3377,0,19 5 20 3 21,0,100,,3378,0,19 5 20 3 21,0,100,,3379,0,19 5 20 3 21,0,100,,3380,0,19 5 20 3 21,0,115,,3381,0,19 5 20 3 21,0,100,,3382,0,19 5 20 3 21,0,100,,3383,0,19 5 20 3 21,0,100,,3384,0,19 5 20 3 21,0,155,,3375,0,19 5 20 3 21,0,100,,3373,0,19 5 20 3 21,0,100,,3374,0,19 5 20 3 21,0,100,,3385,0,19 5 20 3 21,0
301,'100015',730,,3389,0,19 5 20 3 21,0,100,,3390,0,19 5 20 3 21,0,100,,3391,0,19 5 20 3 21,0,100,,3392,0,19 5 20 3 21,0,100,,3393,0,19 5 20 3 21,0,115,,3394,0,19 5 20 3 21,0,100,,3395,0,19 5 20 3 21,0,100,,3396,0,19 5 20 3 21,0,100,,3397,0,19 5 20 3 21,0,155,,3388,0,19 5 20 3 21,0,100,,3386,0,19 5 20 3 21,0,100,,3387,0,19 5 20 3 21,0
301,'100016',522,,3398,0,19 5 20 3 21,0,30,,3399,0,19 5 20 3 21,0,70,,3400,0,19 5 20 3 21,0,30,,3401,0,19 5 20 3 21,0,70,,3402,0,19 5 20 3 21,0,10,,3403,0,19 5 20 3 21,0,20,,3408,0,19 5 20 3 21,0,80,,3404,0,19 5 20 3 21,0,70,,3409,0,19 5 20 3 21,0,30,,3405,0,19 5 20 3 21,0,70,,3410,0,19 5 20 3 21,0,30,,3406,0,19 5 20 3 21,0,70,,3411,0,19 5 20 3 21,0,30,,3407,0,19 5 20 3 21,0,70,,3412,0,19 5 20 3 21,0,38,,3413,0,19 5 20 3 21,0,75,,3414,0,19 5 20 3 21,0,35,,3415,0,19 5 20 3 21,0,54,,3416,0,19 5 20 3 21,0,21,,3417,0,19 5 20 3 21,0,75,,3418,0,19 5 20 3 21,0,5,,3433,0,19 5 20 3 21,0,30,,3419,0,19 5 20 3 21,0,75,,3420,0,19 5 20 3 21,0,40,,3421,0,19 5 20 3 21,0,85,,3422,0,19 5 20 3 21,0,70,,3423,0,19 5 20 3 21,0,30,,3424,0,19 5 20 3 21,0,70,,3425,0,19 5 20 3 21,0,30,,3426,0,19 5 20 3 21,0,85,,3427,0,19 5 20 3 21,0,30,,3428,0,19 5 20 3 21,0,70,,3429,0,19 5 20 3 21,0,30,,3430,0,19 5 20 3 21,0,70,,3431,0,19 5 20 3 21,0,30,,3432,0,19 5 20 3 21,0
301,'100017',522,,3434,0,19 5 20 3 21,0,30,,3435,0,19 5 20 3 21,0,70,,3436,0,19 5 20 3 21,0,30,,3437,0,19 5 20 3 21,0,70,,3438,0,19 5 20 3 21,0,10,,3439,0,19 5 20 3 21,0,20,,3444,0,19 5 20 3 21,0,80,,3440,0,19 5 20 3 21,0,70,,3445,0,19 5 20 3 21,0,30,,3441,0,19 5 20 3 21,0,70,,3446,0,19 5 20 3 21,0,30,,3442,0,19 5 20 3 21,0,70,,3447,0,19 5 20 3 21,0,30,,3443,0,19 5 20 3 21,0,70,,3448,0,19 5 20 3 21,0,38,,3449,0,19 5 20 3 21,0,75,,3450,0,19 5 20 3 21,0,35,,3451,0,19 5 20 3 21,0,54,,3452,0,19 5 20 3 21,0,21,,3453,0,19 5 20 3 21,0,75,,3454,0,19 5 20 3 21,0,5,,3469,0,19 5 20 3 21,0,30,,3455,0,19 5 20 3 21,0,75,,3456,0,19 5 20 3 21,0,40,,3457,0,19 5 20 3 21,0,85,,3458,0,19 5 20 3 21,0,70,,3459,0,19 5 20 3 21,0,30,,3460,0,19 5 20 3 21,0,70,,3461,0,19 5 20 3 21,0,30,,3462,0,19 5 20 3 21,0,85,,3463,0,19 5 20 3 21,0,30,,3464,0,19 5 20 3 21,0,70,,3465,0,19 5 20 3 21,0,30,,3466,0,19 5 20 3 21,0,70,,3467,0,19 5 20 3 21,0,30,,3468,0,19 5 20 3 21,0
301,'100018',730,,3473,0,19 5 20 3 21,0,100,,3474,0,19 5 20 3 21,0,100,,3475,0,19 5 20 3 21,0,100,,3476,0,19 5 20 3 21,0,100,,3477,0,19 5 20 3 21,0,115,,3478,0,19 5 20 3 21,0,100,,3479,0,19 5 20 3 21,0,100,,3480,0,19 5 20 3 21,0,100,,3481,0,19 5 20 3 21,0,155,,3470,0,19 5 20 3 21,0,100,,3471,0,19 5 20 3 21,0,100,,3472,0,19 5 20 3 21,0
400,'100014',730,,3482,0,21 3 19 5 20,0,28,,3482,4,,0,42,,3495,0,21 3 19 5 20,0,28,,3495,4,,0,2,,3483,0,21 3 19 5 20,0,28,,3483,4,,0,42,,3496,0,21 3 19 5 20,0,28,,3496,4,,0,2,,3484,0,21 3 19 5 20,0,28,,3484,4,,0,42,,3497,0,21 3 19 5 20,0,28,,3497,4,,0,2,,3485,0,21 3 19 5 20,0,28,,3485,4,,0,42,,3498,0,21 3 19 5 20,0,28,,3498,4,,0,2,,3486,0,21 3 19 5 20,0,28,,3486,4,,0,42,,3499,0,21 3 19 5 20,0,28,,3499,4,,0,17,,3487,0,21 3 19 5 20,0,68,,3487,4,,0,2,,3500,0,21 3 19 5 20,0,28,,3500,4,,0,2,,3488,0,21 3 19 5 20,0,68,,3488,4,,0,2,,3501,0,21 3 19 5 20,0,28,,3501,4,,0,2,,3489,0,21 3 19 5 20,0,68,,3489,4,,0,2,,3502,0,21 3 19 5 20,0,28,,3502,4,,0,2,,3490,0,21 3 19 5 20,0,68,,3490,4,,0,17,,3503,0,21 3 19 5 20,0,28,,3503,4,,0,42,,3491,0,21 3 19 5 20,0,28,,3491,4,,0,2,,3504,0,21 3 19 5 20,0,28,,3504,4,,0,42,,3492,0,21 3 19 5 20,0,28,,3492,4,,0,2,,3494,0,21 3 19 5 20,0,28,,3494,4,,0,42,,3493,0,21 3 19 5 20,0,28,,3493,4,,0,2,,3505,0,21 3 19 5 20,0,28,,3505,4,,0,42,,3506,0,21 3 19 5 20,0,28,,3506,4,,0
400,'100015',730,,3507,0,21 3 19 5 20,0,28,,3507,4,,0,42,,3520,0,21 3 19 5 20,0,28,,3520,4,,0,2,,3508,0,21 3 19 5 20,0,28,,3508,4,,0,42,,3521,0,21 3 19 5 20,0,28,,3521,4,,0,2,,3509,0,21 3 19 5 20,0,28,,3509,4,,0,42,,3522,0,21 3 19 5 20,0,28,,3522,4,,0,2,,3510,0,21 3 19 5 20,0,28,,3510,4,,0,42,,3523,0,21 3 19 5 20,0,28,,3523,4,,0,2,,3511,0,21 3 19 5 20,0,28,,3511,4,,0,42,,3524,0,21 3 19 5 20,0,28,,3524,4,,0,17,,3512,0,21 3 19 5 20,0,68,,3512,4,,0,2,,3525,0,21 3 19 5 20,0,28,,3525,4,,0,2,,3513,0,21 3 19 5 20,0,68,,3513,4,,0,2,,3526,0,21 3 19 5 20,0,28,,3526,4,,0,2,,3514,0,21 3 19 5 20,0,68,,3514,4,,0,2,,3527,0,21 3 19 5 20,0,28,,3527,4,,0,2,,3515,0,21 3 19 5 20,0,68,,3515,4,,0,17,,3528,0,21 3 19 5 20,0,28,,3528,4,,0,42,,3516,0,21 3 19 5 20,0,28,,3516,4,,0,2,,3529,0,21 3 19 5 20,0,28,,3529,4,,0,42,,3517,0,21 3 19 5 20,0,28,,3517,4,,0,2,,3519,0,21 3 19 5 20,0,28,,3519,4,,0,42,,3518,0,21 3 19 5 20,0,28,,3518,4,,0
400,'100016',522,,3559,0,21 3 19 5 20,0,28,,3559,4,,0,2,,3538,0,21 3 19 5 20,0,68,,3538,4,,0,2,,3530,0,21 3 19 5 20,0,18,,3557,0,21 3 19 5 20,0,10,,3530,4,,0,2,,3539,0,21 3 19 5 20,0,56,,3557,4,,0,12,,3539,4,,0,2,,3531,0,21 3 19 5 20,0,28,,3531,4,,0,2,,3540,0,21 3 19 5 20,0,68,,3540,4,,0,12,,3532,0,21 3 19 5 20,0,68,,3532,4,,0,2,,3558,0,21 3 19 5 20,0,28,,3558,4,,0,2,,3533,0,21 3 19 5 20,0,68,,3533,4,,0,2,,3554,0,21 3 19 5 20,0,28,,3554,4,,0,2,,3534,0,21 3 19 5 20,0,68,,3534,4,,0,2,,3555,0,21 3 19 5 20,0,28,,3555,4,,0,2,,3535,0,21 3 19 5 20,0,68,,3535,4,,0,2,,3556,0,21 3 19 5 20,0,28,,3556,4,,0,10,,3536,0,21 3 19 5 20,0,70,,3536,4,,0,5,,3561,0,21 3 19 5 20,0,30,,3561,4,,0,5,,3537,0,21 3 19 5 20,0,70,,3537,4,,0,5,,3541,0,21 3 19 5 20,0,30,,3541,4,,0,45,,3560,0,21 3 19 5 20,0,30,,3560,4,,0,5,,3542,0,21 3 19 5 20,0,70,,3542,4,,0,5,,3543,0,21 3 19 5 20,0,30,,3543,4,,0,10,,3549,0,21 3 19 5 20,0,70,,3549,4,,0,15,,3544,0,21 3 19 5 20,0,68,,3544,4,,0,2,,3550,0,21 3 19 5 20,0,28,,3550,4,,0,2,,3545,0,21 3 19 5 20,0,68,,3545,4,,0,2,,3551,0,21 3 19 5 20,0,28,,3551,4,,0,2,,3546,0,21 3 19 5 20,0,68,,3546,4,,0,17,,3552,0,21 3 19 5 20,0,28,,3552,4,,0,2,,3547,0,21 3 19 5 20,0,68,,3547,4,,0,2,,3553,0,21 3 19 5 20,0,28,,3553,4,,0,2,,3548,0,21 3 19 5 20,0,68,,3548,4,,0,2,,3562,0,21 3 19 5 20,0,28,,3562,4,,0,2,,3563,0,21 3 19 5 20,0,68,,3563,4,,0
400,'100017',522,,3593,0,21 3 19 5 20,0,28,,3593,4,,0,2,,3572,0,21 3 19 5 20,0,68,,3572,4,,0,2,,3564,0,21 3 19 5 20,0,18,,3591,0,21 3 19 5 20,0,10,,3564,4,,0,2,,3573,0,21 3 19 5 20,0,56,,3591,4,,0,12,,3573,4,,0,2,,3565,0,21 3 19 5 20,0,28,,3565,4,,0,2,,3574,0,21 3 19 5 20,0,68,,3574,4,,0,12,,3566,0,21 3 19 5 20,0,68,,3566,4,,0,2,,3592,0,21 3 19 5 20,0,28,,3592,4,,0,2,,3567,0,21 3 19 5 20,0,68,,3567,4,,0,2,,3588,0,21 3 19 5 20,0,28,,3588,4,,0,2,,3568,0,21 3 19 5 20,0,68,,3568,4,,0,2,,3589,0,21 3 19 5 20,0,28,,3589,4,,0,2,,3569,0,21 3 19 5 20,0,68,,3569,4,,0,2,,3590,0,21 3 19 5 20,0,28,,3590,4,,0,10,,3570,0,21 3 19 5 20,0,70,,3570,4,,0,5,,3595,0,21 3 19 5 20,0,30,,3595,4,,0,5,,3571,0,21 3 19 5 20,0,70,,3571,4,,0,5,,3575,0,21 3 19 5 20,0,30,,3575,4,,0,45,,3594,0,21 3 19 5 20,0,30,,3594,4,,0,5,,3576,0,21 3 19 5 20,0,70,,3576,4,,0,5,,3577,0,21 3 19 5 20,0,30,,3577,4,,0,10,,3583,0,21 3 19 5 20,0,70,,3583,4,,0,15,,3578,0,21 3 19 5 20,0,68,,3578,4,,0,2,,3584,0,21 3 19 5 20,0,28,,3584,4,,0,2,,3579,0,21 3 19 5 20,0,68,,3579,4,,0,2,,3585,0,21 3 19 5 20,0,28,,3585,4,,0,2,,3580,0,21 3 19 5 20,0,68,,3580,4,,0,17,,3586,0,21 3 19 5 20,0,28,,3586,4,,0,2,,3581,0,21 3 19 5 20,0,68,,3581,4,,0,2,,3587,0,21 3 19 5 20,0,28,,3587,4,,0,2,,3582,0,21 3 19 5 20,0,68,,3582,4,,0,2,,3596,0,21 3 19 5 20,0,28,,3596,4,,0,2,,3597,0,21 3 19 5 20,0,68,,3597,4,,0
400,'100018',730,,3598,0,21 3 19 5 20,0,28,,3598,4,,0,42,,3599,0,21 3 19 5 20,0,28,,3599,4,,0,2,,3600,0,21 3 19 5 20,0,28,,3600,4,,0,42,,3601,0,21 3 19 5 20,0,28,,3601,4,,0,2,,3602,0,21 3 19 5 20,0,28,,3602,4,,0,42,,3603,0,21 3 19 5 20,0,28,,3603,4,,0,2,,3604,0,21 3 19 5 20,0,28,,3604,4,,0,42,,3605,0,21 3 19 5 20,0,28,,3605,4,,0,2,,3606,0,21 3 19 5 20,0,28,,3606,4,,0,42,,3607,0,21 3 19 5 20,0,28,,3607,4,,0,17,,3608,0,21 3 19 5 20,0,68,,3608,4,,0,2,,3609,0,21 3 19 5 20,0,28,,3609,4,,0,2,,3610,0,21 3 19 5 20,0,68,,3610,4,,0,2,,3611,0,21 3 19 5 20,0,28,,3611,4,,0,2,,3612,0,21 3 19 5 20,0,68,,3612,4,,0,2,,3613,0,21 3 19 5 20,0,28,,3613,4,,0,2,,3614,0,21 3 19 5 20,0,68,,3614,4,,0,17,,3616,0,21 3 19 5 20,0,28,,3616,4,,0,42,,3617,0,21 3 19 5 20,0,28,,3617,4,,0,2,,3618,0,21 3 19 5 20,0,28,,3618,4,,0,42,,3619,0,21 3 19 5 20,0,28,,3619,4,,0,2,,3620,0,21 3 19 5 20,0,28,,3620,4,,0,42,,3615,0,21 3 19 5 20,0,28,,3615,4,,0
5201,'100016',731,,4278,0,5 6 7,0
5400,'100016',722,,4283,0,5 34,0
1000900,'100014',730,,4285,,,0,80,,4286,,,0,40,,4287,,,0,80,,4288,,,0,80,,4289,,,0,40,,4290,,,0,80,,4291,,,0,85,,4292,,,0,40,,4293,,,0,80,,4294,,,0,80,,4295,,,0,40,,4296,,,0,80,,4297,,,0,80,,4298,,,0,85,,4299,,,0,40,,4300,,,0,80,,4301,,,0,80,,4302,,,0,40,,4303,,,0
1000900,'100015',730,,4304,,,0,80,,4305,,,0,40,,4306,,,0,80,,4307,,,0,80,,4308,,,0,40,,4309,,,0,80,,4310,,,0,85,,4311,,,0,40,,4312,,,0,80,,4313,,,0,80,,4314,,,0,40,,4315,,,0,80,,4316,,,0,80,,4317,,,0,85,,4318,,,0,40,,4319,,,0,80,,4320,,,0,80,,4321,,,0
1000900,'100016',518,,4332,,,0,30,,4333,,,0,70,,4334,,,0,30,,4335,,,0,70,,4336,,,0,30,,4337,,,0,62,,4338,,,0,28,,4339,,,0,74,,4340,,,0,20,,4341,,,0,70,,4342,,,0,30,,4343,,,0,70,,4344,,,0,30,,4345,,,0,70,,4346,,,0,30,,4347,,,0,70,,4348,,,0,30,,4349,,,0,70,,4350,,,0,30,,4351,,,0,70,,4352,,,0,28,,4353,,,0,72,,4354,,,0,30,,4355,,,0,18,,4356,,,0,85,,4325,,,0,70,,4326,,,0,30,,4329,,,0,70,,4322,,,0,30,,4324,,,0,85,,4330,,,0,85,,4328,,,0,35,,4327,,,0,75,,4331,,,0,35,,4323,,,0
1000900,'100017',518,,4367,,,0,30,,4368,,,0,70,,4369,,,0,30,,4370,,,0,70,,4371,,,0,30,,4372,,,0,62,,4373,,,0,28,,4374,,,0,74,,4375,,,0,20,,4376,,,0,70,,4377,,,0,30,,4378,,,0,70,,4379,,,0,30,,4380,,,0,70,,4381,,,0,30,,4382,,,0,70,,4383,,,0,30,,4384,,,0,70,,4385,,,0,30,,4386,,,0,70,,4387,,,0,28,,4388,,,0,72,,4389,,,0,30,,4390,,,0,18,,4391,,,0,85,,4360,,,0,70,,4361,,,0,30,,4364,,,0,70,,4357,,,0,30,,4359,,,0,85,,4365,,,0,85,,4363,,,0,35,,4362,,,0,75,,4366,,,0,35,,4358,,,0
1000900,'100018',730,,4392,,,0,80,,4393,,,0,40,,4394,,,0,80,,4395,,,0,80,,4396,,,0,40,,4397,,,0,80,,4398,,,0,85,,4399,,,0,40,,4400,,,0,80,,4401,,,0,80,,4402,,,0,40,,4403,,,0,80,,4404,,,0,80,,4405,,,0,85,,4406,,,0,40,,4407,,,0,80,,4408,,,0,80,,4409,,,0
2000900,'100014',750,,4414,0,22 3 23 24 25 26,0,80,,4415,0,22 3 23 24 25 26,0,80,,4416,0,22 3 23 24 25 26,0,40,,4417,0,22 3 23 24 25 26,0,80,,4418,0,22 3 23 24 25 26,0,80,,4419,0,22 3 23 24 25 26,0,40,,4420,0,22 3 23 24 25 26,0,80,,4421,0,22 3 23 24 25 26,0,85,,4422,0,22 3 23 24 25 26,0,40,,4423,0,22 3 23 24 25 26,0,80,,4424,0,22 3 23 24 25 26,0,80,,4425,0,22 3 23 24 25 26,0,85,,4426,0,22 3 23 24 25 26,0,40,,4427,0,22 3 23 24 25 26,0,80,,4428,0,22 3 23 24 25 26,0,80,,4429,0,22 3 23 24 25 26,0,40,,4430,0,22 3 23 24 25 26,0,80,,4432,0,22 3 23 24 25 26,0,80,,4431,0,22 3 23 24 25 26,0
2000900,'100015',750,,4433,0,22 3 23 24 25 26,0,80,,4434,0,22 3 23 24 25 26,0,80,,4435,0,22 3 23 24 25 26,0,40,,4436,0,22 3 23 24 25 26,0,80,,4437,0,22 3 23 24 25 26,0,80,,4438,0,22 3 23 24 25 26,0,40,,4439,0,22 3 23 24 25 26,0,80,,4440,0,22 3 23 24 25 26,0,85,,4441,0,22 3 23 24 25 26,0,40,,4442,0,22 3 23 24 25 26,0,80,,4443,0,22 3 23 24 25 26,0,80,,4444,0,22 3 23 24 25 26,0,85,,4445,0,22 3 23 24 25 26,0,40,,4446,0,22 3 23 24 25 26,0,80,,4447,0,22 3 23 24 25 26,0,80,,4448,0,22 3 23 24 25 26,0,40,,4449,0,22 3 23 24 25 26,0
2000900,'100016',542,,4450,0,22 3 23 24 25 26,0,60,,4451,0,22 3 23 24 25 26,0,30,,4452,0,22 3 23 24 25 26,0,70,,4453,0,22 3 23 24 25 26,0,30,,4454,0,22 3 23 24 25 26,0,20,,4455,0,22 3 23 24 25 26,0,80,,4456,0,22 3 23 24 25 26,0,22,,4481,0,22 3 23 24 25 26,0,68,,4457,0,22 3 23 24 25 26,0,29,,4458,0,22 3 23 24 25 26,0,60,,4459,0,22 3 23 24 25 26,0,30,,4460,0,22 3 23 24 25 26,0,70,,4461,0,22 3 23 24 25 26,0,30,,4462,0,22 3 23 24 25 26,0,70,,4463,0,22 3 23 24 25 26,0,30,,4464,0,22 3 23 24 25 26,0,70,,4465,0,22 3 23 24 25 26,0,30,,4466,0,22 3 23 24 25 26,0,70,,4467,0,22 3 23 24 25 26,0,31,,4468,0,22 3 23 24 25 26,0,70,,4469,0,22 3 23 24 25 26,0,34,,4470,0,22 3 23 24 25 26,0,64,,4471,0,22 3 23 24 25 26,0,32,,4472,0,22 3 23 24 25 26,0,78,,4473,0,22 3 23 24 25 26,0,30,,4474,0,22 3 23 24 25 26,0,70,,4475,0,22 3 23 24 25 26,0,30,,4476,0,22 3 23 24 25 26,0,70,,4477,0,22 3 23 24 25 26,0,26,,4478,0,22 3 23 24 25 26,0,74,,4479,0,22 3 23 24 25 26,0,34,,4480,0,22 3 23 24 25 26,0,85,,4482,0,22 3 23 24 25 26,0,75,,4483,0,22 3 23 24 25 26,0,36,,4484,0,22 3 23 24 25 26,0
2000900,'100017',542,,4485,0,22 3 23 24 25 26,0,60,,4486,0,22 3 23 24 25 26,0,30,,4487,0,22 3 23 24 25 26,0,70,,4488,0,22 3 23 24 25 26,0,30,,4489,0,22 3 23 24 25 26,0,20,,4490,0,22 3 23 24 25 26,0,80,,4491,0,22 3 23 24 25 26,0,22,,4516,0,22 3 23 24 25 26,0,68,,4492,0,22 3 23 24 25 26,0,29,,4493,0,22 3 23 24 25 26,0,60,,4494,0,22 3 23 24 25 26,0,30,,4495,0,22 3 23 24 25 26,0,70,,4496,0,22 3 23 24 25 26,0,30,,4497,0,22 3 23 24 25 26,0,70,,4498,0,22 3 23 24 25 26,0,30,,4499,0,22 3 23 24 25 26,0,70,,4500,0,22 3 23 24 25 26,0,30,,4501,0,22 3 23 24 25 26,0,70,,4502,0,22 3 23 24 25 26,0,31,,4503,0,22 3 23 24 25 26,0,70,,4504,0,22 3 23 24 25 26,0,34,,4505,0,22 3 23 24 25 26,0,64,,4506,0,22 3 23 24 25 26,0,32,,4507,0,22 3 23 24 25 26,0,78,,4508,0,22 3 23 24 25 26,0,30,,4509,0,22 3 23 24 25 26,0,70,,4510,0,22 3 23 24 25 26,0,30,,4511,0,22 3 23 24 25 26,0,70,,4512,0,22 3 23 24 25 26,0,26,,4513,0,22 3 23 24 25 26,0,74,,4514,0,22 3 23 24 25 26,0,34,,4515,0,22 3 23 24 25 26,0,85,,4517,0,22 3 23 24 25 26,0,75,,4518,0,22 3 23 24 25 26,0,36,,4519,0,22 3 23 24 25 26,0
2000900,'100018',750,,4520,0,22 3 23 24 25 26,0,80,,4521,0,22 3 23 24 25 26,0,80,,4522,0,22 3 23 24 25 26,0,40,,4523,0,22 3 23 24 25 26,0,80,,4524,0,22 3 23 24 25 26,0,80,,4525,0,22 3 23 24 25 26,0,40,,4526,0,22 3 23 24 25 26,0,80,,4527,0,22 3 23 24 25 26,0,85,,4528,0,22 3 23 24 25 26,0,40,,4529,0,22 3 23 24 25 26,0,80,,4530,0,22 3 23 24 25 26,0,80,,4531,0,22 3 23 24 25 26,0,85,,4532,0,22 3 23 24 25 26,0,40,,4533,0,22 3 23 24 25 26,0,80,,4534,0,22 3 23 24 25 26,0,80,,4535,0,22 3 23 24 25 26,0,40,,4536,0,22 3 23 24 25 26,0
