700,'100011',809,,2752,14,0,24 3 25,0,100,,2753,14,0,24 3 25,0,100,,2754,14,0,24 3 25,0,100,,2755,14,0,24 3 25,0,100,,2756,14,0,24 3 25,0,115,,2757,14,0,24 3 25,0,100,,2758,14,0,24 3 25,0,100,,2759,14,0,24 3 25,0,115,,2760,14,0,24 3 25,0,100,,2761,14,0,24 3 25,0,100,,2762,14,0,24 3 25,0,100,,2763,14,0,24 3 25,0
700,'100012',809,,2764,14,0,24 3 25,0,100,,2765,14,0,24 3 25,0,100,,2766,14,0,24 3 25,0,100,,2767,14,0,24 3 25,0,100,,2768,14,0,24 3 25,0,115,,2769,14,0,24 3 25,0,100,,2770,14,0,24 3 25,0,100,,2771,14,0,24 3 25,0,115,,2772,14,0,24 3 25,0,100,,2773,14,0,24 3 25,0,100,,2774,14,0,24 3 25,0
700,'100013',531,,2775,14,0,24 3 25,0,70,,2785,14,0,24 3 25,0,30,,2776,14,0,24 3 25,0,18,,2803,14,0,24 3 25,0,52,,2786,14,0,24 3 25,0,30,,2777,14,0,24 3 25,0,70,,2787,14,0,24 3 25,0,40,,2796,14,0,24 3 25,0,70,,2778,14,0,24 3 25,0,30,,2797,14,0,24 3 25,0,70,,2779,14,0,24 3 25,0,30,,2804,14,0,24 3 25,0,70,,2780,14,0,24 3 25,0,30,,2805,14,0,24 3 25,0,70,,2781,14,0,24 3 25,0,40,,2806,14,0,24 3 25,0,75,,2782,14,0,24 3 25,0,75,,2788,14,0,24 3 25,0,35,,2783,14,0,24 3 25,0,75,,2789,14,0,24 3 25,0,35,,2784,14,0,24 3 25,0,75,,2790,14,0,24 3 25,0,80,,2791,14,0,24 3 25,0,43,,2798,14,0,24 3 25,0,70,,2792,14,0,24 3 25,0,30,,2799,14,0,24 3 25,0,70,,2793,14,0,24 3 25,0,30,,2800,14,0,24 3 25,0,85,,2794,14,0,24 3 25,0,30,,2801,14,0,24 3 25,0,70,,2795,14,0,24 3 25,0,30,,2802,14,0,24 3 25,0,70,,2807,14,0,24 3 25,0,30,,2808,14,0,24 3 25,0
700,'100014',531,,2809,14,0,24 3 25,0,70,,2819,14,0,24 3 25,0,30,,2810,14,0,24 3 25,0,18,,2837,14,0,24 3 25,0,52,,2820,14,0,24 3 25,0,30,,2811,14,0,24 3 25,0,70,,2821,14,0,24 3 25,0,40,,2830,14,0,24 3 25,0,70,,2812,14,0,24 3 25,0,30,,2831,14,0,24 3 25,0,70,,2813,14,0,24 3 25,0,30,,2838,14,0,24 3 25,0,70,,2814,14,0,24 3 25,0,30,,2839,14,0,24 3 25,0,70,,2815,14,0,24 3 25,0,40,,2840,14,0,24 3 25,0,75,,2816,14,0,24 3 25,0,75,,2822,14,0,24 3 25,0,35,,2817,14,0,24 3 25,0,75,,2823,14,0,24 3 25,0,35,,2818,14,0,24 3 25,0,75,,2824,14,0,24 3 25,0,80,,2825,14,0,24 3 25,0,43,,2832,14,0,24 3 25,0,70,,2826,14,0,24 3 25,0,30,,2833,14,0,24 3 25,0,70,,2827,14,0,24 3 25,0,30,,2834,14,0,24 3 25,0,85,,2828,14,0,24 3 25,0,30,,2835,14,0,24 3 25,0,70,,2829,14,0,24 3 25,0,30,,2836,14,0,24 3 25,0,70,,2841,14,0,24 3 25,0,30,,2842,14,0,24 3 25,0
700,'100015',809,,2843,14,0,24 3 25,0,100,,2844,14,0,24 3 25,0,100,,2845,14,0,24 3 25,0,100,,2846,14,0,24 3 25,0,100,,2847,14,0,24 3 25,0,115,,2848,14,0,24 3 25,0,100,,2849,14,0,24 3 25,0,100,,2850,14,0,24 3 25,0,115,,2851,14,0,24 3 25,0,100,,2852,14,0,24 3 25,0,100,,2853,14,0,24 3 25,0
800,'100011',738,,2854,13,0,14 3 15 7 16,0,100,,2855,13,0,14 3 15 7 16,0,100,,2856,13,0,14 3 15 7 16,0,100,,2857,13,0,14 3 15 7 16,0,100,,2858,13,0,14 3 15 7 16,0,115,,2859,13,0,14 3 15 7 16,0,100,,2860,13,0,14 3 15 7 16,0,100,,2861,13,0,14 3 15 7 16,0,100,,2862,13,0,14 3 15 7 16,0,155,,2863,13,0,14 3 15 7 16,0,100,,2864,13,0,14 3 15 7 16,0,100,,2865,13,0,14 3 15 7 16,0,100,,2866,13,0,14 3 15 7 16,0
800,'100012',738,,2867,13,0,14 3 15 7 16,0,100,,2868,13,0,14 3 15 7 16,0,100,,2869,13,0,14 3 15 7 16,0,100,,2870,13,0,14 3 15 7 16,0,100,,2871,13,0,14 3 15 7 16,0,115,,2872,13,0,14 3 15 7 16,0,100,,2873,13,0,14 3 15 7 16,0,100,,2874,13,0,14 3 15 7 16,0,100,,2875,13,0,14 3 15 7 16,0,155,,2876,13,0,14 3 15 7 16,0,100,,2877,13,0,14 3 15 7 16,0,100,,2878,13,0,14 3 15 7 16,0
800,'100013',601,,2894,13,0,14 3 15 7 16,0,30,,2879,13,0,14 3 15 7 16,0,70,,2895,13,0,14 3 15 7 16,0,30,,2880,13,0,14 3 15 7 16,0,70,,2896,13,0,14 3 15 7 16,0,40,,2897,13,0,14 3 15 7 16,0,69,,2881,13,0,14 3 15 7 16,0,30,,2905,13,0,14 3 15 7 16,0,70,,2882,13,0,14 3 15 7 16,0,30,,2906,13,0,14 3 15 7 16,0,70,,2883,13,0,14 3 15 7 16,0,30,,2907,13,0,14 3 15 7 16,0,70,,2884,13,0,14 3 15 7 16,0,40,,2908,13,0,14 3 15 7 16,0,75,,2885,13,0,14 3 15 7 16,0,75,,2898,13,0,14 3 15 7 16,0,35,,2886,13,0,14 3 15 7 16,0,75,,2887,13,0,14 3 15 7 16,0,35,,2899,13,0,14 3 15 7 16,0,75,,2888,13,0,14 3 15 7 16,0,80,,2900,13,0,14 3 15 7 16,0,44,,2889,13,0,14 3 15 7 16,0,70,,2901,13,0,14 3 15 7 16,0,30,,2890,13,0,14 3 15 7 16,0,70,,2902,13,0,14 3 15 7 16,0,30,,2891,13,0,14 3 15 7 16,0,85,,2903,13,0,14 3 15 7 16,0,30,,2892,13,0,14 3 15 7 16,0,70,,2904,13,0,14 3 15 7 16,0,30,,2893,13,0,14 3 15 7 16,0,68,,2910,13,0,14 3 15 7 16,0,28,,2909,13,0,14 3 15 7 16,0
800,'100014',601,,2926,13,0,14 3 15 7 16,0,30,,2911,13,0,14 3 15 7 16,0,70,,2927,13,0,14 3 15 7 16,0,30,,2912,13,0,14 3 15 7 16,0,70,,2928,13,0,14 3 15 7 16,0,40,,2929,13,0,14 3 15 7 16,0,69,,2913,13,0,14 3 15 7 16,0,30,,2937,13,0,14 3 15 7 16,0,70,,2914,13,0,14 3 15 7 16,0,30,,2938,13,0,14 3 15 7 16,0,70,,2915,13,0,14 3 15 7 16,0,30,,2939,13,0,14 3 15 7 16,0,70,,2916,13,0,14 3 15 7 16,0,40,,2940,13,0,14 3 15 7 16,0,75,,2917,13,0,14 3 15 7 16,0,75,,2930,13,0,14 3 15 7 16,0,35,,2918,13,0,14 3 15 7 16,0,75,,2919,13,0,14 3 15 7 16,0,35,,2931,13,0,14 3 15 7 16,0,75,,2920,13,0,14 3 15 7 16,0,80,,2932,13,0,14 3 15 7 16,0,44,,2921,13,0,14 3 15 7 16,0,70,,2933,13,0,14 3 15 7 16,0,30,,2922,13,0,14 3 15 7 16,0,70,,2934,13,0,14 3 15 7 16,0,30,,2923,13,0,14 3 15 7 16,0,85,,2935,13,0,14 3 15 7 16,0,30,,2924,13,0,14 3 15 7 16,0,70,,2936,13,0,14 3 15 7 16,0,30,,2925,13,0,14 3 15 7 16,0,68,,2942,13,0,14 3 15 7 16,0,28,,2941,13,0,14 3 15 7 16,0
800,'100015',738,,2943,13,0,14 3 15 7 16,0,100,,2944,13,0,14 3 15 7 16,0,100,,2945,13,0,14 3 15 7 16,0,100,,2946,13,0,14 3 15 7 16,0,100,,2947,13,0,14 3 15 7 16,0,115,,2948,13,0,14 3 15 7 16,0,100,,2949,13,0,14 3 15 7 16,0,100,,2950,13,0,14 3 15 7 16,0,100,,2951,13,0,14 3 15 7 16,0,155,,2952,13,0,14 3 15 7 16,0,100,,2953,13,0,14 3 15 7 16,0,100,,2954,13,0,14 3 15 7 16,0
5001,'100013',1450,,3199,2,,,0
5300,'100013',823,,3206,45,,,0
5301,'100013',1555,,3208,38,,,0
1005301,'100013',1458,,3338,3,,,0
1005301,'100014',1458,,3339,3,,,0
