100,2516,1,0,0
100,2329,2,0,0
100,2330,3,0,0
100,2331,4,0,0
100,2332,5,0,0
100,2333,6,0,0
100,2334,7,0,0
100,2335,8,0,0
100,2336,9,0,0
100,2337,10,0,0
100,2338,11,0,0
100,2339,12,0,0
100,2340,13,0,0
100,2341,14,0,0
100,2342,15,0,0
100,2343,16,0,0
100,2344,17,0,0
100,2345,18,0,0
100,2346,19,0,0
100,2347,20,0,0
100,2348,21,0,0
100,2349,22,0,0
100,2350,23,0,0
100,2060,24,0,0
100,2061,25,0,0
100,2017,26,0,0
100,2351,27,1,1
101,2351,1,0,0
101,2306,2,0,0
101,2020,3,0,0
101,2021,4,0,0
101,2352,5,0,0
101,2353,6,0,0
101,2354,7,0,0
101,2355,8,0,0
101,2356,9,0,0
101,2357,10,0,0
101,2358,11,0,0
101,2359,12,0,0
101,2360,13,0,0
101,2361,14,0,0
101,2362,15,0,0
101,2363,16,0,0
101,2517,17,0,0
101,2364,18,0,0
101,2365,19,0,0
101,2366,20,0,0
101,2333,21,0,0
101,2324,22,0,0
101,2325,23,0,0
101,2326,24,0,0
101,2327,25,0,0
101,2328,26,0,0
101,2516,27,1,1
200,2038,1,0,0
200,2039,2,0,0
200,2040,3,0,0
200,2041,4,0,0
200,2042,5,0,0
200,2043,6,0,0
200,2044,7,0,0
200,2045,8,0,0
200,2046,9,0,0
200,2047,10,0,0
200,2048,11,0,0
200,2049,12,0,0
200,2050,13,0,0
200,2051,14,0,0
200,2052,15,0,0
200,2054,16,0,0
200,2055,17,0,0
200,2056,18,0,0
200,2057,19,0,0
200,2058,20,0,0
200,2059,21,0,0
200,2060,22,0,0
200,2061,23,0,0
200,2017,24,0,0
200,2169,25,0,0
200,2019,26,0,0
200,2063,27,0,0
200,2064,28,0,0
200,2065,29,0,0
200,2066,30,0,0
200,2067,31,0,0
200,2068,32,0,0
200,2069,33,0,0
200,2070,34,0,0
200,2071,35,0,0
200,2072,36,0,0
200,2073,37,0,0
200,2074,38,0,0
200,2075,39,0,0
200,2076,40,0,0
200,2077,41,0,0
200,2078,42,0,0
200,2001,43,1,1
201,2001,1,0,0
201,2002,2,0,0
201,2003,3,0,0
201,2004,4,0,0
201,2005,5,0,0
201,2006,6,0,0
201,2007,7,0,0
201,2008,8,0,0
201,2009,9,0,0
201,2010,10,0,0
201,2011,11,0,0
201,2012,12,0,0
201,2013,13,0,0
201,2014,14,0,0
201,2015,15,0,0
201,2016,16,0,0
201,2017,17,0,0
201,2169,18,0,0
201,2019,19,0,0
201,2020,20,0,0
201,2021,21,0,0
201,2022,22,0,0
201,2023,23,0,0
201,2024,24,0,0
201,2025,25,0,0
201,2026,26,0,0
201,2027,27,0,0
201,2028,28,0,0
201,2030,29,0,0
201,2031,30,0,0
201,2032,31,0,0
201,2033,32,0,0
201,2034,33,0,0
201,2035,34,0,0
201,2036,35,0,0
201,2037,36,0,0
201,2038,37,1,1
300,2482,1,0,0
300,2472,2,0,0
300,2484,3,0,0
300,2515,4,0,0
300,2254,5,0,0
300,2255,6,0,0
300,2256,7,0,0
300,2486,8,0,0
300,2487,9,0,0
300,2488,10,0,0
300,2489,11,0,0
300,2491,12,0,0
300,2481,13,0,0
300,2401,14,0,0
300,2492,15,0,0
300,2291,16,0,0
300,2292,17,0,0
300,2293,18,0,0
300,2294,19,0,0
300,2295,20,0,0
300,2296,21,0,0
300,2297,22,0,0
300,2298,23,0,0
300,2299,24,0,0
300,2300,25,0,0
300,2301,26,0,0
300,2302,27,0,0
300,2303,28,0,0
300,2304,29,0,0
300,2305,30,0,0
300,2166,31,0,0
300,2167,32,0,0
300,2168,33,0,0
300,2123,34,1,1
301,2123,1,0,0
301,2125,2,0,0
301,2266,3,0,0
301,2267,4,0,0
301,2268,5,0,0
301,2269,6,0,0
301,2270,7,0,0
301,2271,8,0,0
301,2272,9,0,0
301,2273,10,0,0
301,2274,11,0,0
301,2275,12,0,0
301,2276,13,0,0
301,2277,14,0,0
301,2278,15,0,0
301,2279,16,0,0
301,2280,17,0,0
301,2281,18,0,0
301,2282,19,0,0
301,2283,20,0,0
301,2285,21,0,0
301,2286,22,0,0
301,2147,23,0,0
301,2148,24,0,0
301,2149,25,0,0
301,2150,26,0,0
301,2152,27,0,0
301,2490,28,0,0
301,2461,29,0,0
301,2462,30,0,0
301,2451,31,0,0
301,2485,32,0,0
301,2414,33,0,0
301,2415,34,0,0
301,2389,35,0,0
301,2483,36,0,0
301,2471,37,0,0
301,2482,38,1,1
400,2123,1,0,0
400,2125,2,0,0
400,2126,3,0,0
400,2127,4,0,0
400,2128,5,0,0
400,2129,6,0,0
400,2130,7,0,0
400,2131,8,0,0
400,2132,9,0,0
400,2133,10,0,0
400,2134,11,0,0
400,2135,12,0,0
400,2136,13,0,0
400,2137,14,0,0
400,2138,15,0,0
400,2139,16,0,0
400,2140,17,0,0
400,2141,18,0,0
400,2142,19,0,0
400,2143,20,0,0
400,2144,21,0,0
400,2145,22,0,0
400,2147,23,0,0
400,2148,24,0,0
400,2149,25,0,0
400,2150,26,0,0
400,2152,27,0,0
400,2153,28,0,0
400,2155,29,0,0
400,2156,30,0,0
400,2158,31,0,0
400,2159,32,0,0
400,2160,33,0,0
400,2161,34,0,0
400,2162,35,0,0
400,2163,36,0,0
400,2164,37,0,0
400,2165,38,0,0
400,2166,39,0,0
400,2167,40,0,0
400,2168,41,0,0
500,2203,1,0,0
500,2125,2,0,0
500,2204,3,0,0
500,2205,4,0,0
500,2206,5,0,0
500,2207,6,0,0
500,2208,7,0,0
500,2209,8,0,0
500,2210,9,0,0
500,2211,10,0,0
500,2212,11,0,0
500,2213,12,0,0
500,2214,13,0,0
500,2215,14,0,0
500,2120,15,0,0
500,2216,16,0,0
500,2217,17,0,0
500,2218,18,0,0
500,2220,19,0,0
500,2221,20,0,0
500,2222,21,0,0
500,2223,22,0,0
500,2224,23,0,0
500,2225,24,0,0
500,2226,25,0,0
500,2227,26,0,0
500,2228,27,0,0
500,2229,28,0,0
500,2230,29,0,0
500,2231,30,0,0
500,2232,31,0,0
500,2233,32,0,0
500,2235,33,0,0
500,2236,34,0,0
500,2237,35,0,0
500,2238,36,0,0
500,2239,37,0,0
500,2240,38,0,0
500,2241,39,0,0
500,2242,40,0,0
500,2243,41,0,0
500,2244,42,0,0
500,2395,43,0,0
500,2396,44,0,0
500,2397,45,0,0
500,2398,46,0,0
500,2399,47,0,0
500,2306,48,0,0
500,2017,49,0,0
600,2169,1,0,0
600,2019,2,0,0
600,2020,3,0,0
600,2021,4,0,0
600,2022,5,0,0
600,2023,6,0,0
600,2024,7,0,0
600,2080,8,0,0
600,2029,9,0,0
600,2082,10,0,0
600,2083,11,0,0
600,2084,12,0,0
600,2085,13,0,0
600,2086,14,0,0
600,2087,15,0,0
600,2088,16,0,0
600,2089,17,0,0
600,2090,18,0,0
600,2091,19,0,0
600,2092,20,0,0
600,2093,21,0,0
600,2094,22,0,0
600,2096,23,0,0
600,2097,24,0,0
600,2098,25,0,0
600,2100,26,0,0
600,2496,27,0,0
600,2497,28,0,0
600,2498,29,0,0
600,2109,30,0,0
600,2052,31,0,0
600,2054,32,0,0
600,2110,33,0,0
600,2058,34,0,0
600,2059,35,0,0
600,2060,36,0,0
600,2061,37,0,0
600,2017,38,0,0
700,2169,1,0,0
700,2019,2,0,0
700,2020,3,0,0
700,2380,4,0,0
700,2210,5,0,0
700,2211,6,0,0
700,2212,7,0,0
700,2213,8,0,0
700,2214,9,0,0
700,2215,10,0,0
700,2245,11,0,0
700,2175,12,0,0
700,2176,13,0,0
700,2177,14,0,0
700,2178,15,0,0
700,2179,16,0,0
700,2180,17,0,0
700,2181,18,0,0
700,2182,19,0,0
700,2183,20,0,0
700,2184,21,0,0
700,2185,22,0,0
700,2186,23,0,0
700,2188,24,0,0
700,2189,25,0,0
700,2190,26,0,0
700,2191,27,0,0
700,2192,28,0,0
700,2193,29,0,0
700,2038,30,0,0
700,2039,31,0,0
700,2195,32,0,0
700,2265,33,0,0
700,2239,34,0,0
700,2240,35,0,0
700,2241,36,0,0
700,2242,37,0,0
700,2243,38,0,0
700,2244,39,0,0
700,2119,40,0,0
700,2060,41,0,0
700,2061,42,0,0
700,2017,43,0,0
800,2203,1,0,0
800,2125,2,0,0
800,2126,3,0,0
800,2127,4,0,0
800,2128,5,0,0
800,2129,6,0,0
800,2170,7,0,0
800,2172,8,0,0
800,2173,9,0,0
800,2121,10,0,0
800,2175,11,0,0
800,2176,12,0,0
800,2177,13,0,0
800,2178,14,0,0
800,2246,15,0,0
800,2248,16,0,0
800,2249,17,0,0
800,2250,18,0,0
800,2251,19,0,0
800,2253,20,0,0
800,2254,21,0,0
800,2255,22,0,0
800,2257,23,0,0
800,2258,24,0,0
800,2259,25,0,0
800,2260,26,0,0
800,2261,27,0,0
800,2262,28,0,0
800,2263,29,0,0
800,2264,30,0,0
800,2195,31,0,0
800,2197,32,0,0
800,2199,33,0,0
800,2200,34,0,0
800,2202,35,0,0
800,2162,36,0,0
800,2163,37,0,0
800,2164,38,0,0
800,2165,39,0,0
800,2166,40,0,0
800,2306,41,0,0
800,2017,42,0,0
2100,4011,1,0,0
2100,4112,2,0,0
2100,4012,3,0,0
2100,4113,4,0,0
2100,4013,5,0,0
2100,4014,6,0,0
2100,4015,7,0,0
2100,4016,8,0,0
2100,4017,9,0,0
2100,4018,10,0,0
2100,4019,11,0,0
2100,4020,12,0,0
2100,4021,13,0,0
2100,4022,14,0,0
2100,4023,15,0,0
2100,2013,16,0,0
2100,2014,17,0,0
2100,2015,18,0,0
2100,2016,19,0,0
2100,2017,20,0,0
2100,2203,21,1,1
2101,2203,1,0,0
2101,2306,2,0,0
2101,2063,3,0,0
2101,2064,4,0,0
2101,2065,5,0,0
2101,2066,6,0,0
2101,4001,7,0,0
2101,4002,8,0,0
2101,4003,9,0,0
2101,4004,10,0,0
2101,4005,11,0,0
2101,4006,12,0,0
2101,4007,13,0,0
2101,4008,14,0,0
2101,4010,15,0,0
2101,4009,16,0,0
2101,4110,17,0,0
2101,4111,18,0,0
2101,4011,19,1,1
1000900,2203,1,0,0
1000900,2123,2,0,0
1000900,2306,3,0,0
1000900,2020,4,0,0
1000900,2380,5,0,0
1000900,2210,6,0,0
1000900,2211,7,0,0
1000900,2212,8,0,0
1000900,2213,9,0,0
1000900,2214,10,0,0
1000900,2215,11,0,0
1000900,2245,12,0,0
1000900,2390,13,0,0
1000900,2504,14,0,0
1000900,2510,15,0,0
1000900,2505,16,0,0
1000900,2500,17,0,0
1000900,2416,18,0,0
1000900,2417,19,0,0
1000900,2418,20,0,0
1000900,2501,21,0,0
1000900,2502,22,0,0
1000900,2495,23,0,0
1000900,2460,24,0,0
1000900,2394,25,0,0
1000900,2265,26,0,0
1000900,2239,27,0,0
1000900,2240,28,0,0
1000900,2241,29,0,0
1000900,2242,30,0,0
1000900,2243,31,0,0
1000900,2244,32,0,0
1000900,2119,33,0,0
1000900,2060,34,0,0
1000900,2061,35,0,0
1000900,2017,36,0,0
2000900,2203,1,0,0
2000900,2123,2,0,0
2000900,2306,3,0,0
2000900,2020,4,0,0
2000900,2380,5,0,0
2000900,2210,6,0,0
2000900,2211,7,0,0
2000900,2212,8,0,0
2000900,2213,9,0,0
2000900,2214,10,0,0
2000900,2215,11,0,0
2000900,2245,12,0,0
2000900,2390,13,0,0
2000900,2479,14,0,0
2000900,2478,15,0,0
2000900,2493,16,0,0
2000900,2477,17,0,0
2000900,2476,18,0,0
2000900,2499,19,0,0
2000900,2494,20,0,0
2000900,2495,21,0,0
2000900,2460,22,0,0
2000900,2394,23,0,0
2000900,2265,24,0,0
2000900,2239,25,0,0
2000900,2240,26,0,0
2000900,2241,27,0,0
2000900,2242,28,0,0
2000900,2243,29,0,0
2000900,2244,30,0,0
2000900,2119,31,0,0
2000900,2060,32,0,0
2000900,2061,33,0,0
2000900,2017,34,0,0
