800,'100014',739,,3928,0,18 3 19 5 20,0,100,,3929,0,18 3 19 5 20,0,100,,3930,0,18 3 19 5 20,0,100,,3931,0,18 3 19 5 20,0,100,,3932,0,18 3 19 5 20,0,115,,3933,0,18 3 19 5 20,0,100,,3934,0,18 3 19 5 20,0,100,,3935,0,18 3 19 5 20,0,100,,3936,0,18 3 19 5 20,0,155,,3937,0,18 3 19 5 20,0,100,,3938,0,18 3 19 5 20,0,100,,3939,0,18 3 19 5 20,0,100,,3940,0,18 3 19 5 20,0
800,'100015',739,,3941,0,18 3 19 5 20,0,100,,3942,0,18 3 19 5 20,0,100,,3943,0,18 3 19 5 20,0,100,,3944,0,18 3 19 5 20,0,100,,3945,0,18 3 19 5 20,0,115,,3946,0,18 3 19 5 20,0,100,,3947,0,18 3 19 5 20,0,100,,3948,0,18 3 19 5 20,0,100,,3949,0,18 3 19 5 20,0,155,,3950,0,18 3 19 5 20,0,100,,3951,0,18 3 19 5 20,0,100,,3952,0,18 3 19 5 20,0
800,'100016',602,,3968,0,18 3 19 5 20,0,30,,3953,0,18 3 19 5 20,0,70,,3969,0,18 3 19 5 20,0,30,,3954,0,18 3 19 5 20,0,70,,3970,0,18 3 19 5 20,0,40,,3971,0,18 3 19 5 20,0,69,,3955,0,18 3 19 5 20,0,30,,3979,0,18 3 19 5 20,0,70,,3956,0,18 3 19 5 20,0,30,,3980,0,18 3 19 5 20,0,70,,3957,0,18 3 19 5 20,0,30,,3981,0,18 3 19 5 20,0,70,,3958,0,18 3 19 5 20,0,40,,3982,0,18 3 19 5 20,0,75,,3959,0,18 3 19 5 20,0,75,,3972,0,18 3 19 5 20,0,35,,3960,0,18 3 19 5 20,0,75,,3961,0,18 3 19 5 20,0,35,,3973,0,18 3 19 5 20,0,75,,3962,0,18 3 19 5 20,0,80,,3974,0,18 3 19 5 20,0,44,,3963,0,18 3 19 5 20,0,70,,3975,0,18 3 19 5 20,0,30,,3964,0,18 3 19 5 20,0,70,,3976,0,18 3 19 5 20,0,30,,3965,0,18 3 19 5 20,0,85,,3977,0,18 3 19 5 20,0,70,,3966,0,18 3 19 5 20,0,30,,3978,0,18 3 19 5 20,0,70,,3967,0,18 3 19 5 20,0,28,,3984,0,18 3 19 5 20,0,28,,3983,0,18 3 19 5 20,0
800,'100017',602,,4000,0,18 3 19 5 20,0,30,,3985,0,18 3 19 5 20,0,70,,4001,0,18 3 19 5 20,0,30,,3986,0,18 3 19 5 20,0,70,,4002,0,18 3 19 5 20,0,40,,4003,0,18 3 19 5 20,0,69,,3987,0,18 3 19 5 20,0,30,,4011,0,18 3 19 5 20,0,70,,3988,0,18 3 19 5 20,0,30,,4012,0,18 3 19 5 20,0,70,,3989,0,18 3 19 5 20,0,30,,4013,0,18 3 19 5 20,0,70,,3990,0,18 3 19 5 20,0,40,,4014,0,18 3 19 5 20,0,75,,3991,0,18 3 19 5 20,0,75,,4004,0,18 3 19 5 20,0,35,,3992,0,18 3 19 5 20,0,75,,3993,0,18 3 19 5 20,0,35,,4005,0,18 3 19 5 20,0,75,,3994,0,18 3 19 5 20,0,80,,4006,0,18 3 19 5 20,0,44,,3995,0,18 3 19 5 20,0,70,,4007,0,18 3 19 5 20,0,30,,3996,0,18 3 19 5 20,0,70,,4008,0,18 3 19 5 20,0,30,,3997,0,18 3 19 5 20,0,85,,4009,0,18 3 19 5 20,0,70,,3998,0,18 3 19 5 20,0,30,,4010,0,18 3 19 5 20,0,70,,3999,0,18 3 19 5 20,0,28,,4016,0,18 3 19 5 20,0,28,,4015,0,18 3 19 5 20,0
800,'100018',739,,4017,0,18 3 19 5 20,0,100,,4018,0,18 3 19 5 20,0,100,,4019,0,18 3 19 5 20,0,100,,4020,0,18 3 19 5 20,0,100,,4021,0,18 3 19 5 20,0,115,,4022,0,18 3 19 5 20,0,100,,4023,0,18 3 19 5 20,0,100,,4024,0,18 3 19 5 20,0,100,,4025,0,18 3 19 5 20,0,155,,4026,0,18 3 19 5 20,0,100,,4027,0,18 3 19 5 20,0,100,,4028,0,18 3 19 5 20,0
5000,'100016',748,,4271,0,5 6 7 8 9,0
5100,'100016',747,,4274,0,5 6 7 8 9,0
5101,'100016',1502,,4275,0,5 6 7 8 9,0
5300,'100016',825,,4280,,,0
1005301,'100016',1500,,4412,,,0
1005301,'100017',1500,,4413,,,0
