200,'100014',714,,3011,0,10 11,0,30,,3010,0,10 11,0,70,,2989,0,10 11,0,30,,2988,0,10 11,0,70,,2990,0,10 11,0,30,,2991,0,10 11,0,70,,2992,0,10 11,0,30,,2993,0,10 11,0,70,,2994,0,10 11,0,30,,2995,0,10 11,0,85,,2996,0,10 11,0,30,,2997,0,10 11,0,70,,2998,0,10 11,0,30,,2999,0,10 11,0,70,,3000,0,10 11,0,30,,3001,0,10 11,0,70,,3002,0,10 11,0,85,,3003,0,10 11,0,30,,3004,0,10 11,0,70,,3005,0,10 11,0,30,,3006,0,10 11,0,70,,3007,0,10 11,0,30,,3008,0,10 11,0,70,,3009,0,10 11,0,30,,3012,0,10 11,0
200,'100015',714,,3036,0,10 11,0,30,,3035,0,10 11,0,70,,3014,0,10 11,0,30,,3013,0,10 11,0,70,,3015,0,10 11,0,30,,3016,0,10 11,0,70,,3017,0,10 11,0,30,,3018,0,10 11,0,70,,3019,0,10 11,0,30,,3020,0,10 11,0,85,,3021,0,10 11,0,30,,3022,0,10 11,0,70,,3023,0,10 11,0,30,,3024,0,10 11,0,70,,3025,0,10 11,0,30,,3026,0,10 11,0,70,,3027,0,10 11,0,85,,3028,0,10 11,0,30,,3029,0,10 11,0,70,,3030,0,10 11,0,30,,3031,0,10 11,0,70,,3032,0,10 11,0,30,,3033,0,10 11,0,70,,3034,0,10 11,0
200,'100016',536,,3037,0,10 11,0,70,,3046,0,10 11,0,30,,3038,0,10 11,0,70,,3047,0,10 11,0,30,,3039,0,10 11,0,70,,3048,0,10 11,0,40,,3040,0,10 11,0,70,,3049,0,10 11,0,30,,3041,0,10 11,0,70,,3050,0,10 11,0,30,,3042,0,10 11,0,70,,3051,0,10 11,0,30,,3043,0,10 11,0,70,,3052,0,10 11,0,41,,3044,0,10 11,0,75,,3053,0,10 11,0,75,,3045,0,10 11,0,35,,3054,0,10 11,0,75,,3062,0,10 11,0,35,,3055,0,10 11,0,75,,3063,0,10 11,0,80,,3056,0,10 11,0,42,,3057,0,10 11,0,70,,3064,0,10 11,0,30,,3058,0,10 11,0,70,,3065,0,10 11,0,30,,3059,0,10 11,0,85,,3066,0,10 11,0,70,,3060,0,10 11,0,30,,3067,0,10 11,0,70,,3061,0,10 11,0,30,,3068,0,10 11,0,70,,3069,0,10 11,0
200,'100017',536,,3070,0,10 11,0,70,,3079,0,10 11,0,30,,3071,0,10 11,0,70,,3080,0,10 11,0,30,,3072,0,10 11,0,70,,3081,0,10 11,0,40,,3073,0,10 11,0,70,,3082,0,10 11,0,30,,3074,0,10 11,0,70,,3083,0,10 11,0,30,,3075,0,10 11,0,70,,3084,0,10 11,0,30,,3076,0,10 11,0,70,,3085,0,10 11,0,41,,3077,0,10 11,0,75,,3086,0,10 11,0,75,,3078,0,10 11,0,35,,3087,0,10 11,0,75,,3095,0,10 11,0,35,,3088,0,10 11,0,75,,3096,0,10 11,0,80,,3089,0,10 11,0,42,,3090,0,10 11,0,70,,3097,0,10 11,0,30,,3091,0,10 11,0,70,,3098,0,10 11,0,30,,3092,0,10 11,0,85,,3099,0,10 11,0,70,,3093,0,10 11,0,30,,3100,0,10 11,0,70,,3094,0,10 11,0,30,,3101,0,10 11,0,70,,3102,0,10 11,0
200,'100018',714,,3126,0,10 11,0,30,,3103,0,10 11,0,70,,3104,0,10 11,0,30,,3105,0,10 11,0,70,,3106,0,10 11,0,30,,3107,0,10 11,0,70,,3108,0,10 11,0,30,,3109,0,10 11,0,70,,3110,0,10 11,0,30,,3111,0,10 11,0,85,,3112,0,10 11,0,30,,3113,0,10 11,0,70,,3114,0,10 11,0,30,,3115,0,10 11,0,70,,3116,0,10 11,0,30,,3117,0,10 11,0,70,,3118,0,10 11,0,85,,3119,0,10 11,0,30,,3121,0,10 11,0,70,,3122,0,10 11,0,30,,3123,0,10 11,0,70,,3124,0,10 11,0,30,,3125,0,10 11,0,70,,3120,0,10 11,0
700,'100014',818,,3826,,,0,100,,3827,,,0,100,,3828,,,0,100,,3829,,,0,100,,3830,,,0,115,,3831,,,0,100,,3832,,,0,100,,3833,,,0,115,,3834,,,0,100,,3835,,,0,100,,3836,,,0,100,,3837,,,0
700,'100015',818,,3838,,,0,100,,3839,,,0,100,,3840,,,0,100,,3841,,,0,100,,3842,,,0,115,,3843,,,0,100,,3844,,,0,100,,3845,,,0,115,,3846,,,0,100,,3847,,,0,100,,3848,,,0
700,'100016',541,,3849,,,0,70,,3859,,,0,30,,3850,,,0,18,,3877,,,0,52,,3860,,,0,30,,3851,,,0,70,,3861,,,0,40,,3870,,,0,70,,3852,,,0,30,,3871,,,0,70,,3853,,,0,30,,3878,,,0,70,,3854,,,0,30,,3879,,,0,70,,3855,,,0,83,,3880,,,0,35,,3856,,,0,75,,3862,,,0,35,,3857,,,0,75,,3863,,,0,35,,3858,,,0,75,,3864,,,0,80,,3865,,,0,40,,3872,,,0,70,,3866,,,0,30,,3873,,,0,70,,3867,,,0,30,,3874,,,0,86,,3868,,,0,70,,3875,,,0,30,,3869,,,0,70,,3876,,,0,30,,3881,,,0,70,,3882,,,0
700,'100017',541,,3883,,,0,70,,3893,,,0,30,,3884,,,0,18,,3911,,,0,52,,3894,,,0,30,,3885,,,0,70,,3895,,,0,40,,3904,,,0,70,,3886,,,0,30,,3905,,,0,70,,3887,,,0,30,,3912,,,0,70,,3888,,,0,30,,3913,,,0,70,,3889,,,0,83,,3914,,,0,35,,3890,,,0,75,,3896,,,0,35,,3891,,,0,75,,3897,,,0,35,,3892,,,0,75,,3898,,,0,80,,3899,,,0,40,,3906,,,0,70,,3900,,,0,30,,3907,,,0,70,,3901,,,0,30,,3908,,,0,86,,3902,,,0,70,,3909,,,0,30,,3903,,,0,70,,3910,,,0,30,,3915,,,0,70,,3916,,,0
700,'100018',818,,3917,,,0,100,,3918,,,0,100,,3919,,,0,100,,3920,,,0,100,,3921,,,0,115,,3922,,,0,100,,3923,,,0,100,,3924,,,0,115,,3925,,,0,100,,3926,,,0,100,,3927,,,0
5101,'100016',1450,,4276,0,10 35,0
1005300,'100016',758,,4410,,,0
1005300,'100017',758,,4411,,,0
