300,'100011',801,,2191,4,0,15 7 16 3 17,0,100,,2192,4,0,15 7 16 3 17,0,100,,2193,4,0,15 7 16 3 17,0,100,,2194,4,0,15 7 16 3 17,0,100,,2195,4,0,15 7 16 3 17,0,115,,2201,4,0,15 7 16 3 17,0,100,,2196,4,0,15 7 16 3 17,0,100,,2197,4,0,15 7 16 3 17,0,100,,2198,4,0,15 7 16 3 17,0,115,,2199,4,0,15 7 16 3 17,0,100,,2200,4,0,15 7 16 3 17,0,100,,2202,4,0,15 7 16 3 17,0
300,'100012',801,,2203,4,0,15 7 16 3 17,0,100,,2204,4,0,15 7 16 3 17,0,100,,2205,4,0,15 7 16 3 17,0,100,,2206,4,0,15 7 16 3 17,0,100,,2207,4,0,15 7 16 3 17,0,115,,2213,4,0,15 7 16 3 17,0,100,,2208,4,0,15 7 16 3 17,0,100,,2209,4,0,15 7 16 3 17,0,100,,2210,4,0,15 7 16 3 17,0,115,,2211,4,0,15 7 16 3 17,0,100,,2212,4,0,15 7 16 3 17,0
300,'100013',525,,2214,4,0,15 7 16 3 17,0,30,,2215,4,0,15 7 16 3 17,0,55,,2221,4,0,15 7 16 3 17,0,15,,2216,4,0,15 7 16 3 17,0,30,,2217,4,0,15 7 16 3 17,0,70,,2218,4,0,15 7 16 3 17,0,30,,2219,4,0,15 7 16 3 17,0,50,,2222,4,0,15 7 16 3 17,0,20,,2220,4,0,15 7 16 3 17,0,80,,2223,4,0,15 7 16 3 17,0,30,,2227,4,0,15 7 16 3 17,0,70,,2224,4,0,15 7 16 3 17,0,30,,2228,4,0,15 7 16 3 17,0,70,,2225,4,0,15 7 16 3 17,0,30,,2229,4,0,15 7 16 3 17,0,71,,2226,4,0,15 7 16 3 17,0,30,,2230,4,0,15 7 16 3 17,0,83,,2231,4,0,15 7 16 3 17,0,35,,2232,4,0,15 7 16 3 17,0,75,,2233,4,0,15 7 16 3 17,0,1,,2234,4,0,15 7 16 3 17,0,13,,2235,4,0,15 7 16 3 17,0,61,,2236,4,0,15 7 16 3 17,0,35,,2237,4,0,15 7 16 3 17,0,5,,2238,4,0,15 7 16 3 17,0,70,,2239,4,0,15 7 16 3 17,0,35,,2240,4,0,15 7 16 3 17,0,80,,2241,4,0,15 7 16 3 17,0,79,,2242,4,0,15 7 16 3 17,0,30,,2243,4,0,15 7 16 3 17,0,70,,2244,4,0,15 7 16 3 17,0,30,,2245,4,0,15 7 16 3 17,0,70,,2246,4,0,15 7 16 3 17,0,45,,2247,4,0,15 7 16 3 17,0,70,,2248,4,0,15 7 16 3 17,0,30,,2249,4,0,15 7 16 3 17,0,70,,2250,4,0,15 7 16 3 17,0
300,'100014',525,,2251,4,0,15 7 16 3 17,0,30,,2252,4,0,15 7 16 3 17,0,55,,2258,4,0,15 7 16 3 17,0,15,,2253,4,0,15 7 16 3 17,0,30,,2254,4,0,15 7 16 3 17,0,70,,2255,4,0,15 7 16 3 17,0,30,,2256,4,0,15 7 16 3 17,0,50,,2259,4,0,15 7 16 3 17,0,20,,2257,4,0,15 7 16 3 17,0,80,,2260,4,0,15 7 16 3 17,0,30,,2264,4,0,15 7 16 3 17,0,70,,2261,4,0,15 7 16 3 17,0,30,,2265,4,0,15 7 16 3 17,0,70,,2262,4,0,15 7 16 3 17,0,30,,2266,4,0,15 7 16 3 17,0,71,,2263,4,0,15 7 16 3 17,0,30,,2267,4,0,15 7 16 3 17,0,83,,2268,4,0,15 7 16 3 17,0,35,,2269,4,0,15 7 16 3 17,0,75,,2270,4,0,15 7 16 3 17,0,1,,2271,4,0,15 7 16 3 17,0,13,,2272,4,0,15 7 16 3 17,0,61,,2273,4,0,15 7 16 3 17,0,35,,2274,4,0,15 7 16 3 17,0,5,,2275,4,0,15 7 16 3 17,0,70,,2276,4,0,15 7 16 3 17,0,35,,2277,4,0,15 7 16 3 17,0,80,,2278,4,0,15 7 16 3 17,0,79,,2279,4,0,15 7 16 3 17,0,30,,2280,4,0,15 7 16 3 17,0,70,,2281,4,0,15 7 16 3 17,0,30,,2282,4,0,15 7 16 3 17,0,70,,2283,4,0,15 7 16 3 17,0,45,,2284,4,0,15 7 16 3 17,0,70,,2285,4,0,15 7 16 3 17,0,30,,2286,4,0,15 7 16 3 17,0,70,,2287,4,0,15 7 16 3 17,0
300,'100015',801,,2288,4,0,15 7 16 3 17,0,100,,2289,4,0,15 7 16 3 17,0,100,,2290,4,0,15 7 16 3 17,0,100,,2291,4,0,15 7 16 3 17,0,100,,2292,4,0,15 7 16 3 17,0,115,,2293,4,0,15 7 16 3 17,0,100,,2294,4,0,15 7 16 3 17,0,100,,2295,4,0,15 7 16 3 17,0,100,,2296,4,0,15 7 16 3 17,0,115,,2297,4,0,15 7 16 3 17,0,100,,2298,4,0,15 7 16 3 17,0
5300,'100013',817,,3206,31,,,0
5301,'100013',1549,,3208,24,,,0
1005300,'100013',754,,3336,6,,,0
1005300,'100014',754,,3337,6,,,0
1005301,'100013',1514,,3338,18,,,0
1005301,'100014',1514,,3339,18,,,0
