500,'100015',806,,3933,11,0,12 3 13,0,100,,3934,11,0,12 3 13,0,100,,3935,11,0,12 3 13,0,100,,3936,11,0,12 3 13,0,100,,3937,11,0,12 3 13,0,115,,3938,11,0,12 3 13,0,100,,3939,11,0,12 3 13,0,100,,3940,11,0,12 3 13,0,115,,3941,11,0,12 3 13,0,100,,3942,11,0,12 3 13,0,100,,3943,11,0,12 3 13,0
500,'100016',806,,3944,11,0,12 3 13,0,100,,3945,11,0,12 3 13,0,100,,3946,11,0,12 3 13,0,100,,3947,11,0,12 3 13,0,100,,3948,11,0,12 3 13,0,115,,3949,11,0,12 3 13,0,100,,3950,11,0,12 3 13,0,100,,3951,11,0,12 3 13,0,115,,3952,11,0,12 3 13,0,100,,3953,11,0,12 3 13,0,100,,3954,11,0,12 3 13,0
500,'100017',558,,3955,11,0,12 3 13,0,70,,3971,11,0,12 3 13,0,30,,3956,11,0,12 3 13,0,70,,3972,11,0,12 3 13,0,30,,3957,11,0,12 3 13,0,80,,3958,11,0,12 3 13,0,70,,3980,11,0,12 3 13,0,30,,3959,11,0,12 3 13,0,70,,3983,11,0,12 3 13,0,30,,3960,11,0,12 3 13,0,70,,3982,11,0,12 3 13,0,30,,3961,11,0,12 3 13,0,70,,3984,11,0,12 3 13,0,40,,3962,11,0,12 3 13,0,75,,3981,11,0,12 3 13,0,35,,3963,11,0,12 3 13,0,75,,3973,11,0,12 3 13,0,75,,3964,11,0,12 3 13,0,35,,3974,11,0,12 3 13,0,75,,3965,11,0,12 3 13,0,40,,3966,11,0,12 3 13,0,83,,3975,11,0,12 3 13,0,70,,3967,11,0,12 3 13,0,30,,3976,11,0,12 3 13,0,70,,3968,11,0,12 3 13,0,30,,3977,11,0,12 3 13,0,85,,3969,11,0,12 3 13,0,30,,3978,11,0,12 3 13,0,70,,3970,11,0,12 3 13,0,30,,3979,11,0,12 3 13,0,70,,3985,11,0,12 3 13,0,30,,3986,11,0,12 3 13,0
700,'100015',805,,4046,7,0,24 3 25,0,100,,4047,7,0,24 3 25,0,100,,4048,7,0,24 3 25,0,100,,4049,7,0,24 3 25,0,100,,4050,7,0,24 3 25,0,115,,4051,7,0,24 3 25,0,100,,4052,7,0,24 3 25,0,100,,4053,7,0,24 3 25,0,115,,4054,7,0,24 3 25,0,100,,4055,7,0,24 3 25,0,100,,4056,7,0,24 3 25,0
700,'100016',805,,4057,7,0,24 3 25,0,100,,4058,7,0,24 3 25,0,100,,4059,7,0,24 3 25,0,100,,4060,7,0,24 3 25,0,100,,4061,7,0,24 3 25,0,115,,4062,7,0,24 3 25,0,100,,4063,7,0,24 3 25,0,100,,4064,7,0,24 3 25,0,115,,4065,7,0,24 3 25,0,100,,4066,7,0,24 3 25,0,100,,4067,7,0,24 3 25,0
700,'100017',527,,4068,7,0,24 3 25,0,30,,4078,7,0,24 3 25,0,70,,4069,7,0,24 3 25,0,18,,4096,7,0,24 3 25,0,12,,4079,7,0,24 3 25,0,70,,4070,7,0,24 3 25,0,30,,4080,7,0,24 3 25,0,80,,4089,7,0,24 3 25,0,70,,4071,7,0,24 3 25,0,30,,4090,7,0,24 3 25,0,70,,4072,7,0,24 3 25,0,30,,4097,7,0,24 3 25,0,70,,4073,7,0,24 3 25,0,30,,4098,7,0,24 3 25,0,70,,4074,7,0,24 3 25,0,39,,4099,7,0,24 3 25,0,75,,4075,7,0,24 3 25,0,35,,4081,7,0,24 3 25,0,75,,4076,7,0,24 3 25,0,75,,4082,7,0,24 3 25,0,35,,4077,7,0,24 3 25,0,75,,4083,7,0,24 3 25,0,40,,4084,7,0,24 3 25,0,84,,4091,7,0,24 3 25,0,70,,4085,7,0,24 3 25,0,30,,4092,7,0,24 3 25,0,70,,4086,7,0,24 3 25,0,30,,4093,7,0,24 3 25,0,85,,4087,7,0,24 3 25,0,30,,4094,7,0,24 3 25,0,70,,4088,7,0,24 3 25,0,30,,4095,7,0,24 3 25,0,70,,4100,7,0,24 3 25,0,30,,4101,7,0,24 3 25,0
1000900,'100015',737,,4298,8,,,0,80,,4299,8,,,0,40,,4300,8,,,0,80,,4301,8,,,0,80,,4302,8,,,0,40,,4303,8,,,0,80,,4304,8,,,0,85,,4305,8,,,0,80,,4306,8,,,0,41,,4307,8,,,0,80,,4308,8,,,0,80,,4309,8,,,0,40,,4310,8,,,0,80,,4311,8,,,0,85,,4312,8,,,0,40,,4313,8,,,0,80,,4314,8,,,0,80,,4315,8,,,0
1000900,'100016',737,,4316,8,,,0,80,,4317,8,,,0,40,,4318,8,,,0,80,,4319,8,,,0,80,,4320,8,,,0,40,,4321,8,,,0,80,,4322,8,,,0,85,,4323,8,,,0,80,,4324,8,,,0,41,,4325,8,,,0,80,,4326,8,,,0,80,,4327,8,,,0,40,,4328,8,,,0,80,,4329,8,,,0,85,,4330,8,,,0,40,,4331,8,,,0,80,,4332,8,,,0,80,,4333,8,,,0
1000900,'100017',523,,4344,8,,,0,30,,4345,8,,,0,70,,4346,8,,,0,30,,4347,8,,,0,70,,4348,8,,,0,30,,4349,8,,,0,62,,4350,8,,,0,28,,4351,8,,,0,75,,4352,8,,,0,20,,4353,8,,,0,70,,4354,8,,,0,30,,4355,8,,,0,70,,4356,8,,,0,30,,4357,8,,,0,70,,4358,8,,,0,30,,4359,8,,,0,70,,4360,8,,,0,30,,4361,8,,,0,72,,4362,8,,,0,30,,4363,8,,,0,70,,4364,8,,,0,28,,4365,8,,,0,72,,4366,8,,,0,30,,4367,8,,,0,18,,4368,8,,,0,85,,4337,8,,,0,70,,4338,8,,,0,30,,4341,8,,,0,70,,4334,8,,,0,29,,4336,8,,,0,83,,4342,8,,,0,85,,4340,8,,,0,35,,4339,8,,,0,75,,4343,8,,,0,35,,4335,8,,,0
2000900,'100015',757,,4369,8,,,0,80,,4370,8,,,0,80,,4371,8,,,0,40,,4372,8,,,0,80,,4373,8,,,0,80,,4374,8,,,0,40,,4375,8,,,0,80,,4376,8,,,0,85,,4377,8,,,0,80,,4378,8,,,0,41,,4379,8,,,0,80,,4380,8,,,0,85,,4381,8,,,0,40,,4382,8,,,0,80,,4383,8,,,0,80,,4384,8,,,0,40,,4385,8,,,0
2000900,'100016',757,,4386,8,,,0,80,,4387,8,,,0,80,,4388,8,,,0,40,,4389,8,,,0,80,,4390,8,,,0,80,,4391,8,,,0,40,,4392,8,,,0,80,,4393,8,,,0,85,,4394,8,,,0,80,,4395,8,,,0,41,,4396,8,,,0,80,,4397,8,,,0,85,,4398,8,,,0,40,,4399,8,,,0,80,,4400,8,,,0,80,,4401,8,,,0,40,,4402,8,,,0
2000900,'100017',547,,4403,8,,,0,60,,4404,8,,,0,30,,4405,8,,,0,70,,4406,8,,,0,30,,4407,8,,,0,20,,4408,8,,,0,80,,4409,8,,,0,22,,4434,8,,,0,68,,4410,8,,,0,30,,4411,8,,,0,60,,4412,8,,,0,30,,4413,8,,,0,70,,4414,8,,,0,30,,4415,8,,,0,70,,4416,8,,,0,30,,4417,8,,,0,70,,4418,8,,,0,30,,4419,8,,,0,72,,4420,8,,,0,31,,4421,8,,,0,70,,4422,8,,,0,34,,4423,8,,,0,64,,4424,8,,,0,32,,4425,8,,,0,78,,4426,8,,,0,30,,4427,8,,,0,70,,4428,8,,,0,30,,4429,8,,,0,70,,4430,8,,,0,25,,4431,8,,,0,72,,4432,8,,,0,34,,4433,8,,,0,85,,4435,8,,,0,75,,4436,8,,,0,36,,4437,8,,,0
