400,'100014',753,,2408,37,,,0,70,,2421,37,,,0,30,,2409,37,,,0,70,,2422,37,,,0,30,,2410,37,,,0,70,,2423,37,,,0,30,,2411,37,,,0,70,,2424,37,,,0,30,,2412,37,,,0,70,,2425,37,,,0,85,,2413,37,,,0,30,,2426,37,,,0,70,,2414,37,,,0,30,,2427,37,,,0,70,,2415,37,,,0,30,,2428,37,,,0,70,,2416,37,,,0,45,,2429,37,,,0,70,,2417,37,,,0,30,,2430,37,,,0,70,,2418,37,,,0,30,,2420,37,,,0,70,,2419,37,,,0,30,,2431,37,,,0,70,,2432,37,,,0
400,'100015',753,,2433,37,,,0,70,,2446,37,,,0,30,,2434,37,,,0,70,,2447,37,,,0,30,,2435,37,,,0,70,,2448,37,,,0,30,,2436,37,,,0,70,,2449,37,,,0,30,,2437,37,,,0,70,,2450,37,,,0,85,,2438,37,,,0,30,,2451,37,,,0,70,,2439,37,,,0,30,,2452,37,,,0,70,,2440,37,,,0,30,,2453,37,,,0,70,,2441,37,,,0,45,,2454,37,,,0,70,,2442,37,,,0,30,,2455,37,,,0,70,,2443,37,,,0,30,,2445,37,,,0,70,,2444,37,,,0
400,'100016',546,,2485,37,,,0,70,,2464,37,,,0,30,,2456,37,,,0,57,,2483,37,,,0,13,,2465,37,,,0,30,,2457,37,,,0,70,,2466,37,,,0,40,,2458,37,,,0,69,,2484,37,,,0,31,,2459,37,,,0,70,,2480,37,,,0,30,,2460,37,,,0,70,,2481,37,,,0,30,,2461,37,,,0,70,,2482,37,,,0,79,,2462,37,,,0,35,,2487,37,,,0,75,,2463,37,,,0,35,,2467,37,,,0,75,,2486,37,,,0,75,,2468,37,,,0,35,,2469,37,,,0,80,,2475,37,,,0,43,,2470,37,,,0,70,,2476,37,,,0,30,,2471,37,,,0,70,,2477,37,,,0,30,,2472,37,,,0,85,,2478,37,,,0,70,,2473,37,,,0,30,,2479,37,,,0,70,,2474,37,,,0,30,,2488,37,,,0,70,,2489,37,,,0
400,'100017',546,,2519,37,,,0,70,,2498,37,,,0,30,,2490,37,,,0,57,,2517,37,,,0,13,,2499,37,,,0,30,,2491,37,,,0,70,,2500,37,,,0,40,,2492,37,,,0,69,,2518,37,,,0,31,,2493,37,,,0,70,,2514,37,,,0,30,,2494,37,,,0,70,,2515,37,,,0,30,,2495,37,,,0,70,,2516,37,,,0,79,,2496,37,,,0,35,,2521,37,,,0,75,,2497,37,,,0,35,,2501,37,,,0,75,,2520,37,,,0,75,,2502,37,,,0,35,,2503,37,,,0,80,,2509,37,,,0,43,,2504,37,,,0,70,,2510,37,,,0,30,,2505,37,,,0,70,,2511,37,,,0,30,,2506,37,,,0,85,,2512,37,,,0,70,,2507,37,,,0,30,,2513,37,,,0,70,,2508,37,,,0,30,,2522,37,,,0,70,,2523,37,,,0
400,'100018',753,,2524,37,,,0,70,,2525,37,,,0,30,,2526,37,,,0,70,,2527,37,,,0,30,,2528,37,,,0,70,,2529,37,,,0,30,,2530,37,,,0,70,,2531,37,,,0,30,,2532,37,,,0,70,,2533,37,,,0,85,,2534,37,,,0,30,,2535,37,,,0,70,,2536,37,,,0,30,,2537,37,,,0,70,,2538,37,,,0,30,,2539,37,,,0,70,,2540,37,,,0,45,,2542,37,,,0,70,,2543,37,,,0,30,,2544,37,,,0,70,,2545,37,,,0,30,,2546,37,,,0,70,,2541,37,,,0
800,'100014',752,,2854,38,,,0,100,,2855,38,,,0,100,,2856,38,,,0,100,,2857,38,,,0,100,,2858,38,,,0,155,,2859,38,,,0,100,,2860,38,,,0,100,,2861,38,,,0,100,,2862,38,,,0,115,,2863,38,,,0,100,,2864,38,,,0,100,,2865,38,,,0,100,,2866,38,,,0
800,'100015',752,,2867,38,,,0,100,,2868,38,,,0,100,,2869,38,,,0,100,,2870,38,,,0,100,,2871,38,,,0,155,,2872,38,,,0,100,,2873,38,,,0,100,,2874,38,,,0,100,,2875,38,,,0,115,,2876,38,,,0,100,,2877,38,,,0,100,,2878,38,,,0
800,'100016',616,,2894,38,,,0,30,,2879,38,,,0,70,,2895,38,,,0,30,,2880,38,,,0,70,,2896,38,,,0,40,,2897,38,,,0,69,,2881,38,,,0,30,,2905,38,,,0,70,,2882,38,,,0,30,,2906,38,,,0,70,,2883,38,,,0,30,,2907,38,,,0,70,,2884,38,,,0,82,,2908,38,,,0,35,,2885,38,,,0,75,,2898,38,,,0,35,,2886,38,,,0,75,,2887,38,,,0,75,,2899,38,,,0,35,,2888,38,,,0,80,,2900,38,,,0,41,,2889,38,,,0,70,,2901,38,,,0,30,,2890,38,,,0,70,,2902,38,,,0,30,,2891,38,,,0,85,,2903,38,,,0,70,,2892,38,,,0,30,,2904,38,,,0,70,,2893,38,,,0,29,,2910,38,,,0,68,,2909,38,,,0
800,'100017',616,,2926,38,,,0,30,,2911,38,,,0,70,,2927,38,,,0,30,,2912,38,,,0,70,,2928,38,,,0,40,,2929,38,,,0,69,,2913,38,,,0,30,,2937,38,,,0,70,,2914,38,,,0,30,,2938,38,,,0,70,,2915,38,,,0,30,,2939,38,,,0,70,,2916,38,,,0,82,,2940,38,,,0,35,,2917,38,,,0,75,,2930,38,,,0,35,,2918,38,,,0,75,,2919,38,,,0,75,,2931,38,,,0,35,,2920,38,,,0,80,,2932,38,,,0,41,,2921,38,,,0,70,,2933,38,,,0,30,,2922,38,,,0,70,,2934,38,,,0,30,,2923,38,,,0,85,,2935,38,,,0,70,,2924,38,,,0,30,,2936,38,,,0,70,,2925,38,,,0,29,,2942,38,,,0,68,,2941,38,,,0
800,'100018',752,,2943,38,,,0,100,,2944,38,,,0,100,,2945,38,,,0,100,,2946,38,,,0,100,,2947,38,,,0,155,,2948,38,,,0,100,,2949,38,,,0,100,,2950,38,,,0,100,,2951,38,,,0,115,,2952,38,,,0,100,,2953,38,,,0,100,,2954,38,,,0
5201,'100016',1535,,3205,24,0,5 6,0
5401,'100016',1455,,3210,21,0,7 18,0
