300,'100014',757,,3265,0,19 5 20 3 21,0,100,,3266,0,19 5 20 3 21,0,100,,3267,0,19 5 20 3 21,0,100,,3268,0,19 5 20 3 21,0,100,,3269,0,19 5 20 3 21,0,155,,3275,0,19 5 20 3 21,0,100,,3270,0,19 5 20 3 21,0,100,,3271,0,19 5 20 3 21,0,100,,3272,0,19 5 20 3 21,0,115,,3273,0,19 5 20 3 21,0,100,,3274,0,19 5 20 3 21,0,100,,3276,0,19 5 20 3 21,0
300,'100015',757,,3277,0,19 5 20 3 21,0,100,,3278,0,19 5 20 3 21,0,100,,3279,0,19 5 20 3 21,0,100,,3280,0,19 5 20 3 21,0,100,,3281,0,19 5 20 3 21,0,155,,3287,0,19 5 20 3 21,0,100,,3282,0,19 5 20 3 21,0,100,,3283,0,19 5 20 3 21,0,100,,3284,0,19 5 20 3 21,0,115,,3285,0,19 5 20 3 21,0,100,,3286,0,19 5 20 3 21,0
300,'100016',521,,3288,0,19 5 20 3 21,0,30,,3289,0,19 5 20 3 21,0,55,,3295,0,19 5 20 3 21,0,15,,3290,0,19 5 20 3 21,0,30,,3291,0,19 5 20 3 21,0,70,,3292,0,19 5 20 3 21,0,30,,3293,0,19 5 20 3 21,0,50,,3296,0,19 5 20 3 21,0,20,,3294,0,19 5 20 3 21,0,80,,3297,0,19 5 20 3 21,0,30,,3301,0,19 5 20 3 21,0,70,,3298,0,19 5 20 3 21,0,30,,3302,0,19 5 20 3 21,0,70,,3299,0,19 5 20 3 21,0,30,,3303,0,19 5 20 3 21,0,70,,3300,0,19 5 20 3 21,0,30,,3304,0,19 5 20 3 21,0,83,,3305,0,19 5 20 3 21,0,35,,3306,0,19 5 20 3 21,0,75,,3307,0,19 5 20 3 21,0,1,,3308,0,19 5 20 3 21,0,13,,3309,0,19 5 20 3 21,0,21,,3310,0,19 5 20 3 21,0,75,,3311,0,19 5 20 3 21,0,5,,3312,0,19 5 20 3 21,0,70,,3313,0,19 5 20 3 21,0,35,,3314,0,19 5 20 3 21,0,80,,3315,0,19 5 20 3 21,0,80,,3316,0,19 5 20 3 21,0,30,,3317,0,19 5 20 3 21,0,70,,3318,0,19 5 20 3 21,0,30,,3319,0,19 5 20 3 21,0,70,,3320,0,19 5 20 3 21,0,45,,3321,0,19 5 20 3 21,0,70,,3322,0,19 5 20 3 21,0,30,,3323,0,19 5 20 3 21,0,70,,3324,0,19 5 20 3 21,0
300,'100017',521,,3325,0,19 5 20 3 21,0,30,,3326,0,19 5 20 3 21,0,55,,3332,0,19 5 20 3 21,0,15,,3327,0,19 5 20 3 21,0,30,,3328,0,19 5 20 3 21,0,70,,3329,0,19 5 20 3 21,0,30,,3330,0,19 5 20 3 21,0,50,,3333,0,19 5 20 3 21,0,20,,3331,0,19 5 20 3 21,0,80,,3334,0,19 5 20 3 21,0,30,,3338,0,19 5 20 3 21,0,70,,3335,0,19 5 20 3 21,0,30,,3339,0,19 5 20 3 21,0,70,,3336,0,19 5 20 3 21,0,30,,3340,0,19 5 20 3 21,0,70,,3337,0,19 5 20 3 21,0,30,,3341,0,19 5 20 3 21,0,83,,3342,0,19 5 20 3 21,0,35,,3343,0,19 5 20 3 21,0,75,,3344,0,19 5 20 3 21,0,1,,3345,0,19 5 20 3 21,0,13,,3346,0,19 5 20 3 21,0,21,,3347,0,19 5 20 3 21,0,75,,3348,0,19 5 20 3 21,0,5,,3349,0,19 5 20 3 21,0,70,,3350,0,19 5 20 3 21,0,35,,3351,0,19 5 20 3 21,0,80,,3352,0,19 5 20 3 21,0,80,,3353,0,19 5 20 3 21,0,30,,3354,0,19 5 20 3 21,0,70,,3355,0,19 5 20 3 21,0,30,,3356,0,19 5 20 3 21,0,70,,3357,0,19 5 20 3 21,0,45,,3358,0,19 5 20 3 21,0,70,,3359,0,19 5 20 3 21,0,30,,3360,0,19 5 20 3 21,0,70,,3361,0,19 5 20 3 21,0
300,'100018',757,,3362,0,19 5 20 3 21,0,100,,3363,0,19 5 20 3 21,0,100,,3364,0,19 5 20 3 21,0,100,,3365,0,19 5 20 3 21,0,100,,3366,0,19 5 20 3 21,0,155,,3367,0,19 5 20 3 21,0,100,,3368,0,19 5 20 3 21,0,100,,3369,0,19 5 20 3 21,0,100,,3370,0,19 5 20 3 21,0,115,,3371,0,19 5 20 3 21,0,100,,3372,0,19 5 20 3 21,0
301,'100014',754,,3376,4,,0,100,,3377,4,,0,100,,3378,4,,0,101,,3379,4,,0,100,,3380,4,,0,155,,3381,4,,0,100,,3382,4,,0,100,,3383,4,,0,100,,3384,4,,0,115,,3375,4,,0,100,,3373,4,,0,100,,3374,4,,0,100,,3385,4,,0
301,'100015',754,,3389,4,,0,100,,3390,4,,0,100,,3391,4,,0,101,,3392,4,,0,100,,3393,4,,0,155,,3394,4,,0,100,,3395,4,,0,100,,3396,4,,0,100,,3397,4,,0,115,,3388,4,,0,100,,3386,4,,0,100,,3387,4,,0
301,'100016',549,,3398,4,,0,70,,3399,4,,0,30,,3400,4,,0,70,,3401,4,,0,30,,3402,4,,0,10,,3403,4,,0,60,,3408,4,,0,40,,3404,4,,0,70,,3409,4,,0,30,,3405,4,,0,70,,3410,4,,0,30,,3406,4,,0,70,,3411,4,,0,30,,3407,4,,0,70,,3412,4,,0,82,,3413,4,,0,35,,3414,4,,0,75,,3415,4,,0,14,,3416,4,,0,21,,3417,4,,0,75,,3418,4,,0,5,,3433,4,,0,70,,3419,4,,0,35,,3420,4,,0,80,,3421,4,,0,81,,3422,4,,0,30,,3423,4,,0,70,,3424,4,,0,30,,3425,4,,0,70,,3426,4,,0,45,,3427,4,,0,70,,3428,4,,0,30,,3429,4,,0,70,,3430,4,,0,30,,3431,4,,0,70,,3432,4,,0
301,'100017',549,,3434,4,,0,70,,3435,4,,0,30,,3436,4,,0,70,,3437,4,,0,30,,3438,4,,0,10,,3439,4,,0,60,,3444,4,,0,40,,3440,4,,0,70,,3445,4,,0,30,,3441,4,,0,70,,3446,4,,0,30,,3442,4,,0,70,,3447,4,,0,30,,3443,4,,0,70,,3448,4,,0,82,,3449,4,,0,35,,3450,4,,0,75,,3451,4,,0,14,,3452,4,,0,21,,3453,4,,0,75,,3454,4,,0,5,,3469,4,,0,70,,3455,4,,0,35,,3456,4,,0,80,,3457,4,,0,81,,3458,4,,0,30,,3459,4,,0,70,,3460,4,,0,30,,3461,4,,0,70,,3462,4,,0,45,,3463,4,,0,70,,3464,4,,0,30,,3465,4,,0,70,,3466,4,,0,30,,3467,4,,0,70,,3468,4,,0
301,'100018',754,,3473,4,,0,100,,3474,4,,0,100,,3475,4,,0,101,,3476,4,,0,100,,3477,4,,0,155,,3478,4,,0,100,,3479,4,,0,100,,3480,4,,0,100,,3481,4,,0,115,,3470,4,,0,100,,3471,4,,0,100,,3472,4,,0
