201,'100011',756,,2058,16,0,5 6,0,70,,2062,16,0,5 6,0,30,,2059,16,0,5 6,0,70,,2072,16,0,5 6,0,30,,2061,16,0,5 6,0,70,,2060,16,0,5 6,0,30,,2063,16,0,5 6,0,70,,2064,16,0,5 6,0,30,,2053,16,0,5 6,0,85,,2066,16,0,5 6,0,70,,2067,16,0,5 6,0,30,,2068,16,0,5 6,0,70,,2069,16,0,5 6,0,30,,2070,16,0,5 6,0,70,,2071,16,0,5 6,0,30,,2075,16,0,5 6,0,85,,2073,16,0,5 6,0,30,,2074,16,0,5 6,0,70,,2054,16,0,5 6,0,30,,2057,16,0,5 6,0,70,,2056,16,0,5 6,0,30,,2055,16,0,5 6,0,70,,2065,16,0,5 6,0,30,,2076,16,0,5 6,0
201,'100012',756,,2082,16,0,5 6,0,70,,2086,16,0,5 6,0,30,,2083,16,0,5 6,0,70,,2096,16,0,5 6,0,30,,2085,16,0,5 6,0,70,,2084,16,0,5 6,0,30,,2087,16,0,5 6,0,70,,2088,16,0,5 6,0,30,,2077,16,0,5 6,0,85,,2090,16,0,5 6,0,70,,2091,16,0,5 6,0,30,,2092,16,0,5 6,0,70,,2093,16,0,5 6,0,30,,2094,16,0,5 6,0,70,,2095,16,0,5 6,0,30,,2099,16,0,5 6,0,85,,2097,16,0,5 6,0,30,,2098,16,0,5 6,0,70,,2078,16,0,5 6,0,30,,2081,16,0,5 6,0,70,,2080,16,0,5 6,0,30,,2079,16,0,5 6,0,70,,2089,16,0,5 6,0
201,'100013',548,,2133,16,0,5 6,0,70,,2100,16,0,5 6,0,30,,2108,16,0,5 6,0,70,,2101,16,0,5 6,0,30,,2109,16,0,5 6,0,70,,2102,16,0,5 6,0,40,,2110,16,0,5 6,0,70,,2103,16,0,5 6,0,30,,2111,16,0,5 6,0,70,,2104,16,0,5 6,0,30,,2112,16,0,5 6,0,70,,2105,16,0,5 6,0,30,,2113,16,0,5 6,0,70,,2106,16,0,5 6,0,79,,2131,16,0,5 6,0,35,,2107,16,0,5 6,0,75,,2114,16,0,5 6,0,35,,2121,16,0,5 6,0,75,,2115,16,0,5 6,0,75,,2122,16,0,5 6,0,35,,2116,16,0,5 6,0,79,,2132,16,0,5 6,0,84,,2123,16,0,5 6,0,30,,2117,16,0,5 6,0,70,,2124,16,0,5 6,0,30,,2118,16,0,5 6,0,70,,2125,16,0,5 6,0,45,,2119,16,0,5 6,0,70,,2126,16,0,5 6,0,30,,2120,16,0,5 6,0,70,,2127,16,0,5 6,0,30,,2128,16,0,5 6,0,72,,2129,16,0,5 6,0
201,'100014',548,,2167,16,0,5 6,0,70,,2134,16,0,5 6,0,30,,2142,16,0,5 6,0,70,,2135,16,0,5 6,0,30,,2143,16,0,5 6,0,70,,2136,16,0,5 6,0,40,,2144,16,0,5 6,0,70,,2137,16,0,5 6,0,30,,2145,16,0,5 6,0,70,,2138,16,0,5 6,0,30,,2146,16,0,5 6,0,70,,2139,16,0,5 6,0,30,,2147,16,0,5 6,0,70,,2140,16,0,5 6,0,79,,2165,16,0,5 6,0,35,,2141,16,0,5 6,0,75,,2148,16,0,5 6,0,35,,2155,16,0,5 6,0,75,,2149,16,0,5 6,0,75,,2156,16,0,5 6,0,35,,2150,16,0,5 6,0,79,,2166,16,0,5 6,0,84,,2157,16,0,5 6,0,30,,2151,16,0,5 6,0,70,,2158,16,0,5 6,0,30,,2152,16,0,5 6,0,70,,2159,16,0,5 6,0,45,,2153,16,0,5 6,0,70,,2160,16,0,5 6,0,30,,2154,16,0,5 6,0,70,,2161,16,0,5 6,0,30,,2162,16,0,5 6,0,72,,2163,16,0,5 6,0
201,'100015',756,,2168,16,0,5 6,0,70,,2169,16,0,5 6,0,30,,2170,16,0,5 6,0,70,,2171,16,0,5 6,0,30,,2172,16,0,5 6,0,70,,2173,16,0,5 6,0,30,,2174,16,0,5 6,0,70,,2175,16,0,5 6,0,30,,2176,16,0,5 6,0,85,,2177,16,0,5 6,0,70,,2178,16,0,5 6,0,30,,2179,16,0,5 6,0,70,,2180,16,0,5 6,0,30,,2181,16,0,5 6,0,70,,2182,16,0,5 6,0,30,,2183,16,0,5 6,0,85,,2184,16,0,5 6,0,30,,2186,16,0,5 6,0,70,,2187,16,0,5 6,0,30,,2188,16,0,5 6,0,70,,2189,16,0,5 6,0,30,,2190,16,0,5 6,0,70,,2185,16,0,5 6,0
2100,'100011',833,,2963,19,,,0,75,,2956,19,,,0,35,,2964,19,,,0,75,,2957,19,,,0,35,,2973,19,,,0,75,,2972,19,,,0,75,,2965,19,,,0,35,,2958,19,,,0,75,,2966,19,,,0,35,,2959,19,,,0,75,,2967,19,,,0,35,,2960,19,,,0,75,,2974,19,,,0,75,,2971,19,,,0,35,,2968,19,,,0,75,,2961,19,,,0,35,,2969,19,,,0,80,,2962,19,,,0,75,,2970,19,,,0,35,,2955,19,,,0,110,,2975,19,,,0
2100,'100012',833,,2984,19,,,0,75,,2977,19,,,0,35,,2985,19,,,0,75,,2978,19,,,0,35,,2994,19,,,0,75,,2993,19,,,0,75,,2986,19,,,0,35,,2979,19,,,0,75,,2987,19,,,0,35,,2980,19,,,0,75,,2988,19,,,0,35,,2981,19,,,0,75,,2995,19,,,0,75,,2992,19,,,0,35,,2989,19,,,0,75,,2982,19,,,0,35,,2990,19,,,0,80,,2983,19,,,0,75,,2991,19,,,0,35,,2976,19,,,0
2100,'100013',655,,3010,19,,,0,75,,2996,19,,,0,75,,3011,19,,,0,35,,2997,19,,,0,75,,3012,19,,,0,34,,2998,19,,,0,75,,3013,19,,,0,35,,2999,19,,,0,75,,3014,19,,,0,75,,3000,19,,,0,38,,3015,19,,,0,75,,3001,19,,,0,35,,3016,19,,,0,75,,3002,19,,,0,75,,3017,19,,,0,35,,3003,19,,,0,76,,3018,19,,,0,34,,3004,19,,,0,75,,3019,19,,,0,79,,3005,19,,,0,37,,3020,19,,,0,73,,3006,19,,,0,39,,3021,19,,,0,71,,3007,19,,,0,79,,3022,19,,,0,40,,3008,19,,,0,70,,3009,19,,,0,30,,3023,19,,,0,70,,3024,19,,,0,30,,3025,19,,,0
2100,'100014',655,,3040,19,,,0,75,,3026,19,,,0,75,,3041,19,,,0,35,,3027,19,,,0,75,,3042,19,,,0,34,,3028,19,,,0,75,,3043,19,,,0,35,,3029,19,,,0,75,,3044,19,,,0,75,,3030,19,,,0,38,,3045,19,,,0,75,,3031,19,,,0,35,,3046,19,,,0,75,,3032,19,,,0,75,,3047,19,,,0,35,,3033,19,,,0,76,,3048,19,,,0,34,,3034,19,,,0,75,,3049,19,,,0,79,,3035,19,,,0,37,,3050,19,,,0,73,,3036,19,,,0,39,,3051,19,,,0,71,,3037,19,,,0,79,,3052,19,,,0,40,,3038,19,,,0,70,,3039,19,,,0,30,,3053,19,,,0,70,,3054,19,,,0,30,,3055,19,,,0
2100,'100015',833,,3056,19,,,0,75,,3057,19,,,0,35,,3058,19,,,0,75,,3059,19,,,0,35,,3060,19,,,0,75,,3061,19,,,0,75,,3062,19,,,0,35,,3063,19,,,0,75,,3064,19,,,0,35,,3065,19,,,0,75,,3066,19,,,0,35,,3067,19,,,0,75,,3068,19,,,0,75,,3069,19,,,0,35,,3070,19,,,0,75,,3071,19,,,0,35,,3072,19,,,0,80,,3073,19,,,0,75,,3074,19,,,0,35,,3075,19,,,0
