301,'100013',742,,2302,23,0,15 7 16 3 17,0,100,,2303,23,0,15 7 16 3 17,0,100,,2304,23,0,15 7 16 3 17,0,101,,2305,23,0,15 7 16 3 17,0,100,,2306,23,0,15 7 16 3 17,0,115,,2307,23,0,15 7 16 3 17,0,100,,2308,23,0,15 7 16 3 17,0,100,,2309,23,0,15 7 16 3 17,0,100,,2310,23,0,15 7 16 3 17,0,155,,2301,23,0,15 7 16 3 17,0,100,,2299,23,0,15 7 16 3 17,0,100,,2300,23,0,15 7 16 3 17,0,100,,2311,23,0,15 7 16 3 17,0
301,'100014',742,,2315,23,0,15 7 16 3 17,0,100,,2316,23,0,15 7 16 3 17,0,100,,2317,23,0,15 7 16 3 17,0,101,,2318,23,0,15 7 16 3 17,0,100,,2319,23,0,15 7 16 3 17,0,115,,2320,23,0,15 7 16 3 17,0,100,,2321,23,0,15 7 16 3 17,0,100,,2322,23,0,15 7 16 3 17,0,100,,2323,23,0,15 7 16 3 17,0,155,,2314,23,0,15 7 16 3 17,0,100,,2312,23,0,15 7 16 3 17,0,100,,2313,23,0,15 7 16 3 17,0
301,'100015',537,,2324,23,0,15 7 16 3 17,0,70,,2325,23,0,15 7 16 3 17,0,30,,2326,23,0,15 7 16 3 17,0,70,,2327,23,0,15 7 16 3 17,0,30,,2328,23,0,15 7 16 3 17,0,10,,2329,23,0,15 7 16 3 17,0,60,,2334,23,0,15 7 16 3 17,0,40,,2330,23,0,15 7 16 3 17,0,70,,2335,23,0,15 7 16 3 17,0,30,,2331,23,0,15 7 16 3 17,0,70,,2336,23,0,15 7 16 3 17,0,30,,2332,23,0,15 7 16 3 17,0,70,,2337,23,0,15 7 16 3 17,0,30,,2333,23,0,15 7 16 3 17,0,70,,2338,23,0,15 7 16 3 17,0,39,,2339,23,0,15 7 16 3 17,0,75,,2340,23,0,15 7 16 3 17,0,75,,2341,23,0,15 7 16 3 17,0,14,,2342,23,0,15 7 16 3 17,0,21,,2343,23,0,15 7 16 3 17,0,75,,2344,23,0,15 7 16 3 17,0,5,,2359,23,0,15 7 16 3 17,0,30,,2345,23,0,15 7 16 3 17,0,75,,2346,23,0,15 7 16 3 17,0,80,,2347,23,0,15 7 16 3 17,0,44,,2348,23,0,15 7 16 3 17,0,70,,2349,23,0,15 7 16 3 17,0,30,,2350,23,0,15 7 16 3 17,0,70,,2351,23,0,15 7 16 3 17,0,30,,2352,23,0,15 7 16 3 17,0,85,,2353,23,0,15 7 16 3 17,0,70,,2354,23,0,15 7 16 3 17,0,30,,2355,23,0,15 7 16 3 17,0,70,,2356,23,0,15 7 16 3 17,0,30,,2357,23,0,15 7 16 3 17,0,70,,2358,23,0,15 7 16 3 17,0
301,'100016',537,,2360,23,0,15 7 16 3 17,0,70,,2361,23,0,15 7 16 3 17,0,30,,2362,23,0,15 7 16 3 17,0,70,,2363,23,0,15 7 16 3 17,0,30,,2364,23,0,15 7 16 3 17,0,10,,2365,23,0,15 7 16 3 17,0,60,,2370,23,0,15 7 16 3 17,0,40,,2366,23,0,15 7 16 3 17,0,70,,2371,23,0,15 7 16 3 17,0,30,,2367,23,0,15 7 16 3 17,0,70,,2372,23,0,15 7 16 3 17,0,30,,2368,23,0,15 7 16 3 17,0,70,,2373,23,0,15 7 16 3 17,0,30,,2369,23,0,15 7 16 3 17,0,70,,2374,23,0,15 7 16 3 17,0,39,,2375,23,0,15 7 16 3 17,0,75,,2376,23,0,15 7 16 3 17,0,75,,2377,23,0,15 7 16 3 17,0,14,,2378,23,0,15 7 16 3 17,0,21,,2379,23,0,15 7 16 3 17,0,75,,2380,23,0,15 7 16 3 17,0,5,,2395,23,0,15 7 16 3 17,0,30,,2381,23,0,15 7 16 3 17,0,75,,2382,23,0,15 7 16 3 17,0,80,,2383,23,0,15 7 16 3 17,0,44,,2384,23,0,15 7 16 3 17,0,70,,2385,23,0,15 7 16 3 17,0,30,,2386,23,0,15 7 16 3 17,0,70,,2387,23,0,15 7 16 3 17,0,30,,2388,23,0,15 7 16 3 17,0,85,,2389,23,0,15 7 16 3 17,0,70,,2390,23,0,15 7 16 3 17,0,30,,2391,23,0,15 7 16 3 17,0,70,,2392,23,0,15 7 16 3 17,0,30,,2393,23,0,15 7 16 3 17,0,70,,2394,23,0,15 7 16 3 17,0
301,'100017',742,,2399,23,0,15 7 16 3 17,0,100,,2400,23,0,15 7 16 3 17,0,100,,2401,23,0,15 7 16 3 17,0,101,,2402,23,0,15 7 16 3 17,0,100,,2403,23,0,15 7 16 3 17,0,115,,2404,23,0,15 7 16 3 17,0,100,,2405,23,0,15 7 16 3 17,0,100,,2406,23,0,15 7 16 3 17,0,100,,2407,23,0,15 7 16 3 17,0,155,,2396,23,0,15 7 16 3 17,0,100,,2397,23,0,15 7 16 3 17,0,100,,2398,23,0,15 7 16 3 17,0
400,'100013',744,,2408,23,,,0,70,,2421,23,,,0,30,,2409,23,,,0,70,,2422,23,,,0,30,,2410,23,,,0,70,,2423,23,,,0,30,,2411,23,,,0,70,,2424,23,,,0,30,,2412,23,,,0,70,,2425,23,,,0,45,,2413,23,,,0,70,,2426,23,,,0,30,,2414,23,,,0,70,,2427,23,,,0,30,,2415,23,,,0,70,,2428,23,,,0,30,,2416,23,,,0,85,,2429,23,,,0,70,,2417,23,,,0,30,,2430,23,,,0,70,,2418,23,,,0,30,,2420,23,,,0,70,,2419,23,,,0,30,,2431,23,,,0,70,,2432,23,,,0
400,'100014',744,,2433,23,,,0,70,,2446,23,,,0,30,,2434,23,,,0,70,,2447,23,,,0,30,,2435,23,,,0,70,,2448,23,,,0,30,,2436,23,,,0,70,,2449,23,,,0,30,,2437,23,,,0,70,,2450,23,,,0,45,,2438,23,,,0,70,,2451,23,,,0,30,,2439,23,,,0,70,,2452,23,,,0,30,,2440,23,,,0,70,,2453,23,,,0,30,,2441,23,,,0,85,,2454,23,,,0,70,,2442,23,,,0,30,,2455,23,,,0,70,,2443,23,,,0,30,,2445,23,,,0,70,,2444,23,,,0
400,'100015',537,,2485,23,,,0,70,,2464,23,,,0,30,,2456,23,,,0,17,,2483,23,,,0,53,,2465,23,,,0,30,,2457,23,,,0,70,,2466,23,,,0,40,,2458,23,,,0,69,,2484,23,,,0,31,,2459,23,,,0,70,,2480,23,,,0,30,,2460,23,,,0,70,,2481,23,,,0,30,,2461,23,,,0,70,,2482,23,,,0,38,,2462,23,,,0,75,,2487,23,,,0,75,,2463,23,,,0,35,,2467,23,,,0,75,,2486,23,,,0,35,,2468,23,,,0,75,,2469,23,,,0,80,,2475,23,,,0,44,,2470,23,,,0,70,,2476,23,,,0,30,,2471,23,,,0,70,,2477,23,,,0,30,,2472,23,,,0,85,,2478,23,,,0,70,,2473,23,,,0,30,,2479,23,,,0,70,,2474,23,,,0,30,,2488,23,,,0,70,,2489,23,,,0
400,'100016',537,,2519,23,,,0,70,,2498,23,,,0,30,,2490,23,,,0,17,,2517,23,,,0,53,,2499,23,,,0,30,,2491,23,,,0,70,,2500,23,,,0,40,,2492,23,,,0,69,,2518,23,,,0,31,,2493,23,,,0,70,,2514,23,,,0,30,,2494,23,,,0,70,,2515,23,,,0,30,,2495,23,,,0,70,,2516,23,,,0,38,,2496,23,,,0,75,,2521,23,,,0,75,,2497,23,,,0,35,,2501,23,,,0,75,,2520,23,,,0,35,,2502,23,,,0,75,,2503,23,,,0,80,,2509,23,,,0,44,,2504,23,,,0,70,,2510,23,,,0,30,,2505,23,,,0,70,,2511,23,,,0,30,,2506,23,,,0,85,,2512,23,,,0,70,,2507,23,,,0,30,,2513,23,,,0,70,,2508,23,,,0,30,,2522,23,,,0,70,,2523,23,,,0
400,'100017',744,,2524,23,,,0,70,,2525,23,,,0,30,,2526,23,,,0,70,,2527,23,,,0,30,,2528,23,,,0,70,,2529,23,,,0,30,,2530,23,,,0,70,,2531,23,,,0,30,,2532,23,,,0,70,,2533,23,,,0,45,,2534,23,,,0,70,,2535,23,,,0,30,,2536,23,,,0,70,,2537,23,,,0,30,,2538,23,,,0,70,,2539,23,,,0,30,,2540,23,,,0,85,,2542,23,,,0,70,,2543,23,,,0,30,,2544,23,,,0,70,,2545,23,,,0,30,,2546,23,,,0,70,,2541,23,,,0
5201,'100015',749,,3204,41,0,7 8 9,0
5400,'100015',746,,3209,41,0,7 18,0
