500,'100015',805,,3933,9,0,12 3 13,0,100,,3934,9,0,12 3 13,0,100,,3935,9,0,12 3 13,0,100,,3936,9,0,12 3 13,0,100,,3937,9,0,12 3 13,0,115,,3938,9,0,12 3 13,0,100,,3939,9,0,12 3 13,0,100,,3940,9,0,12 3 13,0,115,,3941,9,0,12 3 13,0,100,,3942,9,0,12 3 13,0,100,,3943,9,0,12 3 13,0
500,'100016',805,,3944,9,0,12 3 13,0,100,,3945,9,0,12 3 13,0,100,,3946,9,0,12 3 13,0,100,,3947,9,0,12 3 13,0,100,,3948,9,0,12 3 13,0,115,,3949,9,0,12 3 13,0,100,,3950,9,0,12 3 13,0,100,,3951,9,0,12 3 13,0,115,,3952,9,0,12 3 13,0,100,,3953,9,0,12 3 13,0,100,,3954,9,0,12 3 13,0
500,'100017',557,,3955,9,0,12 3 13,0,70,,3971,9,0,12 3 13,0,30,,3956,9,0,12 3 13,0,70,,3972,9,0,12 3 13,0,30,,3957,9,0,12 3 13,0,80,,3958,9,0,12 3 13,0,70,,3980,9,0,12 3 13,0,30,,3959,9,0,12 3 13,0,70,,3983,9,0,12 3 13,0,30,,3960,9,0,12 3 13,0,70,,3982,9,0,12 3 13,0,30,,3961,9,0,12 3 13,0,70,,3984,9,0,12 3 13,0,40,,3962,9,0,12 3 13,0,75,,3981,9,0,12 3 13,0,35,,3963,9,0,12 3 13,0,75,,3973,9,0,12 3 13,0,75,,3964,9,0,12 3 13,0,35,,3974,9,0,12 3 13,0,75,,3965,9,0,12 3 13,0,40,,3966,9,0,12 3 13,0,83,,3975,9,0,12 3 13,0,70,,3967,9,0,12 3 13,0,30,,3976,9,0,12 3 13,0,70,,3968,9,0,12 3 13,0,30,,3977,9,0,12 3 13,0,85,,3969,9,0,12 3 13,0,30,,3978,9,0,12 3 13,0,70,,3970,9,0,12 3 13,0,30,,3979,9,0,12 3 13,0,70,,3985,9,0,12 3 13,0,30,,3986,9,0,12 3 13,0
700,'100015',804,,4046,5,0,24 3 25,0,100,,4047,5,0,24 3 25,0,100,,4048,5,0,24 3 25,0,100,,4049,5,0,24 3 25,0,100,,4050,5,0,24 3 25,0,115,,4051,5,0,24 3 25,0,100,,4052,5,0,24 3 25,0,100,,4053,5,0,24 3 25,0,115,,4054,5,0,24 3 25,0,100,,4055,5,0,24 3 25,0,100,,4056,5,0,24 3 25,0
700,'100016',804,,4057,5,0,24 3 25,0,100,,4058,5,0,24 3 25,0,100,,4059,5,0,24 3 25,0,100,,4060,5,0,24 3 25,0,100,,4061,5,0,24 3 25,0,115,,4062,5,0,24 3 25,0,100,,4063,5,0,24 3 25,0,100,,4064,5,0,24 3 25,0,115,,4065,5,0,24 3 25,0,100,,4066,5,0,24 3 25,0,100,,4067,5,0,24 3 25,0
700,'100017',526,,4068,5,0,24 3 25,0,30,,4078,5,0,24 3 25,0,70,,4069,5,0,24 3 25,0,18,,4096,5,0,24 3 25,0,12,,4079,5,0,24 3 25,0,70,,4070,5,0,24 3 25,0,30,,4080,5,0,24 3 25,0,80,,4089,5,0,24 3 25,0,70,,4071,5,0,24 3 25,0,30,,4090,5,0,24 3 25,0,70,,4072,5,0,24 3 25,0,30,,4097,5,0,24 3 25,0,70,,4073,5,0,24 3 25,0,30,,4098,5,0,24 3 25,0,70,,4074,5,0,24 3 25,0,38,,4099,5,0,24 3 25,0,75,,4075,5,0,24 3 25,0,35,,4081,5,0,24 3 25,0,75,,4076,5,0,24 3 25,0,75,,4082,5,0,24 3 25,0,35,,4077,5,0,24 3 25,0,75,,4083,5,0,24 3 25,0,40,,4084,5,0,24 3 25,0,85,,4091,5,0,24 3 25,0,70,,4085,5,0,24 3 25,0,30,,4092,5,0,24 3 25,0,70,,4086,5,0,24 3 25,0,30,,4093,5,0,24 3 25,0,85,,4087,5,0,24 3 25,0,30,,4094,5,0,24 3 25,0,70,,4088,5,0,24 3 25,0,30,,4095,5,0,24 3 25,0,70,,4100,5,0,24 3 25,0,30,,4101,5,0,24 3 25,0
1000900,'100015',736,,4298,6,,,0,80,,4299,6,,,0,40,,4300,6,,,0,80,,4301,6,,,0,80,,4302,6,,,0,40,,4303,6,,,0,80,,4304,6,,,0,85,,4305,6,,,0,80,,4306,6,,,0,40,,4307,6,,,0,80,,4308,6,,,0,80,,4309,6,,,0,40,,4310,6,,,0,80,,4311,6,,,0,85,,4312,6,,,0,40,,4313,6,,,0,80,,4314,6,,,0,80,,4315,6,,,0
1000900,'100016',736,,4316,6,,,0,80,,4317,6,,,0,40,,4318,6,,,0,80,,4319,6,,,0,80,,4320,6,,,0,40,,4321,6,,,0,80,,4322,6,,,0,85,,4323,6,,,0,80,,4324,6,,,0,40,,4325,6,,,0,80,,4326,6,,,0,80,,4327,6,,,0,40,,4328,6,,,0,80,,4329,6,,,0,85,,4330,6,,,0,40,,4331,6,,,0,80,,4332,6,,,0,80,,4333,6,,,0
1000900,'100017',522,,4344,6,,,0,30,,4345,6,,,0,70,,4346,6,,,0,30,,4347,6,,,0,70,,4348,6,,,0,30,,4349,6,,,0,62,,4350,6,,,0,28,,4351,6,,,0,75,,4352,6,,,0,20,,4353,6,,,0,70,,4354,6,,,0,30,,4355,6,,,0,70,,4356,6,,,0,30,,4357,6,,,0,70,,4358,6,,,0,30,,4359,6,,,0,70,,4360,6,,,0,30,,4361,6,,,0,71,,4362,6,,,0,30,,4363,6,,,0,70,,4364,6,,,0,28,,4365,6,,,0,72,,4366,6,,,0,30,,4367,6,,,0,18,,4368,6,,,0,85,,4337,6,,,0,70,,4338,6,,,0,30,,4341,6,,,0,70,,4334,6,,,0,30,,4336,6,,,0,83,,4342,6,,,0,85,,4340,6,,,0,35,,4339,6,,,0,75,,4343,6,,,0,35,,4335,6,,,0
2000900,'100015',756,,4369,6,,,0,80,,4370,6,,,0,80,,4371,6,,,0,40,,4372,6,,,0,80,,4373,6,,,0,80,,4374,6,,,0,40,,4375,6,,,0,80,,4376,6,,,0,85,,4377,6,,,0,80,,4378,6,,,0,40,,4379,6,,,0,80,,4380,6,,,0,85,,4381,6,,,0,40,,4382,6,,,0,80,,4383,6,,,0,80,,4384,6,,,0,40,,4385,6,,,0
2000900,'100016',756,,4386,6,,,0,80,,4387,6,,,0,80,,4388,6,,,0,40,,4389,6,,,0,80,,4390,6,,,0,80,,4391,6,,,0,40,,4392,6,,,0,80,,4393,6,,,0,85,,4394,6,,,0,80,,4395,6,,,0,40,,4396,6,,,0,80,,4397,6,,,0,85,,4398,6,,,0,40,,4399,6,,,0,80,,4400,6,,,0,80,,4401,6,,,0,40,,4402,6,,,0
2000900,'100017',546,,4403,6,,,0,60,,4404,6,,,0,30,,4405,6,,,0,70,,4406,6,,,0,30,,4407,6,,,0,20,,4408,6,,,0,80,,4409,6,,,0,22,,4434,6,,,0,68,,4410,6,,,0,30,,4411,6,,,0,60,,4412,6,,,0,30,,4413,6,,,0,70,,4414,6,,,0,30,,4415,6,,,0,70,,4416,6,,,0,30,,4417,6,,,0,70,,4418,6,,,0,30,,4419,6,,,0,71,,4420,6,,,0,31,,4421,6,,,0,70,,4422,6,,,0,34,,4423,6,,,0,64,,4424,6,,,0,32,,4425,6,,,0,78,,4426,6,,,0,30,,4427,6,,,0,70,,4428,6,,,0,30,,4429,6,,,0,70,,4430,6,,,0,26,,4431,6,,,0,72,,4432,6,,,0,34,,4433,6,,,0,85,,4435,6,,,0,75,,4436,6,,,0,36,,4437,6,,,0
