700,'100011',807,,2752,11,0,24 3 25,0,100,,2753,11,0,24 3 25,0,100,,2754,11,0,24 3 25,0,100,,2755,11,0,24 3 25,0,100,,2756,11,0,24 3 25,0,115,,2757,11,0,24 3 25,0,100,,2758,11,0,24 3 25,0,100,,2759,11,0,24 3 25,0,115,,2760,11,0,24 3 25,0,100,,2761,11,0,24 3 25,0,100,,2762,11,0,24 3 25,0,100,,2763,11,0,24 3 25,0
700,'100012',807,,2764,11,0,24 3 25,0,100,,2765,11,0,24 3 25,0,100,,2766,11,0,24 3 25,0,100,,2767,11,0,24 3 25,0,100,,2768,11,0,24 3 25,0,115,,2769,11,0,24 3 25,0,100,,2770,11,0,24 3 25,0,100,,2771,11,0,24 3 25,0,115,,2772,11,0,24 3 25,0,100,,2773,11,0,24 3 25,0,100,,2774,11,0,24 3 25,0
700,'100013',529,,2775,11,0,24 3 25,0,30,,2785,11,0,24 3 25,0,70,,2776,11,0,24 3 25,0,18,,2803,11,0,24 3 25,0,12,,2786,11,0,24 3 25,0,70,,2777,11,0,24 3 25,0,30,,2787,11,0,24 3 25,0,80,,2796,11,0,24 3 25,0,70,,2778,11,0,24 3 25,0,30,,2797,11,0,24 3 25,0,70,,2779,11,0,24 3 25,0,30,,2804,11,0,24 3 25,0,70,,2780,11,0,24 3 25,0,30,,2805,11,0,24 3 25,0,70,,2781,11,0,24 3 25,0,39,,2806,11,0,24 3 25,0,75,,2782,11,0,24 3 25,0,35,,2788,11,0,24 3 25,0,75,,2783,11,0,24 3 25,0,75,,2789,11,0,24 3 25,0,35,,2784,11,0,24 3 25,0,75,,2790,11,0,24 3 25,0,40,,2791,11,0,24 3 25,0,84,,2798,11,0,24 3 25,0,70,,2792,11,0,24 3 25,0,30,,2799,11,0,24 3 25,0,70,,2793,11,0,24 3 25,0,30,,2800,11,0,24 3 25,0,85,,2794,11,0,24 3 25,0,30,,2801,11,0,24 3 25,0,70,,2795,11,0,24 3 25,0,30,,2802,11,0,24 3 25,0,70,,2807,11,0,24 3 25,0,30,,2808,11,0,24 3 25,0
700,'100014',529,,2809,11,0,24 3 25,0,30,,2819,11,0,24 3 25,0,70,,2810,11,0,24 3 25,0,18,,2837,11,0,24 3 25,0,12,,2820,11,0,24 3 25,0,70,,2811,11,0,24 3 25,0,30,,2821,11,0,24 3 25,0,80,,2830,11,0,24 3 25,0,70,,2812,11,0,24 3 25,0,30,,2831,11,0,24 3 25,0,70,,2813,11,0,24 3 25,0,30,,2838,11,0,24 3 25,0,70,,2814,11,0,24 3 25,0,30,,2839,11,0,24 3 25,0,70,,2815,11,0,24 3 25,0,39,,2840,11,0,24 3 25,0,75,,2816,11,0,24 3 25,0,35,,2822,11,0,24 3 25,0,75,,2817,11,0,24 3 25,0,75,,2823,11,0,24 3 25,0,35,,2818,11,0,24 3 25,0,75,,2824,11,0,24 3 25,0,40,,2825,11,0,24 3 25,0,84,,2832,11,0,24 3 25,0,70,,2826,11,0,24 3 25,0,30,,2833,11,0,24 3 25,0,70,,2827,11,0,24 3 25,0,30,,2834,11,0,24 3 25,0,85,,2828,11,0,24 3 25,0,30,,2835,11,0,24 3 25,0,70,,2829,11,0,24 3 25,0,30,,2836,11,0,24 3 25,0,70,,2841,11,0,24 3 25,0,30,,2842,11,0,24 3 25,0
700,'100015',807,,2843,11,0,24 3 25,0,100,,2844,11,0,24 3 25,0,100,,2845,11,0,24 3 25,0,100,,2846,11,0,24 3 25,0,100,,2847,11,0,24 3 25,0,115,,2848,11,0,24 3 25,0,100,,2849,11,0,24 3 25,0,100,,2850,11,0,24 3 25,0,115,,2851,11,0,24 3 25,0,100,,2852,11,0,24 3 25,0,100,,2853,11,0,24 3 25,0
1000900,'100011',739,,3211,12,,,0,80,,3212,12,,,0,40,,3213,12,,,0,80,,3214,12,,,0,80,,3215,12,,,0,40,,3216,12,,,0,80,,3217,12,,,0,85,,3218,12,,,0,80,,3219,12,,,0,41,,3220,12,,,0,80,,3221,12,,,0,80,,3222,12,,,0,40,,3223,12,,,0,80,,3224,12,,,0,85,,3225,12,,,0,40,,3226,12,,,0,80,,3227,12,,,0,80,,3228,12,,,0,40,,3229,12,,,0
1000900,'100012',739,,3230,12,,,0,80,,3231,12,,,0,40,,3232,12,,,0,80,,3233,12,,,0,80,,3234,12,,,0,40,,3235,12,,,0,80,,3236,12,,,0,85,,3237,12,,,0,80,,3238,12,,,0,41,,3239,12,,,0,80,,3240,12,,,0,80,,3241,12,,,0,40,,3242,12,,,0,80,,3243,12,,,0,85,,3244,12,,,0,40,,3245,12,,,0,80,,3246,12,,,0,80,,3247,12,,,0
1000900,'100013',525,,3258,12,,,0,30,,3259,12,,,0,70,,3260,12,,,0,30,,3261,12,,,0,70,,3262,12,,,0,30,,3263,12,,,0,62,,3264,12,,,0,28,,3265,12,,,0,75,,3266,12,,,0,20,,3267,12,,,0,70,,3268,12,,,0,30,,3269,12,,,0,70,,3270,12,,,0,30,,3271,12,,,0,70,,3272,12,,,0,30,,3273,12,,,0,70,,3274,12,,,0,30,,3275,12,,,0,72,,3276,12,,,0,30,,3277,12,,,0,70,,3278,12,,,0,28,,3279,12,,,0,72,,3280,12,,,0,30,,3281,12,,,0,58,,3282,12,,,0,45,,3251,12,,,0,70,,3252,12,,,0,30,,3255,12,,,0,70,,3248,12,,,0,29,,3250,12,,,0,83,,3256,12,,,0,85,,3254,12,,,0,35,,3253,12,,,0,75,,3257,12,,,0,35,,3249,12,,,0
1000900,'100014',525,,3293,12,,,0,30,,3294,12,,,0,70,,3295,12,,,0,30,,3296,12,,,0,70,,3297,12,,,0,30,,3298,12,,,0,62,,3299,12,,,0,28,,3300,12,,,0,75,,3301,12,,,0,20,,3302,12,,,0,70,,3303,12,,,0,30,,3304,12,,,0,70,,3305,12,,,0,30,,3306,12,,,0,70,,3307,12,,,0,30,,3308,12,,,0,70,,3309,12,,,0,30,,3310,12,,,0,72,,3311,12,,,0,30,,3312,12,,,0,70,,3313,12,,,0,28,,3314,12,,,0,72,,3315,12,,,0,30,,3316,12,,,0,58,,3317,12,,,0,45,,3286,12,,,0,70,,3287,12,,,0,30,,3290,12,,,0,70,,3283,12,,,0,29,,3285,12,,,0,83,,3291,12,,,0,85,,3289,12,,,0,35,,3288,12,,,0,75,,3292,12,,,0,35,,3284,12,,,0
1000900,'100015',739,,3318,12,,,0,80,,3319,12,,,0,40,,3320,12,,,0,80,,3321,12,,,0,80,,3322,12,,,0,40,,3323,12,,,0,80,,3324,12,,,0,85,,3325,12,,,0,80,,3326,12,,,0,41,,3327,12,,,0,80,,3328,12,,,0,80,,3329,12,,,0,40,,3330,12,,,0,80,,3331,12,,,0,85,,3332,12,,,0,40,,3333,12,,,0,80,,3334,12,,,0,80,,3335,12,,,0
2000900,'100011',759,,3340,12,0,19 3 20 21 22 23,0,80,,3341,12,0,19 3 20 21 22 23,0,80,,3342,12,0,19 3 20 21 22 23,0,40,,3343,12,0,19 3 20 21 22 23,0,80,,3344,12,0,19 3 20 21 22 23,0,80,,3345,12,0,19 3 20 21 22 23,0,40,,3346,12,0,19 3 20 21 22 23,0,80,,3347,12,0,19 3 20 21 22 23,0,85,,3348,12,0,19 3 20 21 22 23,0,80,,3349,12,0,19 3 20 21 22 23,0,41,,3350,12,0,19 3 20 21 22 23,0,80,,3351,12,0,19 3 20 21 22 23,0,85,,3352,12,0,19 3 20 21 22 23,0,40,,3353,12,0,19 3 20 21 22 23,0,80,,3354,12,0,19 3 20 21 22 23,0,80,,3355,12,0,19 3 20 21 22 23,0,40,,3356,12,0,19 3 20 21 22 23,0,80,,3358,12,0,19 3 20 21 22 23,0,80,,3357,12,0,19 3 20 21 22 23,0
2000900,'100012',759,,3359,12,0,19 3 20 21 22 23,0,80,,3360,12,0,19 3 20 21 22 23,0,80,,3361,12,0,19 3 20 21 22 23,0,40,,3362,12,0,19 3 20 21 22 23,0,80,,3363,12,0,19 3 20 21 22 23,0,80,,3364,12,0,19 3 20 21 22 23,0,40,,3365,12,0,19 3 20 21 22 23,0,80,,3366,12,0,19 3 20 21 22 23,0,85,,3367,12,0,19 3 20 21 22 23,0,80,,3368,12,0,19 3 20 21 22 23,0,41,,3369,12,0,19 3 20 21 22 23,0,80,,3370,12,0,19 3 20 21 22 23,0,85,,3371,12,0,19 3 20 21 22 23,0,40,,3372,12,0,19 3 20 21 22 23,0,80,,3373,12,0,19 3 20 21 22 23,0,80,,3374,12,0,19 3 20 21 22 23,0,40,,3375,12,0,19 3 20 21 22 23,0
2000900,'100013',549,,3376,12,0,19 3 20 21 22 23,0,60,,3377,12,0,19 3 20 21 22 23,0,30,,3378,12,0,19 3 20 21 22 23,0,70,,3379,12,0,19 3 20 21 22 23,0,30,,3380,12,0,19 3 20 21 22 23,0,20,,3381,12,0,19 3 20 21 22 23,0,80,,3382,12,0,19 3 20 21 22 23,0,62,,3407,12,0,19 3 20 21 22 23,0,28,,3383,12,0,19 3 20 21 22 23,0,30,,3384,12,0,19 3 20 21 22 23,0,60,,3385,12,0,19 3 20 21 22 23,0,30,,3386,12,0,19 3 20 21 22 23,0,70,,3387,12,0,19 3 20 21 22 23,0,30,,3388,12,0,19 3 20 21 22 23,0,70,,3389,12,0,19 3 20 21 22 23,0,30,,3390,12,0,19 3 20 21 22 23,0,70,,3391,12,0,19 3 20 21 22 23,0,30,,3392,12,0,19 3 20 21 22 23,0,72,,3393,12,0,19 3 20 21 22 23,0,31,,3394,12,0,19 3 20 21 22 23,0,70,,3395,12,0,19 3 20 21 22 23,0,34,,3396,12,0,19 3 20 21 22 23,0,64,,3397,12,0,19 3 20 21 22 23,0,32,,3398,12,0,19 3 20 21 22 23,0,78,,3399,12,0,19 3 20 21 22 23,0,70,,3400,12,0,19 3 20 21 22 23,0,30,,3401,12,0,19 3 20 21 22 23,0,70,,3402,12,0,19 3 20 21 22 23,0,30,,3403,12,0,19 3 20 21 22 23,0,25,,3404,12,0,19 3 20 21 22 23,0,72,,3405,12,0,19 3 20 21 22 23,0,74,,3406,12,0,19 3 20 21 22 23,0,45,,3408,12,0,19 3 20 21 22 23,0,75,,3409,12,0,19 3 20 21 22 23,0,36,,3410,12,0,19 3 20 21 22 23,0
2000900,'100014',549,,3411,12,0,19 3 20 21 22 23,0,60,,3412,12,0,19 3 20 21 22 23,0,30,,3413,12,0,19 3 20 21 22 23,0,70,,3414,12,0,19 3 20 21 22 23,0,30,,3415,12,0,19 3 20 21 22 23,0,20,,3416,12,0,19 3 20 21 22 23,0,80,,3417,12,0,19 3 20 21 22 23,0,62,,3442,12,0,19 3 20 21 22 23,0,28,,3418,12,0,19 3 20 21 22 23,0,30,,3419,12,0,19 3 20 21 22 23,0,60,,3420,12,0,19 3 20 21 22 23,0,30,,3421,12,0,19 3 20 21 22 23,0,70,,3422,12,0,19 3 20 21 22 23,0,30,,3423,12,0,19 3 20 21 22 23,0,70,,3424,12,0,19 3 20 21 22 23,0,30,,3425,12,0,19 3 20 21 22 23,0,70,,3426,12,0,19 3 20 21 22 23,0,30,,3427,12,0,19 3 20 21 22 23,0,72,,3428,12,0,19 3 20 21 22 23,0,31,,3429,12,0,19 3 20 21 22 23,0,70,,3430,12,0,19 3 20 21 22 23,0,34,,3431,12,0,19 3 20 21 22 23,0,64,,3432,12,0,19 3 20 21 22 23,0,32,,3433,12,0,19 3 20 21 22 23,0,78,,3434,12,0,19 3 20 21 22 23,0,70,,3435,12,0,19 3 20 21 22 23,0,30,,3436,12,0,19 3 20 21 22 23,0,70,,3437,12,0,19 3 20 21 22 23,0,30,,3438,12,0,19 3 20 21 22 23,0,25,,3439,12,0,19 3 20 21 22 23,0,72,,3440,12,0,19 3 20 21 22 23,0,74,,3441,12,0,19 3 20 21 22 23,0,45,,3443,12,0,19 3 20 21 22 23,0,75,,3444,12,0,19 3 20 21 22 23,0,36,,3445,12,0,19 3 20 21 22 23,0
2000900,'100015',759,,3446,12,0,19 3 20 21 22 23,0,80,,3447,12,0,19 3 20 21 22 23,0,80,,3448,12,0,19 3 20 21 22 23,0,40,,3449,12,0,19 3 20 21 22 23,0,80,,3450,12,0,19 3 20 21 22 23,0,80,,3451,12,0,19 3 20 21 22 23,0,40,,3452,12,0,19 3 20 21 22 23,0,80,,3453,12,0,19 3 20 21 22 23,0,85,,3454,12,0,19 3 20 21 22 23,0,80,,3455,12,0,19 3 20 21 22 23,0,41,,3456,12,0,19 3 20 21 22 23,0,80,,3457,12,0,19 3 20 21 22 23,0,85,,3458,12,0,19 3 20 21 22 23,0,40,,3459,12,0,19 3 20 21 22 23,0,80,,3460,12,0,19 3 20 21 22 23,0,80,,3461,12,0,19 3 20 21 22 23,0,40,,3462,12,0,19 3 20 21 22 23,0
