800,'100013',740,,2854,19,0,14 3 15 7 16,0,100,,2855,19,0,14 3 15 7 16,0,100,,2856,19,0,14 3 15 7 16,0,100,,2857,19,0,14 3 15 7 16,0,100,,2858,19,0,14 3 15 7 16,0,115,,2859,19,0,14 3 15 7 16,0,100,,2860,19,0,14 3 15 7 16,0,100,,2861,19,0,14 3 15 7 16,0,100,,2862,19,0,14 3 15 7 16,0,155,,2863,19,0,14 3 15 7 16,0,100,,2864,19,0,14 3 15 7 16,0,100,,2865,19,0,14 3 15 7 16,0,100,,2866,19,0,14 3 15 7 16,0
800,'100014',740,,2867,19,0,14 3 15 7 16,0,100,,2868,19,0,14 3 15 7 16,0,100,,2869,19,0,14 3 15 7 16,0,100,,2870,19,0,14 3 15 7 16,0,100,,2871,19,0,14 3 15 7 16,0,115,,2872,19,0,14 3 15 7 16,0,100,,2873,19,0,14 3 15 7 16,0,100,,2874,19,0,14 3 15 7 16,0,100,,2875,19,0,14 3 15 7 16,0,155,,2876,19,0,14 3 15 7 16,0,100,,2877,19,0,14 3 15 7 16,0,100,,2878,19,0,14 3 15 7 16,0
800,'100015',604,,2894,19,0,14 3 15 7 16,0,30,,2879,19,0,14 3 15 7 16,0,70,,2895,19,0,14 3 15 7 16,0,30,,2880,19,0,14 3 15 7 16,0,70,,2896,19,0,14 3 15 7 16,0,40,,2897,19,0,14 3 15 7 16,0,69,,2881,19,0,14 3 15 7 16,0,30,,2905,19,0,14 3 15 7 16,0,70,,2882,19,0,14 3 15 7 16,0,30,,2906,19,0,14 3 15 7 16,0,70,,2883,19,0,14 3 15 7 16,0,30,,2907,19,0,14 3 15 7 16,0,70,,2884,19,0,14 3 15 7 16,0,41,,2908,19,0,14 3 15 7 16,0,75,,2885,19,0,14 3 15 7 16,0,75,,2898,19,0,14 3 15 7 16,0,35,,2886,19,0,14 3 15 7 16,0,75,,2887,19,0,14 3 15 7 16,0,35,,2899,19,0,14 3 15 7 16,0,75,,2888,19,0,14 3 15 7 16,0,80,,2900,19,0,14 3 15 7 16,0,43,,2889,19,0,14 3 15 7 16,0,70,,2901,19,0,14 3 15 7 16,0,30,,2890,19,0,14 3 15 7 16,0,70,,2902,19,0,14 3 15 7 16,0,30,,2891,19,0,14 3 15 7 16,0,85,,2903,19,0,14 3 15 7 16,0,70,,2892,19,0,14 3 15 7 16,0,30,,2904,19,0,14 3 15 7 16,0,70,,2893,19,0,14 3 15 7 16,0,28,,2910,19,0,14 3 15 7 16,0,28,,2909,19,0,14 3 15 7 16,0
800,'100016',604,,2926,19,0,14 3 15 7 16,0,30,,2911,19,0,14 3 15 7 16,0,70,,2927,19,0,14 3 15 7 16,0,30,,2912,19,0,14 3 15 7 16,0,70,,2928,19,0,14 3 15 7 16,0,40,,2929,19,0,14 3 15 7 16,0,69,,2913,19,0,14 3 15 7 16,0,30,,2937,19,0,14 3 15 7 16,0,70,,2914,19,0,14 3 15 7 16,0,30,,2938,19,0,14 3 15 7 16,0,70,,2915,19,0,14 3 15 7 16,0,30,,2939,19,0,14 3 15 7 16,0,70,,2916,19,0,14 3 15 7 16,0,41,,2940,19,0,14 3 15 7 16,0,75,,2917,19,0,14 3 15 7 16,0,75,,2930,19,0,14 3 15 7 16,0,35,,2918,19,0,14 3 15 7 16,0,75,,2919,19,0,14 3 15 7 16,0,35,,2931,19,0,14 3 15 7 16,0,75,,2920,19,0,14 3 15 7 16,0,80,,2932,19,0,14 3 15 7 16,0,43,,2921,19,0,14 3 15 7 16,0,70,,2933,19,0,14 3 15 7 16,0,30,,2922,19,0,14 3 15 7 16,0,70,,2934,19,0,14 3 15 7 16,0,30,,2923,19,0,14 3 15 7 16,0,85,,2935,19,0,14 3 15 7 16,0,70,,2924,19,0,14 3 15 7 16,0,30,,2936,19,0,14 3 15 7 16,0,70,,2925,19,0,14 3 15 7 16,0,28,,2942,19,0,14 3 15 7 16,0,28,,2941,19,0,14 3 15 7 16,0
800,'100017',740,,2943,19,0,14 3 15 7 16,0,100,,2944,19,0,14 3 15 7 16,0,100,,2945,19,0,14 3 15 7 16,0,100,,2946,19,0,14 3 15 7 16,0,100,,2947,19,0,14 3 15 7 16,0,115,,2948,19,0,14 3 15 7 16,0,100,,2949,19,0,14 3 15 7 16,0,100,,2950,19,0,14 3 15 7 16,0,100,,2951,19,0,14 3 15 7 16,0,155,,2952,19,0,14 3 15 7 16,0,100,,2953,19,0,14 3 15 7 16,0,100,,2954,19,0,14 3 15 7 16,0
5000,'100015',751,,3197,17,0,7 8 9 10 11,0
5100,'100015',749,,3200,18,0,7 8 9 10 11,0
5101,'100015',1505,,3201,14,0,7 8 9 10 11,0
5300,'100015',827,,3206,51,,,0
1005301,'100015',1502,,3338,9,,,0
1005301,'100016',1502,,3339,9,,,0
