101,'100014',802,,3498,3,,,0,100,,3499,3,,,0,100,,3500,3,,,0,100,,3501,3,,,0,100,,3502,3,,,0,100,,3503,3,,,0,100,,3504,3,,,0,100,,3505,3,,,0,100,,3506,3,,,0,100,,3507,3,,,0,100,,3508,3,,,0,100,,3509,3,,,0
101,'100015',732,,3533,3,,,0,70,,3510,3,,,0,30,,3522,3,,,0,70,,3511,3,,,0,30,,3523,3,,,0,70,,3512,3,,,0,30,,3524,3,,,0,70,,3513,3,,,0,30,,3525,3,,,0,70,,3514,3,,,0,30,,3526,3,,,0,70,,3516,3,,,0,30,,3527,3,,,0,70,,3515,3,,,0,30,,3528,3,,,0,70,,3518,3,,,0,30,,3529,3,,,0,70,,3517,3,,,0,30,,3530,3,,,0,70,,3519,3,,,0,30,,3531,3,,,0,70,,3520,3,,,0,30,,3532,3,,,0,70,,3521,3,,,0
101,'100016',525,,3535,3,,,0,30,,3539,3,,,0,70,,3538,3,,,0,30,,3540,3,,,0,70,,3537,3,,,0,30,,3541,3,,,0,80,,3534,3,,,0,70,,3542,3,,,0,30,,3536,3,,,0,70,,3543,3,,,0,30,,3554,3,,,0,70,,3544,3,,,0,30,,3555,3,,,0,70,,3545,3,,,0,30,,3556,3,,,0,70,,3546,3,,,0,30,,3547,3,,,0,70,,3564,3,,,0,30,,3548,3,,,0,78,,3563,3,,,0,30,,3549,3,,,0,70,,3562,3,,,0,30,,3550,3,,,0,70,,3561,3,,,0,30,,3551,3,,,0,70,,3560,3,,,0,30,,3552,3,,,0,70,,3559,3,,,0,40,,3553,3,,,0,70,,3558,3,,,0,30,,3557,3,,,0,70,,3565,3,,,0,30,,3566,3,,,0,70,,3568,3,,,0,30,,3567,3,,,0
201,'100014',802,,3655,20,,,0,30,,3656,20,,,0,70,,3657,20,,,0,30,,3658,20,,,0,70,,3659,20,,,0,30,,3660,20,,,0,70,,3661,20,,,0,30,,3662,20,,,0,70,,3663,20,,,0,45,,3677,3,,,0,70,,3665,20,,,0,30,,3666,20,,,0,70,,3667,20,,,0,30,,3668,20,,,0,70,,3669,20,,,0,30,,3670,20,,,0,85,,3678,3,,,0,70,,3672,20,,,0,30,,3673,20,,,0,70,,3674,20,,,0,30,,3675,20,,,0,70,,3676,20,,,0,30,,3671,20,,,0
201,'100015',802,,3685,20,,,0,30,,3689,20,,,0,70,,3686,20,,,0,30,,3698,20,,,0,70,,3688,20,,,0,30,,3687,20,,,0,70,,3690,20,,,0,30,,3691,20,,,0,70,,3680,20,,,0,45,,3704,3,,,0,70,,3693,20,,,0,30,,3694,20,,,0,70,,3695,20,,,0,30,,3696,20,,,0,70,,3697,20,,,0,30,,3700,20,,,0,85,,3702,3,,,0,70,,3699,20,,,0,30,,3681,20,,,0,70,,3684,20,,,0,30,,3683,20,,,0,70,,3682,20,,,0,30,,3692,20,,,0
201,'100016',524,,3735,3,,,0,30,,3738,20,,,0,70,,3705,20,,,0,30,,3713,20,,,0,70,,3706,20,,,0,30,,3714,20,,,0,80,,3707,20,,,0,70,,3715,20,,,0,30,,3708,20,,,0,70,,3716,20,,,0,30,,3709,20,,,0,70,,3717,20,,,0,30,,3710,20,,,0,70,,3718,20,,,0,38,,3739,3,,,0,75,,3736,20,,,0,35,,3712,20,,,0,75,,3719,20,,,0,75,,3726,20,,,0,35,,3720,20,,,0,75,,3727,20,,,0,40,,3721,20,,,0,85,,3737,20,,,0,70,,3728,20,,,0,30,,3722,20,,,0,70,,3729,20,,,0,30,,3723,20,,,0,85,,3730,20,,,0,30,,3724,20,,,0,70,,3731,20,,,0,30,,3725,20,,,0,70,,3732,20,,,0,30,,3733,20,,,0,71,,3734,20,,,0
600,'100014',732,,3987,3,,,0,100,,3988,3,,,0,100,,3989,3,,,0,100,,3990,3,,,0,100,,3991,3,,,0,115,,3992,3,,,0,100,,3993,3,,,0,100,,3994,3,,,0,100,,3995,3,,,0,155,,3996,3,,,0,100,,3997,3,,,0,100,,3998,3,,,0
600,'100015',732,,3999,3,,,0,100,,4000,3,,,0,100,,4001,3,,,0,100,,4002,3,,,0,100,,4003,3,,,0,115,,4004,3,,,0,100,,4005,3,,,0,100,,4006,3,,,0,100,,4007,3,,,0,155,,4008,3,,,0,100,,4009,3,,,0,100,,4010,3,,,0
600,'100016',524,,4021,3,,,0,30,,4011,3,,,0,58,,4039,3,,,0,12,,4022,3,,,0,30,,4012,3,,,0,58,,4040,3,,,0,12,,4023,3,,,0,30,,4013,3,,,0,80,,4014,3,,,0,70,,4031,3,,,0,30,,4015,3,,,0,70,,4032,3,,,0,30,,4016,3,,,0,70,,4041,3,,,0,30,,4017,3,,,0,70,,4042,3,,,0,38,,4018,3,,,0,75,,4043,3,,,0,35,,4019,3,,,0,75,,4024,3,,,0,75,,4020,3,,,0,35,,4033,3,,,0,75,,4025,3,,,0,40,,4034,3,,,0,85,,4026,3,,,0,70,,4035,3,,,0,30,,4027,3,,,0,70,,4036,3,,,0,30,,4028,3,,,0,85,,4037,3,,,0,30,,4029,3,,,0,70,,4038,3,,,0,30,,4030,3,,,0,70,,4045,3,,,0,30,,4044,3,,,0
700,'100014',801,,4046,3,0,24 3 25,0,100,,4047,3,0,24 3 25,0,100,,4048,3,0,24 3 25,0,100,,4049,3,0,24 3 25,0,100,,4050,3,0,24 3 25,0,115,,4051,3,0,24 3 25,0,100,,4052,3,0,24 3 25,0,100,,4053,3,0,24 3 25,0,115,,4054,3,0,24 3 25,0,100,,4055,3,0,24 3 25,0,100,,4056,3,0,24 3 25,0
700,'100015',801,,4057,3,0,24 3 25,0,100,,4058,3,0,24 3 25,0,100,,4059,3,0,24 3 25,0,100,,4060,3,0,24 3 25,0,100,,4061,3,0,24 3 25,0,115,,4062,3,0,24 3 25,0,100,,4063,3,0,24 3 25,0,100,,4064,3,0,24 3 25,0,115,,4065,3,0,24 3 25,0,100,,4066,3,0,24 3 25,0,100,,4067,3,0,24 3 25,0
700,'100016',523,,4068,3,0,24 3 25,0,30,,4078,3,0,24 3 25,0,70,,4069,3,0,24 3 25,0,18,,4096,3,0,24 3 25,0,12,,4079,3,0,24 3 25,0,70,,4070,3,0,24 3 25,0,30,,4080,3,0,24 3 25,0,80,,4089,3,0,24 3 25,0,70,,4071,3,0,24 3 25,0,30,,4090,3,0,24 3 25,0,70,,4072,3,0,24 3 25,0,30,,4097,3,0,24 3 25,0,70,,4073,3,0,24 3 25,0,30,,4098,3,0,24 3 25,0,70,,4074,3,0,24 3 25,0,39,,4099,3,0,24 3 25,0,75,,4075,3,0,24 3 25,0,35,,4081,3,0,24 3 25,0,75,,4076,3,0,24 3 25,0,75,,4082,3,0,24 3 25,0,35,,4077,3,0,24 3 25,0,75,,4083,3,0,24 3 25,0,40,,4084,3,0,24 3 25,0,84,,4091,3,0,24 3 25,0,70,,4085,3,0,24 3 25,0,30,,4092,3,0,24 3 25,0,70,,4086,3,0,24 3 25,0,30,,4093,3,0,24 3 25,0,85,,4087,3,0,24 3 25,0,30,,4094,3,0,24 3 25,0,70,,4088,3,0,24 3 25,0,30,,4095,3,0,24 3 25,0,70,,4100,3,0,24 3 25,0,30,,4101,3,0,24 3 25,0
1000900,'100014',733,,4298,4,,,0,80,,4299,4,,,0,40,,4300,4,,,0,80,,4301,4,,,0,80,,4302,4,,,0,40,,4303,4,,,0,80,,4304,4,,,0,85,,4305,4,,,0,40,,4306,4,,,0,81,,4307,4,,,0,80,,4308,4,,,0,40,,4309,4,,,0,80,,4310,4,,,0,80,,4311,4,,,0,85,,4312,4,,,0,40,,4313,4,,,0,80,,4314,4,,,0,80,,4315,4,,,0
1000900,'100015',733,,4316,4,,,0,80,,4317,4,,,0,40,,4318,4,,,0,80,,4319,4,,,0,80,,4320,4,,,0,40,,4321,4,,,0,80,,4322,4,,,0,85,,4323,4,,,0,40,,4324,4,,,0,81,,4325,4,,,0,80,,4326,4,,,0,40,,4327,4,,,0,80,,4328,4,,,0,80,,4329,4,,,0,85,,4330,4,,,0,40,,4331,4,,,0,80,,4332,4,,,0,80,,4333,4,,,0
1000900,'100016',520,,4344,4,,,0,30,,4345,4,,,0,70,,4346,4,,,0,30,,4347,4,,,0,70,,4348,4,,,0,30,,4349,4,,,0,62,,4350,4,,,0,28,,4351,4,,,0,75,,4352,4,,,0,20,,4353,4,,,0,70,,4354,4,,,0,30,,4355,4,,,0,70,,4356,4,,,0,30,,4357,4,,,0,70,,4358,4,,,0,30,,4359,4,,,0,70,,4360,4,,,0,30,,4361,4,,,0,71,,4362,4,,,0,30,,4363,4,,,0,70,,4364,4,,,0,28,,4365,4,,,0,72,,4366,4,,,0,30,,4367,4,,,0,18,,4368,4,,,0,85,,4337,4,,,0,70,,4338,4,,,0,30,,4341,4,,,0,70,,4334,4,,,0,29,,4336,4,,,0,84,,4342,4,,,0,85,,4340,4,,,0,35,,4339,4,,,0,75,,4343,4,,,0,35,,4335,4,,,0
2000900,'100014',753,,4369,4,,,0,80,,4370,4,,,0,80,,4371,4,,,0,40,,4372,4,,,0,80,,4373,4,,,0,80,,4374,4,,,0,40,,4375,4,,,0,80,,4376,4,,,0,85,,4377,4,,,0,40,,4378,4,,,0,81,,4379,4,,,0,80,,4380,4,,,0,85,,4381,4,,,0,40,,4382,4,,,0,80,,4383,4,,,0,80,,4384,4,,,0,40,,4385,4,,,0
2000900,'100015',753,,4386,4,,,0,80,,4387,4,,,0,80,,4388,4,,,0,40,,4389,4,,,0,80,,4390,4,,,0,80,,4391,4,,,0,40,,4392,4,,,0,80,,4393,4,,,0,85,,4394,4,,,0,40,,4395,4,,,0,81,,4396,4,,,0,80,,4397,4,,,0,85,,4398,4,,,0,40,,4399,4,,,0,80,,4400,4,,,0,80,,4401,4,,,0,40,,4402,4,,,0
2000900,'100016',544,,4403,4,,,0,60,,4404,4,,,0,30,,4405,4,,,0,70,,4406,4,,,0,30,,4407,4,,,0,20,,4408,4,,,0,80,,4409,4,,,0,22,,4434,4,,,0,68,,4410,4,,,0,30,,4411,4,,,0,60,,4412,4,,,0,30,,4413,4,,,0,70,,4414,4,,,0,30,,4415,4,,,0,70,,4416,4,,,0,30,,4417,4,,,0,70,,4418,4,,,0,30,,4419,4,,,0,71,,4420,4,,,0,31,,4421,4,,,0,70,,4422,4,,,0,34,,4423,4,,,0,64,,4424,4,,,0,32,,4425,4,,,0,78,,4426,4,,,0,30,,4427,4,,,0,70,,4428,4,,,0,30,,4429,4,,,0,70,,4430,4,,,0,25,,4431,4,,,0,73,,4432,4,,,0,34,,4433,4,,,0,85,,4435,4,,,0,75,,4436,4,,,0,36,,4437,4,,,0
