800,'100011',739,,2854,16,0,14 3 15 7 16,0,100,,2855,16,0,14 3 15 7 16,0,100,,2856,16,0,14 3 15 7 16,0,100,,2857,16,0,14 3 15 7 16,0,100,,2858,16,0,14 3 15 7 16,0,115,,2859,16,0,14 3 15 7 16,0,100,,2860,16,0,14 3 15 7 16,0,100,,2861,16,0,14 3 15 7 16,0,100,,2862,16,0,14 3 15 7 16,0,155,,2863,16,0,14 3 15 7 16,0,100,,2864,16,0,14 3 15 7 16,0,100,,2865,16,0,14 3 15 7 16,0,100,,2866,16,0,14 3 15 7 16,0
800,'100012',739,,2867,16,0,14 3 15 7 16,0,100,,2868,16,0,14 3 15 7 16,0,100,,2869,16,0,14 3 15 7 16,0,100,,2870,16,0,14 3 15 7 16,0,100,,2871,16,0,14 3 15 7 16,0,115,,2872,16,0,14 3 15 7 16,0,100,,2873,16,0,14 3 15 7 16,0,100,,2874,16,0,14 3 15 7 16,0,100,,2875,16,0,14 3 15 7 16,0,155,,2876,16,0,14 3 15 7 16,0,100,,2877,16,0,14 3 15 7 16,0,100,,2878,16,0,14 3 15 7 16,0
800,'100013',603,,2894,16,0,14 3 15 7 16,0,30,,2879,16,0,14 3 15 7 16,0,70,,2895,16,0,14 3 15 7 16,0,30,,2880,16,0,14 3 15 7 16,0,70,,2896,16,0,14 3 15 7 16,0,40,,2897,16,0,14 3 15 7 16,0,69,,2881,16,0,14 3 15 7 16,0,30,,2905,16,0,14 3 15 7 16,0,70,,2882,16,0,14 3 15 7 16,0,30,,2906,16,0,14 3 15 7 16,0,70,,2883,16,0,14 3 15 7 16,0,30,,2907,16,0,14 3 15 7 16,0,70,,2884,16,0,14 3 15 7 16,0,40,,2908,16,0,14 3 15 7 16,0,75,,2885,16,0,14 3 15 7 16,0,75,,2898,16,0,14 3 15 7 16,0,35,,2886,16,0,14 3 15 7 16,0,75,,2887,16,0,14 3 15 7 16,0,35,,2899,16,0,14 3 15 7 16,0,75,,2888,16,0,14 3 15 7 16,0,80,,2900,16,0,14 3 15 7 16,0,44,,2889,16,0,14 3 15 7 16,0,70,,2901,16,0,14 3 15 7 16,0,30,,2890,16,0,14 3 15 7 16,0,70,,2902,16,0,14 3 15 7 16,0,30,,2891,16,0,14 3 15 7 16,0,85,,2903,16,0,14 3 15 7 16,0,70,,2892,16,0,14 3 15 7 16,0,30,,2904,16,0,14 3 15 7 16,0,70,,2893,16,0,14 3 15 7 16,0,28,,2910,16,0,14 3 15 7 16,0,28,,2909,16,0,14 3 15 7 16,0
800,'100014',603,,2926,16,0,14 3 15 7 16,0,30,,2911,16,0,14 3 15 7 16,0,70,,2927,16,0,14 3 15 7 16,0,30,,2912,16,0,14 3 15 7 16,0,70,,2928,16,0,14 3 15 7 16,0,40,,2929,16,0,14 3 15 7 16,0,69,,2913,16,0,14 3 15 7 16,0,30,,2937,16,0,14 3 15 7 16,0,70,,2914,16,0,14 3 15 7 16,0,30,,2938,16,0,14 3 15 7 16,0,70,,2915,16,0,14 3 15 7 16,0,30,,2939,16,0,14 3 15 7 16,0,70,,2916,16,0,14 3 15 7 16,0,40,,2940,16,0,14 3 15 7 16,0,75,,2917,16,0,14 3 15 7 16,0,75,,2930,16,0,14 3 15 7 16,0,35,,2918,16,0,14 3 15 7 16,0,75,,2919,16,0,14 3 15 7 16,0,35,,2931,16,0,14 3 15 7 16,0,75,,2920,16,0,14 3 15 7 16,0,80,,2932,16,0,14 3 15 7 16,0,44,,2921,16,0,14 3 15 7 16,0,70,,2933,16,0,14 3 15 7 16,0,30,,2922,16,0,14 3 15 7 16,0,70,,2934,16,0,14 3 15 7 16,0,30,,2923,16,0,14 3 15 7 16,0,85,,2935,16,0,14 3 15 7 16,0,70,,2924,16,0,14 3 15 7 16,0,30,,2936,16,0,14 3 15 7 16,0,70,,2925,16,0,14 3 15 7 16,0,28,,2942,16,0,14 3 15 7 16,0,28,,2941,16,0,14 3 15 7 16,0
800,'100015',739,,2943,16,0,14 3 15 7 16,0,100,,2944,16,0,14 3 15 7 16,0,100,,2945,16,0,14 3 15 7 16,0,100,,2946,16,0,14 3 15 7 16,0,100,,2947,16,0,14 3 15 7 16,0,115,,2948,16,0,14 3 15 7 16,0,100,,2949,16,0,14 3 15 7 16,0,100,,2950,16,0,14 3 15 7 16,0,100,,2951,16,0,14 3 15 7 16,0,155,,2952,16,0,14 3 15 7 16,0,100,,2953,16,0,14 3 15 7 16,0,100,,2954,16,0,14 3 15 7 16,0
5000,'100013',749,,3197,14,0,7 8 9 10 11,0
5100,'100013',747,,3200,15,0,7 8 9 10 11,0
5101,'100013',1503,,3201,11,0,7 8 9 10 11,0
5300,'100013',826,,3206,48,,,0
1005301,'100013',1501,,3338,6,,,0
1005301,'100014',1501,,3339,6,,,0
