500,'100015',821,,3933,41,,,0,100,,3934,41,,,0,100,,3935,41,,,0,100,,3936,41,,,0,100,,3937,41,,,0,115,,3938,41,,,0,100,,3939,41,,,0,100,,3940,41,,,0,115,,3941,41,,,0,100,,3942,41,,,0,100,,3943,41,,,0
500,'100016',821,,3944,41,,,0,100,,3945,41,,,0,100,,3946,41,,,0,100,,3947,41,,,0,100,,3948,41,,,0,115,,3949,41,,,0,100,,3950,41,,,0,100,,3951,41,,,0,115,,3952,41,,,0,100,,3953,41,,,0,100,,3954,41,,,0
500,'100017',613,,3955,41,,,0,30,,3971,41,,,0,70,,3956,41,,,0,30,,3972,41,,,0,70,,3957,41,,,0,40,,3958,41,,,0,70,,3980,41,,,0,30,,3959,41,,,0,70,,3983,41,,,0,30,,3960,41,,,0,70,,3982,41,,,0,30,,3961,41,,,0,70,,3984,41,,,0,82,,3962,41,,,0,35,,3981,41,,,0,75,,3963,41,,,0,35,,3973,41,,,0,75,,3964,41,,,0,75,,3974,41,,,0,35,,3965,41,,,0,80,,3966,41,,,0,41,,3975,41,,,0,70,,3967,41,,,0,30,,3976,41,,,0,70,,3968,41,,,0,30,,3977,41,,,0,85,,3969,41,,,0,70,,3978,41,,,0,30,,3970,41,,,0,70,,3979,41,,,0,30,,3985,41,,,0,70,,3986,41,,,0
700,'100015',823,,4046,38,,,0,100,,4047,38,,,0,100,,4048,38,,,0,100,,4049,38,,,0,100,,4050,38,,,0,115,,4051,38,,,0,100,,4052,38,,,0,100,,4053,38,,,0,115,,4054,38,,,0,100,,4055,38,,,0,100,,4056,38,,,0
700,'100016',823,,4057,38,,,0,100,,4058,38,,,0,100,,4059,38,,,0,100,,4060,38,,,0,100,,4061,38,,,0,115,,4062,38,,,0,100,,4063,38,,,0,100,,4064,38,,,0,115,,4065,38,,,0,100,,4066,38,,,0,100,,4067,38,,,0
700,'100017',546,,4068,38,,,0,70,,4078,38,,,0,30,,4069,38,,,0,58,,4096,38,,,0,12,,4079,38,,,0,30,,4070,38,,,0,70,,4080,38,,,0,40,,4089,38,,,0,70,,4071,38,,,0,30,,4090,38,,,0,70,,4072,38,,,0,30,,4097,38,,,0,70,,4073,38,,,0,30,,4098,38,,,0,70,,4074,38,,,0,83,,4099,38,,,0,35,,4075,38,,,0,75,,4081,38,,,0,35,,4076,38,,,0,75,,4082,38,,,0,75,,4077,38,,,0,35,,4083,38,,,0,80,,4084,38,,,0,40,,4091,38,,,0,70,,4085,38,,,0,30,,4092,38,,,0,70,,4086,38,,,0,30,,4093,38,,,0,86,,4087,38,,,0,70,,4094,38,,,0,30,,4088,38,,,0,70,,4095,38,,,0,30,,4100,38,,,0,70,,4101,38,,,0
1000900,'100015',759,,4298,31,,,0,80,,4299,31,,,0,80,,4300,31,,,0,40,,4301,31,,,0,80,,4302,31,,,0,80,,4303,31,,,0,40,,4304,31,,,0,85,,4305,31,,,0,80,,4306,31,,,0,81,,4307,31,,,0,40,,4308,31,,,0,80,,4309,31,,,0,80,,4310,31,,,0,40,,4311,31,,,0,85,,4312,31,,,0,80,,4313,31,,,0,40,,4314,31,,,0,80,,4315,31,,,0
1000900,'100016',759,,4316,31,,,0,80,,4317,31,,,0,80,,4318,31,,,0,40,,4319,31,,,0,80,,4320,31,,,0,80,,4321,31,,,0,40,,4322,31,,,0,85,,4323,31,,,0,80,,4324,31,,,0,81,,4325,31,,,0,40,,4326,31,,,0,80,,4327,31,,,0,80,,4328,31,,,0,40,,4329,31,,,0,85,,4330,31,,,0,80,,4331,31,,,0,40,,4332,31,,,0,80,,4333,31,,,0
1000900,'100017',546,,4344,31,,,0,70,,4345,31,,,0,30,,4346,31,,,0,70,,4347,31,,,0,30,,4348,31,,,0,70,,4349,31,,,0,22,,4350,31,,,0,68,,4351,31,,,0,35,,4352,31,,,0,60,,4353,31,,,0,30,,4354,31,,,0,70,,4355,31,,,0,30,,4356,31,,,0,70,,4357,31,,,0,30,,4358,31,,,0,70,,4359,31,,,0,30,,4360,31,,,0,70,,4361,31,,,0,33,,4362,31,,,0,70,,4363,31,,,0,34,,4364,31,,,0,64,,4365,31,,,0,32,,4366,31,,,0,70,,4367,31,,,0,18,,4368,31,,,0,85,,4337,31,,,0,30,,4338,31,,,0,70,,4341,31,,,0,30,,4334,31,,,0,67,,4336,31,,,0,44,,4342,31,,,0,85,,4340,31,,,0,75,,4339,31,,,0,35,,4343,31,,,0,75,,4335,31,,,0
2000900,'100015',821,,4369,29,,,0,80,,4370,29,,,0,40,,4371,29,,,0,80,,4372,29,,,0,80,,4373,29,,,0,40,,4374,29,,,0,79,,4375,29,,,0,80,,4376,29,,,0,45,,4377,29,,,0,80,,4378,29,,,0,81,,4379,29,,,0,40,,4380,29,,,0,85,,4381,29,,,0,80,,4382,29,,,0,40,,4383,29,,,0,80,,4384,29,,,0,80,,4385,29,,,0
2000900,'100016',821,,4386,29,,,0,80,,4387,29,,,0,40,,4388,29,,,0,80,,4389,29,,,0,80,,4390,29,,,0,40,,4391,29,,,0,79,,4392,29,,,0,80,,4393,29,,,0,45,,4394,29,,,0,80,,4395,29,,,0,81,,4396,29,,,0,40,,4397,29,,,0,85,,4398,29,,,0,80,,4399,29,,,0,40,,4400,29,,,0,80,,4401,29,,,0,80,,4402,29,,,0
2000900,'100017',611,,4403,29,,,0,20,,4404,29,,,0,70,,4405,29,,,0,30,,4406,29,,,0,70,,4407,29,,,0,20,,4408,29,,,0,80,,4409,29,,,0,22,,4434,29,,,0,28,,4410,29,,,0,70,,4411,29,,,0,20,,4412,29,,,0,70,,4413,29,,,0,30,,4414,29,,,0,70,,4415,29,,,0,30,,4416,29,,,0,70,,4417,29,,,0,30,,4418,29,,,0,70,,4419,29,,,0,32,,4420,29,,,0,71,,4421,29,,,0,30,,4422,29,,,0,74,,4423,29,,,0,24,,4424,29,,,0,72,,4425,29,,,0,38,,4426,29,,,0,70,,4427,29,,,0,30,,4428,29,,,0,70,,4429,29,,,0,30,,4430,29,,,0,65,,4431,29,,,0,32,,4432,29,,,0,74,,4433,29,,,0,85,,4435,29,,,0,35,,4436,29,,,0,76,,4437,29,,,0
