700,'100014',824,,3826,,,0,100,,3827,,,0,100,,3828,,,0,100,,3829,,,0,100,,3830,,,0,115,,3831,,,0,100,,3832,,,0,100,,3833,,,0,115,,3834,,,0,100,,3835,,,0,100,,3836,,,0,100,,3837,,,0
700,'100015',824,,3838,,,0,100,,3839,,,0,100,,3840,,,0,100,,3841,,,0,100,,3842,,,0,115,,3843,,,0,100,,3844,,,0,100,,3845,,,0,115,,3846,,,0,100,,3847,,,0,100,,3848,,,0
700,'100016',547,,3849,,,0,70,,3859,,,0,30,,3850,,,0,58,,3877,,,0,12,,3860,,,0,30,,3851,,,0,70,,3861,,,0,40,,3870,,,0,70,,3852,,,0,30,,3871,,,0,70,,3853,,,0,30,,3878,,,0,70,,3854,,,0,30,,3879,,,0,70,,3855,,,0,83,,3880,,,0,35,,3856,,,0,75,,3862,,,0,35,,3857,,,0,75,,3863,,,0,75,,3858,,,0,35,,3864,,,0,80,,3865,,,0,80,,3872,,,0,30,,3866,,,0,70,,3873,,,0,30,,3867,,,0,70,,3874,,,0,45,,3868,,,0,70,,3875,,,0,30,,3869,,,0,70,,3876,,,0,30,,3881,,,0,70,,3882,,,0
700,'100017',547,,3883,,,0,70,,3893,,,0,30,,3884,,,0,58,,3911,,,0,12,,3894,,,0,30,,3885,,,0,70,,3895,,,0,40,,3904,,,0,70,,3886,,,0,30,,3905,,,0,70,,3887,,,0,30,,3912,,,0,70,,3888,,,0,30,,3913,,,0,70,,3889,,,0,83,,3914,,,0,35,,3890,,,0,75,,3896,,,0,35,,3891,,,0,75,,3897,,,0,75,,3892,,,0,35,,3898,,,0,80,,3899,,,0,80,,3906,,,0,30,,3900,,,0,70,,3907,,,0,30,,3901,,,0,70,,3908,,,0,45,,3902,,,0,70,,3909,,,0,30,,3903,,,0,70,,3910,,,0,30,,3915,,,0,70,,3916,,,0
700,'100018',824,,3917,,,0,100,,3918,,,0,100,,3919,,,0,100,,3920,,,0,100,,3921,,,0,115,,3922,,,0,100,,3923,,,0,100,,3924,,,0,115,,3925,,,0,100,,3926,,,0,100,,3927,,,0
1000900,'100014',759,,4285,,,0,80,,4286,,,0,80,,4287,,,0,40,,4288,,,0,80,,4289,,,0,81,,4290,,,0,80,,4291,,,0,45,,4292,,,0,80,,4293,,,0,81,,4294,,,0,40,,4295,,,0,80,,4296,,,0,80,,4297,,,0,40,,4298,,,0,85,,4299,,,0,80,,4300,,,0,40,,4301,,,0,80,,4302,,,0,80,,4303,,,0
1000900,'100015',759,,4304,,,0,80,,4305,,,0,80,,4306,,,0,40,,4307,,,0,80,,4308,,,0,81,,4309,,,0,80,,4310,,,0,45,,4311,,,0,80,,4312,,,0,81,,4313,,,0,40,,4314,,,0,80,,4315,,,0,80,,4316,,,0,40,,4317,,,0,85,,4318,,,0,80,,4319,,,0,40,,4320,,,0,80,,4321,,,0
1000900,'100016',546,,4332,,,0,70,,4333,,,0,30,,4334,,,0,70,,4335,,,0,30,,4336,,,0,70,,4337,,,0,22,,4338,,,0,68,,4339,,,0,35,,4340,,,0,60,,4341,,,0,30,,4342,,,0,70,,4343,,,0,30,,4344,,,0,70,,4345,,,0,30,,4346,,,0,70,,4347,,,0,30,,4348,,,0,70,,4349,,,0,34,,4350,,,0,70,,4351,,,0,34,,4352,,,0,64,,4353,,,0,32,,4354,,,0,70,,4355,,,0,18,,4356,,,0,85,,4325,,,0,30,,4326,,,0,70,,4329,,,0,30,,4322,,,0,67,,4324,,,0,43,,4330,,,0,85,,4328,,,0,75,,4327,,,0,35,,4331,,,0,75,,4323,,,0
1000900,'100017',546,,4367,,,0,70,,4368,,,0,30,,4369,,,0,70,,4370,,,0,30,,4371,,,0,70,,4372,,,0,22,,4373,,,0,68,,4374,,,0,35,,4375,,,0,60,,4376,,,0,30,,4377,,,0,70,,4378,,,0,30,,4379,,,0,70,,4380,,,0,30,,4381,,,0,70,,4382,,,0,30,,4383,,,0,70,,4384,,,0,34,,4385,,,0,70,,4386,,,0,34,,4387,,,0,64,,4388,,,0,32,,4389,,,0,70,,4390,,,0,18,,4391,,,0,85,,4360,,,0,30,,4361,,,0,70,,4364,,,0,30,,4357,,,0,67,,4359,,,0,43,,4365,,,0,85,,4363,,,0,75,,4362,,,0,35,,4366,,,0,75,,4358,,,0
1000900,'100018',759,,4392,,,0,80,,4393,,,0,80,,4394,,,0,40,,4395,,,0,80,,4396,,,0,81,,4397,,,0,80,,4398,,,0,45,,4399,,,0,80,,4400,,,0,81,,4401,,,0,40,,4402,,,0,80,,4403,,,0,80,,4404,,,0,40,,4405,,,0,85,,4406,,,0,80,,4407,,,0,40,,4408,,,0,80,,4409,,,0
2000900,'100014',821,,4414,,,0,80,,4415,,,0,40,,4416,,,0,80,,4417,,,0,80,,4418,,,0,40,,4419,,,0,80,,4420,,,0,80,,4421,,,0,45,,4422,,,0,80,,4423,,,0,81,,4424,,,0,40,,4425,,,0,85,,4426,,,0,80,,4427,,,0,40,,4428,,,0,80,,4429,,,0,80,,4430,,,0,40,,4432,,,0,80,,4431,,,0
2000900,'100015',821,,4433,,,0,80,,4434,,,0,40,,4435,,,0,80,,4436,,,0,80,,4437,,,0,40,,4438,,,0,80,,4439,,,0,80,,4440,,,0,45,,4441,,,0,80,,4442,,,0,81,,4443,,,0,40,,4444,,,0,85,,4445,,,0,80,,4446,,,0,40,,4447,,,0,80,,4448,,,0,80,,4449,,,0
2000900,'100016',611,,4450,,,0,20,,4451,,,0,70,,4452,,,0,30,,4453,,,0,70,,4454,,,0,20,,4455,,,0,80,,4456,,,0,22,,4481,,,0,28,,4457,,,0,70,,4458,,,0,20,,4459,,,0,70,,4460,,,0,30,,4461,,,0,70,,4462,,,0,30,,4463,,,0,70,,4464,,,0,30,,4465,,,0,70,,4466,,,0,33,,4467,,,0,71,,4468,,,0,30,,4469,,,0,74,,4470,,,0,24,,4471,,,0,72,,4472,,,0,38,,4473,,,0,70,,4474,,,0,30,,4475,,,0,70,,4476,,,0,30,,4477,,,0,65,,4478,,,0,31,,4479,,,0,74,,4480,,,0,85,,4482,,,0,35,,4483,,,0,76,,4484,,,0
2000900,'100017',611,,4485,,,0,20,,4486,,,0,70,,4487,,,0,30,,4488,,,0,70,,4489,,,0,20,,4490,,,0,80,,4491,,,0,22,,4516,,,0,28,,4492,,,0,70,,4493,,,0,20,,4494,,,0,70,,4495,,,0,30,,4496,,,0,70,,4497,,,0,30,,4498,,,0,70,,4499,,,0,30,,4500,,,0,70,,4501,,,0,33,,4502,,,0,71,,4503,,,0,30,,4504,,,0,74,,4505,,,0,24,,4506,,,0,72,,4507,,,0,38,,4508,,,0,70,,4509,,,0,30,,4510,,,0,70,,4511,,,0,30,,4512,,,0,65,,4513,,,0,31,,4514,,,0,74,,4515,,,0,85,,4517,,,0,35,,4518,,,0,76,,4519,,,0
2000900,'100018',821,,4520,,,0,80,,4521,,,0,40,,4522,,,0,80,,4523,,,0,80,,4524,,,0,40,,4525,,,0,80,,4526,,,0,80,,4527,,,0,45,,4528,,,0,80,,4529,,,0,81,,4530,,,0,40,,4531,,,0,85,,4532,,,0,80,,4533,,,0,40,,4534,,,0,80,,4535,,,0,80,,4536,,,0
