400,'100011',754,,2408,38,,,0,70,,2421,38,,,0,30,,2409,38,,,0,70,,2422,38,,,0,30,,2410,38,,,0,70,,2423,38,,,0,30,,2411,38,,,0,70,,2424,38,,,0,30,,2412,38,,,0,70,,2425,38,,,0,85,,2413,38,,,0,30,,2426,38,,,0,70,,2414,38,,,0,30,,2427,38,,,0,70,,2415,38,,,0,30,,2428,38,,,0,70,,2416,38,,,0,45,,2429,38,,,0,70,,2417,38,,,0,30,,2430,38,,,0,70,,2418,38,,,0,30,,2420,38,,,0,70,,2419,38,,,0,30,,2431,38,,,0,70,,2432,38,,,0
400,'100012',754,,2433,38,,,0,70,,2446,38,,,0,30,,2434,38,,,0,70,,2447,38,,,0,30,,2435,38,,,0,70,,2448,38,,,0,30,,2436,38,,,0,70,,2449,38,,,0,30,,2437,38,,,0,70,,2450,38,,,0,85,,2438,38,,,0,30,,2451,38,,,0,70,,2439,38,,,0,30,,2452,38,,,0,70,,2440,38,,,0,30,,2453,38,,,0,70,,2441,38,,,0,45,,2454,38,,,0,70,,2442,38,,,0,30,,2455,38,,,0,70,,2443,38,,,0,30,,2445,38,,,0,70,,2444,38,,,0
400,'100013',547,,2485,38,,,0,70,,2464,38,,,0,30,,2456,38,,,0,57,,2483,38,,,0,13,,2465,38,,,0,30,,2457,38,,,0,70,,2466,38,,,0,40,,2458,38,,,0,69,,2484,38,,,0,31,,2459,38,,,0,70,,2480,38,,,0,30,,2460,38,,,0,70,,2481,38,,,0,30,,2461,38,,,0,70,,2482,38,,,0,79,,2462,38,,,0,35,,2487,38,,,0,75,,2463,38,,,0,35,,2467,38,,,0,75,,2486,38,,,0,75,,2468,38,,,0,35,,2469,38,,,0,80,,2475,38,,,0,43,,2470,38,,,0,70,,2476,38,,,0,30,,2471,38,,,0,70,,2477,38,,,0,30,,2472,38,,,0,85,,2478,38,,,0,70,,2473,38,,,0,30,,2479,38,,,0,70,,2474,38,,,0,30,,2488,38,,,0,70,,2489,38,,,0
400,'100014',547,,2519,38,,,0,70,,2498,38,,,0,30,,2490,38,,,0,57,,2517,38,,,0,13,,2499,38,,,0,30,,2491,38,,,0,70,,2500,38,,,0,40,,2492,38,,,0,69,,2518,38,,,0,31,,2493,38,,,0,70,,2514,38,,,0,30,,2494,38,,,0,70,,2515,38,,,0,30,,2495,38,,,0,70,,2516,38,,,0,79,,2496,38,,,0,35,,2521,38,,,0,75,,2497,38,,,0,35,,2501,38,,,0,75,,2520,38,,,0,75,,2502,38,,,0,35,,2503,38,,,0,80,,2509,38,,,0,43,,2504,38,,,0,70,,2510,38,,,0,30,,2505,38,,,0,70,,2511,38,,,0,30,,2506,38,,,0,85,,2512,38,,,0,70,,2507,38,,,0,30,,2513,38,,,0,70,,2508,38,,,0,30,,2522,38,,,0,70,,2523,38,,,0
400,'100015',754,,2524,38,,,0,70,,2525,38,,,0,30,,2526,38,,,0,70,,2527,38,,,0,30,,2528,38,,,0,70,,2529,38,,,0,30,,2530,38,,,0,70,,2531,38,,,0,30,,2532,38,,,0,70,,2533,38,,,0,85,,2534,38,,,0,30,,2535,38,,,0,70,,2536,38,,,0,30,,2537,38,,,0,70,,2538,38,,,0,30,,2539,38,,,0,70,,2540,38,,,0,45,,2542,38,,,0,70,,2543,38,,,0,30,,2544,38,,,0,70,,2545,38,,,0,30,,2546,38,,,0,70,,2541,38,,,0
800,'100011',753,,2854,39,,,0,100,,2855,39,,,0,100,,2856,39,,,0,100,,2857,39,,,0,100,,2858,39,,,0,155,,2859,39,,,0,100,,2860,39,,,0,100,,2861,39,,,0,100,,2862,39,,,0,115,,2863,39,,,0,100,,2864,39,,,0,100,,2865,39,,,0,100,,2866,39,,,0
800,'100012',753,,2867,39,,,0,100,,2868,39,,,0,100,,2869,39,,,0,100,,2870,39,,,0,100,,2871,39,,,0,155,,2872,39,,,0,100,,2873,39,,,0,100,,2874,39,,,0,100,,2875,39,,,0,115,,2876,39,,,0,100,,2877,39,,,0,100,,2878,39,,,0
800,'100013',617,,2894,39,,,0,30,,2879,39,,,0,70,,2895,39,,,0,30,,2880,39,,,0,70,,2896,39,,,0,40,,2897,39,,,0,69,,2881,39,,,0,30,,2905,39,,,0,70,,2882,39,,,0,30,,2906,39,,,0,70,,2883,39,,,0,30,,2907,39,,,0,70,,2884,39,,,0,82,,2908,39,,,0,35,,2885,39,,,0,75,,2898,39,,,0,35,,2886,39,,,0,75,,2887,39,,,0,75,,2899,39,,,0,35,,2888,39,,,0,80,,2900,39,,,0,41,,2889,39,,,0,70,,2901,39,,,0,30,,2890,39,,,0,70,,2902,39,,,0,30,,2891,39,,,0,85,,2903,39,,,0,70,,2892,39,,,0,30,,2904,39,,,0,70,,2893,39,,,0,29,,2910,39,,,0,68,,2909,39,,,0
800,'100014',617,,2926,39,,,0,30,,2911,39,,,0,70,,2927,39,,,0,30,,2912,39,,,0,70,,2928,39,,,0,40,,2929,39,,,0,69,,2913,39,,,0,30,,2937,39,,,0,70,,2914,39,,,0,30,,2938,39,,,0,70,,2915,39,,,0,30,,2939,39,,,0,70,,2916,39,,,0,82,,2940,39,,,0,35,,2917,39,,,0,75,,2930,39,,,0,35,,2918,39,,,0,75,,2919,39,,,0,75,,2931,39,,,0,35,,2920,39,,,0,80,,2932,39,,,0,41,,2921,39,,,0,70,,2933,39,,,0,30,,2922,39,,,0,70,,2934,39,,,0,30,,2923,39,,,0,85,,2935,39,,,0,70,,2924,39,,,0,30,,2936,39,,,0,70,,2925,39,,,0,29,,2942,39,,,0,68,,2941,39,,,0
800,'100015',753,,2943,39,,,0,100,,2944,39,,,0,100,,2945,39,,,0,100,,2946,39,,,0,100,,2947,39,,,0,155,,2948,39,,,0,100,,2949,39,,,0,100,,2950,39,,,0,100,,2951,39,,,0,115,,2952,39,,,0,100,,2953,39,,,0,100,,2954,39,,,0
5201,'100013',1536,,3205,25,0,5 6,0
5401,'100013',1456,,3210,22,0,7 18,0
