201,'100014',756,,2058,15,0,5 6,0,70,,2062,15,0,5 6,0,30,,2059,15,0,5 6,0,70,,2072,15,0,5 6,0,30,,2061,15,0,5 6,0,70,,2060,15,0,5 6,0,30,,2063,15,0,5 6,0,70,,2064,15,0,5 6,0,30,,2053,15,0,5 6,0,85,,2066,15,0,5 6,0,70,,2067,15,0,5 6,0,30,,2068,15,0,5 6,0,70,,2069,15,0,5 6,0,30,,2070,15,0,5 6,0,70,,2071,15,0,5 6,0,30,,2075,15,0,5 6,0,85,,2073,15,0,5 6,0,30,,2074,15,0,5 6,0,70,,2054,15,0,5 6,0,30,,2057,15,0,5 6,0,70,,2056,15,0,5 6,0,30,,2055,15,0,5 6,0,70,,2065,15,0,5 6,0,30,,2076,15,0,5 6,0
201,'100015',756,,2082,15,0,5 6,0,70,,2086,15,0,5 6,0,30,,2083,15,0,5 6,0,70,,2096,15,0,5 6,0,30,,2085,15,0,5 6,0,70,,2084,15,0,5 6,0,30,,2087,15,0,5 6,0,70,,2088,15,0,5 6,0,30,,2077,15,0,5 6,0,85,,2090,15,0,5 6,0,70,,2091,15,0,5 6,0,30,,2092,15,0,5 6,0,70,,2093,15,0,5 6,0,30,,2094,15,0,5 6,0,70,,2095,15,0,5 6,0,30,,2099,15,0,5 6,0,85,,2097,15,0,5 6,0,30,,2098,15,0,5 6,0,70,,2078,15,0,5 6,0,30,,2081,15,0,5 6,0,70,,2080,15,0,5 6,0,30,,2079,15,0,5 6,0,70,,2089,15,0,5 6,0
201,'100016',548,,2133,15,0,5 6,0,70,,2100,15,0,5 6,0,30,,2108,15,0,5 6,0,70,,2101,15,0,5 6,0,30,,2109,15,0,5 6,0,70,,2102,15,0,5 6,0,40,,2110,15,0,5 6,0,70,,2103,15,0,5 6,0,30,,2111,15,0,5 6,0,70,,2104,15,0,5 6,0,30,,2112,15,0,5 6,0,70,,2105,15,0,5 6,0,30,,2113,15,0,5 6,0,70,,2106,15,0,5 6,0,79,,2131,15,0,5 6,0,35,,2107,15,0,5 6,0,75,,2114,15,0,5 6,0,35,,2121,15,0,5 6,0,75,,2115,15,0,5 6,0,75,,2122,15,0,5 6,0,35,,2116,15,0,5 6,0,79,,2132,15,0,5 6,0,84,,2123,15,0,5 6,0,30,,2117,15,0,5 6,0,70,,2124,15,0,5 6,0,30,,2118,15,0,5 6,0,70,,2125,15,0,5 6,0,45,,2119,15,0,5 6,0,70,,2126,15,0,5 6,0,30,,2120,15,0,5 6,0,70,,2127,15,0,5 6,0,30,,2128,15,0,5 6,0,72,,2129,15,0,5 6,0
201,'100017',548,,2167,15,0,5 6,0,70,,2134,15,0,5 6,0,30,,2142,15,0,5 6,0,70,,2135,15,0,5 6,0,30,,2143,15,0,5 6,0,70,,2136,15,0,5 6,0,40,,2144,15,0,5 6,0,70,,2137,15,0,5 6,0,30,,2145,15,0,5 6,0,70,,2138,15,0,5 6,0,30,,2146,15,0,5 6,0,70,,2139,15,0,5 6,0,30,,2147,15,0,5 6,0,70,,2140,15,0,5 6,0,79,,2165,15,0,5 6,0,35,,2141,15,0,5 6,0,75,,2148,15,0,5 6,0,35,,2155,15,0,5 6,0,75,,2149,15,0,5 6,0,75,,2156,15,0,5 6,0,35,,2150,15,0,5 6,0,79,,2166,15,0,5 6,0,84,,2157,15,0,5 6,0,30,,2151,15,0,5 6,0,70,,2158,15,0,5 6,0,30,,2152,15,0,5 6,0,70,,2159,15,0,5 6,0,45,,2153,15,0,5 6,0,70,,2160,15,0,5 6,0,30,,2154,15,0,5 6,0,70,,2161,15,0,5 6,0,30,,2162,15,0,5 6,0,72,,2163,15,0,5 6,0
201,'100018',756,,2168,15,0,5 6,0,70,,2169,15,0,5 6,0,30,,2170,15,0,5 6,0,70,,2171,15,0,5 6,0,30,,2172,15,0,5 6,0,70,,2173,15,0,5 6,0,30,,2174,15,0,5 6,0,70,,2175,15,0,5 6,0,30,,2176,15,0,5 6,0,85,,2177,15,0,5 6,0,70,,2178,15,0,5 6,0,30,,2179,15,0,5 6,0,70,,2180,15,0,5 6,0,30,,2181,15,0,5 6,0,70,,2182,15,0,5 6,0,30,,2183,15,0,5 6,0,85,,2184,15,0,5 6,0,30,,2186,15,0,5 6,0,70,,2187,15,0,5 6,0,30,,2188,15,0,5 6,0,70,,2189,15,0,5 6,0,30,,2190,15,0,5 6,0,70,,2185,15,0,5 6,0
2100,'100014',833,,2963,18,,,0,75,,2956,18,,,0,35,,2964,18,,,0,75,,2957,18,,,0,35,,2973,18,,,0,75,,2972,18,,,0,75,,2965,18,,,0,35,,2958,18,,,0,75,,2966,18,,,0,35,,2959,18,,,0,75,,2967,18,,,0,35,,2960,18,,,0,75,,2974,18,,,0,75,,2971,18,,,0,35,,2968,18,,,0,75,,2961,18,,,0,35,,2969,18,,,0,80,,2962,18,,,0,75,,2970,18,,,0,35,,2955,18,,,0,110,,2975,18,,,0
2100,'100015',833,,2984,18,,,0,75,,2977,18,,,0,35,,2985,18,,,0,75,,2978,18,,,0,35,,2994,18,,,0,75,,2993,18,,,0,75,,2986,18,,,0,35,,2979,18,,,0,75,,2987,18,,,0,35,,2980,18,,,0,75,,2988,18,,,0,35,,2981,18,,,0,75,,2995,18,,,0,75,,2992,18,,,0,35,,2989,18,,,0,75,,2982,18,,,0,35,,2990,18,,,0,80,,2983,18,,,0,75,,2991,18,,,0,35,,2976,18,,,0
2100,'100016',654,,3010,18,,,0,75,,2996,18,,,0,75,,3011,18,,,0,35,,2997,18,,,0,75,,3012,18,,,0,34,,2998,18,,,0,75,,3013,18,,,0,35,,2999,18,,,0,75,,3014,18,,,0,75,,3000,18,,,0,38,,3015,18,,,0,75,,3001,18,,,0,35,,3016,18,,,0,75,,3002,18,,,0,75,,3017,18,,,0,35,,3003,18,,,0,76,,3018,18,,,0,34,,3004,18,,,0,75,,3019,18,,,0,79,,3005,18,,,0,37,,3020,18,,,0,73,,3006,18,,,0,39,,3021,18,,,0,71,,3007,18,,,0,79,,3022,18,,,0,40,,3008,18,,,0,70,,3009,18,,,0,30,,3023,18,,,0,70,,3024,18,,,0,30,,3025,18,,,0
2100,'100017',654,,3040,18,,,0,75,,3026,18,,,0,75,,3041,18,,,0,35,,3027,18,,,0,75,,3042,18,,,0,34,,3028,18,,,0,75,,3043,18,,,0,35,,3029,18,,,0,75,,3044,18,,,0,75,,3030,18,,,0,38,,3045,18,,,0,75,,3031,18,,,0,35,,3046,18,,,0,75,,3032,18,,,0,75,,3047,18,,,0,35,,3033,18,,,0,76,,3048,18,,,0,34,,3034,18,,,0,75,,3049,18,,,0,79,,3035,18,,,0,37,,3050,18,,,0,73,,3036,18,,,0,39,,3051,18,,,0,71,,3037,18,,,0,79,,3052,18,,,0,40,,3038,18,,,0,70,,3039,18,,,0,30,,3053,18,,,0,70,,3054,18,,,0,30,,3055,18,,,0
2100,'100018',833,,3056,18,,,0,75,,3057,18,,,0,35,,3058,18,,,0,75,,3059,18,,,0,35,,3060,18,,,0,75,,3061,18,,,0,75,,3062,18,,,0,35,,3063,18,,,0,75,,3064,18,,,0,35,,3065,18,,,0,75,,3066,18,,,0,35,,3067,18,,,0,75,,3068,18,,,0,75,,3069,18,,,0,35,,3070,18,,,0,75,,3071,18,,,0,35,,3072,18,,,0,80,,3073,18,,,0,75,,3074,18,,,0,35,,3075,18,,,0
