200,'100013',733,,1937,29,,,0,70,,1936,29,,,0,30,,1915,29,,,0,70,,1914,29,,,0,30,,1916,29,,,0,70,,1917,29,,,0,30,,1918,29,,,0,70,,1919,29,,,0,30,,1920,29,,,0,70,,1921,29,,,0,45,,1922,29,,,0,70,,1923,29,,,0,30,,1924,29,,,0,70,,1925,29,,,0,30,,1926,29,,,0,70,,1927,29,,,0,30,,1928,29,,,0,85,,1929,29,,,0,70,,1930,29,,,0,30,,1931,29,,,0,70,,1932,29,,,0,30,,1933,29,,,0,70,,1934,29,,,0,30,,1935,29,,,0,70,,1938,29,,,0
200,'100014',733,,1962,29,,,0,70,,1961,29,,,0,30,,1940,29,,,0,70,,1939,29,,,0,30,,1941,29,,,0,70,,1942,29,,,0,30,,1943,29,,,0,70,,1944,29,,,0,30,,1945,29,,,0,70,,1946,29,,,0,45,,1947,29,,,0,70,,1948,29,,,0,30,,1949,29,,,0,70,,1950,29,,,0,30,,1951,29,,,0,70,,1952,29,,,0,30,,1953,29,,,0,85,,1954,29,,,0,70,,1955,29,,,0,30,,1956,29,,,0,70,,1957,29,,,0,30,,1958,29,,,0,70,,1959,29,,,0,30,,1960,29,,,0
200,'100015',555,,1963,29,,,0,70,,1972,29,,,0,30,,1964,29,,,0,70,,1973,29,,,0,30,,1965,29,,,0,80,,1974,29,,,0,70,,1966,29,,,0,30,,1975,29,,,0,70,,1967,29,,,0,30,,1976,29,,,0,70,,1968,29,,,0,30,,1977,29,,,0,70,,1969,29,,,0,30,,1978,29,,,0,83,,1970,29,,,0,35,,1979,29,,,0,75,,1971,29,,,0,75,,1980,29,,,0,35,,1988,29,,,0,75,,1981,29,,,0,35,,1989,29,,,0,89,,1982,29,,,0,71,,1983,29,,,0,30,,1990,29,,,0,70,,1984,29,,,0,30,,1991,29,,,0,85,,1985,29,,,0,30,,1992,29,,,0,70,,1986,29,,,0,30,,1993,29,,,0,70,,1987,29,,,0,30,,1994,29,,,0,70,,1995,29,,,0
200,'100016',555,,1996,29,,,0,70,,2005,29,,,0,30,,1997,29,,,0,70,,2006,29,,,0,30,,1998,29,,,0,80,,2007,29,,,0,70,,1999,29,,,0,30,,2008,29,,,0,70,,2000,29,,,0,30,,2009,29,,,0,70,,2001,29,,,0,30,,2010,29,,,0,70,,2002,29,,,0,30,,2011,29,,,0,83,,2003,29,,,0,35,,2012,29,,,0,75,,2004,29,,,0,75,,2013,29,,,0,35,,2021,29,,,0,75,,2014,29,,,0,35,,2022,29,,,0,89,,2015,29,,,0,71,,2016,29,,,0,30,,2023,29,,,0,70,,2017,29,,,0,30,,2024,29,,,0,85,,2018,29,,,0,30,,2025,29,,,0,70,,2019,29,,,0,30,,2026,29,,,0,70,,2020,29,,,0,30,,2027,29,,,0,70,,2028,29,,,0
200,'100017',733,,2052,29,,,0,70,,2029,29,,,0,30,,2030,29,,,0,70,,2031,29,,,0,30,,2032,29,,,0,70,,2033,29,,,0,30,,2034,29,,,0,70,,2035,29,,,0,30,,2036,29,,,0,70,,2037,29,,,0,45,,2038,29,,,0,70,,2039,29,,,0,30,,2040,29,,,0,70,,2041,29,,,0,30,,2042,29,,,0,70,,2043,29,,,0,30,,2044,29,,,0,85,,2045,29,,,0,70,,2047,29,,,0,30,,2048,29,,,0,70,,2049,29,,,0,30,,2050,29,,,0,70,,2051,29,,,0,30,,2046,29,,,0
2101,'100013',733,,3083,5,,,0,75,,3076,5,,,0,35,,3084,5,,,0,75,,3077,5,,,0,35,,3094,5,,,0,75,,3092,5,,,0,75,,3085,5,,,0,36,,3078,5,,,0,74,,3086,5,,,0,35,,3079,5,,,0,75,,3087,5,,,0,35,,3080,5,,,0,75,,3088,5,,,0,75,,3081,5,,,0,35,,3095,5,,,0,75,,3091,5,,,0,35,,3089,5,,,0,80,,3082,5,,,0,75,,3090,5,,,0,35,,3093,5,,,0,110,,3096,5,,,0
2101,'100014',733,,3104,5,,,0,75,,3097,5,,,0,35,,3105,5,,,0,75,,3098,5,,,0,35,,3115,5,,,0,75,,3113,5,,,0,75,,3106,5,,,0,36,,3099,5,,,0,74,,3107,5,,,0,35,,3100,5,,,0,75,,3108,5,,,0,35,,3101,5,,,0,75,,3109,5,,,0,75,,3102,5,,,0,35,,3116,5,,,0,75,,3112,5,,,0,35,,3110,5,,,0,80,,3103,5,,,0,75,,3111,5,,,0,35,,3114,5,,,0
2101,'100015',555,,3130,5,,,0,73,,3117,5,,,0,77,,3131,5,,,0,35,,3118,5,,,0,74,,3132,5,,,0,36,,3119,5,,,0,75,,3133,5,,,0,75,,3120,5,,,0,35,,3134,5,,,0,75,,3121,5,,,0,35,,3135,5,,,0,75,,3122,5,,,0,35,,3136,5,,,0,75,,3123,5,,,0,75,,3137,5,,,0,35,,3124,5,,,0,75,,3138,5,,,0,35,,3125,5,,,0,75,,3139,5,,,0,80,,3126,5,,,0,35,,3140,5,,,0,75,,3127,5,,,0,37,,3141,5,,,0,73,,3128,5,,,0,79,,3142,5,,,0,49,,3129,5,,,0,70,,3143,5,,,0,30,,3146,5,,,0,70,,3145,5,,,0,30,,3144,5,,,0
2101,'100016',555,,3160,5,,,0,73,,3147,5,,,0,77,,3161,5,,,0,35,,3148,5,,,0,74,,3162,5,,,0,36,,3149,5,,,0,75,,3163,5,,,0,75,,3150,5,,,0,35,,3164,5,,,0,75,,3151,5,,,0,35,,3165,5,,,0,75,,3152,5,,,0,35,,3166,5,,,0,75,,3153,5,,,0,75,,3167,5,,,0,35,,3154,5,,,0,75,,3168,5,,,0,35,,3155,5,,,0,75,,3169,5,,,0,80,,3156,5,,,0,35,,3170,5,,,0,75,,3157,5,,,0,37,,3171,5,,,0,73,,3158,5,,,0,79,,3172,5,,,0,49,,3159,5,,,0,70,,3173,5,,,0,30,,3176,5,,,0,70,,3175,5,,,0,30,,3174,5,,,0
2101,'100017',733,,3177,5,,,0,75,,3178,5,,,0,35,,3179,5,,,0,75,,3180,5,,,0,35,,3181,5,,,0,75,,3182,5,,,0,75,,3183,5,,,0,35,,3184,5,,,0,75,,3185,5,,,0,35,,3186,5,,,0,75,,3187,5,,,0,35,,3188,5,,,0,75,,3189,5,,,0,75,,3190,5,,,0,35,,3191,5,,,0,75,,3192,5,,,0,35,,3193,5,,,0,80,,3194,5,,,0,75,,3195,5,,,0,35,,3196,5,,,0
