200,'100015',730,,3591,26,,,0,70,,3569,26,,,0,30,,3570,26,,,0,70,,3571,26,,,0,30,,3572,26,,,0,70,,3573,26,,,0,30,,3574,26,,,0,70,,3575,26,,,0,30,,3576,26,,,0,70,,3577,26,,,0,45,,3592,2,0,5 31,0,70,,3579,26,,,0,30,,3580,26,,,0,70,,3581,26,,,0,30,,3582,26,,,0,70,,3583,26,,,0,30,,3584,26,,,0,85,,3593,2,0,5 31,0,70,,3586,26,,,0,30,,3587,26,,,0,70,,3588,26,,,0,30,,3589,26,,,0,70,,3590,26,,,0,30,,3585,26,,,0
200,'100016',730,,3616,26,,,0,70,,3615,26,,,0,30,,3596,26,,,0,70,,3595,26,,,0,30,,3597,26,,,0,70,,3598,26,,,0,30,,3599,26,,,0,70,,3600,26,,,0,30,,3601,26,,,0,70,,3602,26,,,0,45,,3620,2,0,5 31,0,70,,3603,26,,,0,30,,3604,26,,,0,70,,3605,26,,,0,30,,3606,26,,,0,70,,3607,26,,,0,30,,3608,26,,,0,85,,3618,2,0,5 31,0,70,,3609,26,,,0,30,,3610,26,,,0,70,,3611,26,,,0,30,,3612,26,,,0,70,,3613,26,,,0,30,,3614,26,,,0
200,'100017',552,,3621,26,,,0,70,,3630,26,,,0,30,,3622,26,,,0,70,,3631,26,,,0,30,,3623,26,,,0,80,,3632,26,,,0,70,,3624,26,,,0,30,,3633,26,,,0,70,,3625,26,,,0,30,,3634,26,,,0,70,,3626,26,,,0,30,,3635,26,,,0,70,,3627,26,,,0,39,,3654,2,0,5 31,0,75,,3628,26,,,0,35,,3637,26,,,0,75,,3629,26,,,0,75,,3638,26,,,0,35,,3646,26,,,0,75,,3639,26,,,0,35,,3647,26,,,0,89,,3640,26,,,0,71,,3641,26,,,0,30,,3648,26,,,0,70,,3642,26,,,0,30,,3649,26,,,0,85,,3643,26,,,0,30,,3650,26,,,0,70,,3644,26,,,0,30,,3651,26,,,0,70,,3645,26,,,0,30,,3652,26,,,0,70,,3653,26,,,0
201,'100015',801,,3655,19,,,0,30,,3656,19,,,0,70,,3657,19,,,0,30,,3658,19,,,0,70,,3659,19,,,0,30,,3660,19,,,0,70,,3661,19,,,0,30,,3662,19,,,0,70,,3663,19,,,0,45,,3677,2,,,0,70,,3665,19,,,0,30,,3666,19,,,0,70,,3667,19,,,0,30,,3668,19,,,0,70,,3669,19,,,0,30,,3670,19,,,0,85,,3678,2,,,0,70,,3672,19,,,0,30,,3673,19,,,0,70,,3674,19,,,0,30,,3675,19,,,0,70,,3676,19,,,0,30,,3671,19,,,0
201,'100016',801,,3685,19,,,0,30,,3689,19,,,0,70,,3686,19,,,0,30,,3698,19,,,0,70,,3688,19,,,0,30,,3687,19,,,0,70,,3690,19,,,0,30,,3691,19,,,0,70,,3680,19,,,0,45,,3704,2,,,0,70,,3693,19,,,0,30,,3694,19,,,0,70,,3695,19,,,0,30,,3696,19,,,0,70,,3697,19,,,0,30,,3700,19,,,0,85,,3702,2,,,0,70,,3699,19,,,0,30,,3681,19,,,0,70,,3684,19,,,0,30,,3683,19,,,0,70,,3682,19,,,0,30,,3692,19,,,0
201,'100017',523,,3735,2,,,0,30,,3738,19,,,0,70,,3705,19,,,0,30,,3713,19,,,0,70,,3706,19,,,0,30,,3714,19,,,0,80,,3707,19,,,0,70,,3715,19,,,0,30,,3708,19,,,0,70,,3716,19,,,0,30,,3709,19,,,0,70,,3717,19,,,0,30,,3710,19,,,0,70,,3718,19,,,0,38,,3739,2,,,0,75,,3736,19,,,0,35,,3712,19,,,0,75,,3719,19,,,0,75,,3726,19,,,0,35,,3720,19,,,0,75,,3727,19,,,0,40,,3721,19,,,0,85,,3737,19,,,0,70,,3728,19,,,0,30,,3722,19,,,0,70,,3729,19,,,0,30,,3723,19,,,0,85,,3730,19,,,0,30,,3724,19,,,0,70,,3731,19,,,0,30,,3725,19,,,0,70,,3732,19,,,0,30,,3733,19,,,0,71,,3734,19,,,0
600,'100015',731,,3987,2,,,0,100,,3988,2,,,0,100,,3989,2,,,0,100,,3990,2,,,0,100,,3991,2,,,0,115,,3992,2,,,0,100,,3993,2,,,0,100,,3994,2,,,0,100,,3995,2,,,0,155,,3996,2,,,0,100,,3997,2,,,0,100,,3998,2,,,0
600,'100016',731,,3999,2,,,0,100,,4000,2,,,0,100,,4001,2,,,0,100,,4002,2,,,0,100,,4003,2,,,0,115,,4004,2,,,0,100,,4005,2,,,0,100,,4006,2,,,0,100,,4007,2,,,0,155,,4008,2,,,0,100,,4009,2,,,0,100,,4010,2,,,0
600,'100017',523,,4021,2,,,0,30,,4011,2,,,0,58,,4039,2,,,0,12,,4022,2,,,0,30,,4012,2,,,0,58,,4040,2,,,0,12,,4023,2,,,0,30,,4013,2,,,0,80,,4014,2,,,0,70,,4031,2,,,0,30,,4015,2,,,0,70,,4032,2,,,0,30,,4016,2,,,0,70,,4041,2,,,0,30,,4017,2,,,0,70,,4042,2,,,0,38,,4018,2,,,0,75,,4043,2,,,0,35,,4019,2,,,0,75,,4024,2,,,0,75,,4020,2,,,0,35,,4033,2,,,0,75,,4025,2,,,0,40,,4034,2,,,0,85,,4026,2,,,0,70,,4035,2,,,0,30,,4027,2,,,0,70,,4036,2,,,0,30,,4028,2,,,0,85,,4037,2,,,0,30,,4029,2,,,0,70,,4038,2,,,0,30,,4030,2,,,0,70,,4045,2,,,0,30,,4044,2,,,0
700,'100015',800,,4046,2,0,24 3 25,0,100,,4047,2,0,24 3 25,0,100,,4048,2,0,24 3 25,0,100,,4049,2,0,24 3 25,0,100,,4050,2,0,24 3 25,0,115,,4051,2,0,24 3 25,0,100,,4052,2,0,24 3 25,0,100,,4053,2,0,24 3 25,0,115,,4054,2,0,24 3 25,0,100,,4055,2,0,24 3 25,0,100,,4056,2,0,24 3 25,0
700,'100016',800,,4057,2,0,24 3 25,0,100,,4058,2,0,24 3 25,0,100,,4059,2,0,24 3 25,0,100,,4060,2,0,24 3 25,0,100,,4061,2,0,24 3 25,0,115,,4062,2,0,24 3 25,0,100,,4063,2,0,24 3 25,0,100,,4064,2,0,24 3 25,0,115,,4065,2,0,24 3 25,0,100,,4066,2,0,24 3 25,0,100,,4067,2,0,24 3 25,0
700,'100017',522,,4068,2,0,24 3 25,0,30,,4078,2,0,24 3 25,0,70,,4069,2,0,24 3 25,0,18,,4096,2,0,24 3 25,0,12,,4079,2,0,24 3 25,0,70,,4070,2,0,24 3 25,0,30,,4080,2,0,24 3 25,0,80,,4089,2,0,24 3 25,0,70,,4071,2,0,24 3 25,0,30,,4090,2,0,24 3 25,0,70,,4072,2,0,24 3 25,0,30,,4097,2,0,24 3 25,0,70,,4073,2,0,24 3 25,0,30,,4098,2,0,24 3 25,0,70,,4074,2,0,24 3 25,0,39,,4099,2,0,24 3 25,0,75,,4075,2,0,24 3 25,0,35,,4081,2,0,24 3 25,0,75,,4076,2,0,24 3 25,0,75,,4082,2,0,24 3 25,0,35,,4077,2,0,24 3 25,0,75,,4083,2,0,24 3 25,0,40,,4084,2,0,24 3 25,0,84,,4091,2,0,24 3 25,0,70,,4085,2,0,24 3 25,0,30,,4092,2,0,24 3 25,0,70,,4086,2,0,24 3 25,0,30,,4093,2,0,24 3 25,0,85,,4087,2,0,24 3 25,0,30,,4094,2,0,24 3 25,0,70,,4088,2,0,24 3 25,0,30,,4095,2,0,24 3 25,0,70,,4100,2,0,24 3 25,0,30,,4101,2,0,24 3 25,0
