800,'100013',740,,2854,17,0,14 3 15 7 16,0,100,,2855,17,0,14 3 15 7 16,0,100,,2856,17,0,14 3 15 7 16,0,100,,2857,17,0,14 3 15 7 16,0,100,,2858,17,0,14 3 15 7 16,0,115,,2859,17,0,14 3 15 7 16,0,100,,2860,17,0,14 3 15 7 16,0,100,,2861,17,0,14 3 15 7 16,0,100,,2862,17,0,14 3 15 7 16,0,155,,2863,17,0,14 3 15 7 16,0,100,,2864,17,0,14 3 15 7 16,0,100,,2865,17,0,14 3 15 7 16,0,100,,2866,17,0,14 3 15 7 16,0
800,'100014',740,,2867,17,0,14 3 15 7 16,0,100,,2868,17,0,14 3 15 7 16,0,100,,2869,17,0,14 3 15 7 16,0,100,,2870,17,0,14 3 15 7 16,0,100,,2871,17,0,14 3 15 7 16,0,115,,2872,17,0,14 3 15 7 16,0,100,,2873,17,0,14 3 15 7 16,0,100,,2874,17,0,14 3 15 7 16,0,100,,2875,17,0,14 3 15 7 16,0,155,,2876,17,0,14 3 15 7 16,0,100,,2877,17,0,14 3 15 7 16,0,100,,2878,17,0,14 3 15 7 16,0
800,'100015',603,,2894,17,0,14 3 15 7 16,0,30,,2879,17,0,14 3 15 7 16,0,70,,2895,17,0,14 3 15 7 16,0,30,,2880,17,0,14 3 15 7 16,0,70,,2896,17,0,14 3 15 7 16,0,40,,2897,17,0,14 3 15 7 16,0,69,,2881,17,0,14 3 15 7 16,0,30,,2905,17,0,14 3 15 7 16,0,70,,2882,17,0,14 3 15 7 16,0,30,,2906,17,0,14 3 15 7 16,0,70,,2883,17,0,14 3 15 7 16,0,30,,2907,17,0,14 3 15 7 16,0,70,,2884,17,0,14 3 15 7 16,0,41,,2908,17,0,14 3 15 7 16,0,75,,2885,17,0,14 3 15 7 16,0,75,,2898,17,0,14 3 15 7 16,0,35,,2886,17,0,14 3 15 7 16,0,75,,2887,17,0,14 3 15 7 16,0,35,,2899,17,0,14 3 15 7 16,0,75,,2888,17,0,14 3 15 7 16,0,80,,2900,17,0,14 3 15 7 16,0,43,,2889,17,0,14 3 15 7 16,0,70,,2901,17,0,14 3 15 7 16,0,30,,2890,17,0,14 3 15 7 16,0,70,,2902,17,0,14 3 15 7 16,0,30,,2891,17,0,14 3 15 7 16,0,85,,2903,17,0,14 3 15 7 16,0,70,,2892,17,0,14 3 15 7 16,0,30,,2904,17,0,14 3 15 7 16,0,70,,2893,17,0,14 3 15 7 16,0,28,,2910,17,0,14 3 15 7 16,0,28,,2909,17,0,14 3 15 7 16,0
800,'100016',603,,2926,17,0,14 3 15 7 16,0,30,,2911,17,0,14 3 15 7 16,0,70,,2927,17,0,14 3 15 7 16,0,30,,2912,17,0,14 3 15 7 16,0,70,,2928,17,0,14 3 15 7 16,0,40,,2929,17,0,14 3 15 7 16,0,69,,2913,17,0,14 3 15 7 16,0,30,,2937,17,0,14 3 15 7 16,0,70,,2914,17,0,14 3 15 7 16,0,30,,2938,17,0,14 3 15 7 16,0,70,,2915,17,0,14 3 15 7 16,0,30,,2939,17,0,14 3 15 7 16,0,70,,2916,17,0,14 3 15 7 16,0,41,,2940,17,0,14 3 15 7 16,0,75,,2917,17,0,14 3 15 7 16,0,75,,2930,17,0,14 3 15 7 16,0,35,,2918,17,0,14 3 15 7 16,0,75,,2919,17,0,14 3 15 7 16,0,35,,2931,17,0,14 3 15 7 16,0,75,,2920,17,0,14 3 15 7 16,0,80,,2932,17,0,14 3 15 7 16,0,43,,2921,17,0,14 3 15 7 16,0,70,,2933,17,0,14 3 15 7 16,0,30,,2922,17,0,14 3 15 7 16,0,70,,2934,17,0,14 3 15 7 16,0,30,,2923,17,0,14 3 15 7 16,0,85,,2935,17,0,14 3 15 7 16,0,70,,2924,17,0,14 3 15 7 16,0,30,,2936,17,0,14 3 15 7 16,0,70,,2925,17,0,14 3 15 7 16,0,28,,2942,17,0,14 3 15 7 16,0,28,,2941,17,0,14 3 15 7 16,0
800,'100017',740,,2943,17,0,14 3 15 7 16,0,100,,2944,17,0,14 3 15 7 16,0,100,,2945,17,0,14 3 15 7 16,0,100,,2946,17,0,14 3 15 7 16,0,100,,2947,17,0,14 3 15 7 16,0,115,,2948,17,0,14 3 15 7 16,0,100,,2949,17,0,14 3 15 7 16,0,100,,2950,17,0,14 3 15 7 16,0,100,,2951,17,0,14 3 15 7 16,0,155,,2952,17,0,14 3 15 7 16,0,100,,2953,17,0,14 3 15 7 16,0,100,,2954,17,0,14 3 15 7 16,0
5000,'100015',750,,3197,15,0,7 8 9 10 11,0
5100,'100015',748,,3200,16,0,7 8 9 10 11,0
5101,'100015',1503,,3201,12,0,7 8 9 10 11,0
5300,'100015',826,,3206,49,,,0
1005301,'100015',1501,,3338,7,,,0
1005301,'100016',1501,,3339,7,,,0
