700,'100011',821,,2752,33,,,0,100,,2753,33,,,0,100,,2754,33,,,0,100,,2755,33,,,0,100,,2756,33,,,0,115,,2757,33,,,0,100,,2758,33,,,0,100,,2759,33,,,0,115,,2760,33,,,0,100,,2761,33,,,0,100,,2762,33,,,0,100,,2763,33,,,0
700,'100012',821,,2764,33,,,0,100,,2765,33,,,0,100,,2766,33,,,0,100,,2767,33,,,0,100,,2768,33,,,0,115,,2769,33,,,0,100,,2770,33,,,0,100,,2771,33,,,0,115,,2772,33,,,0,100,,2773,33,,,0,100,,2774,33,,,0
700,'100013',544,,2775,33,,,0,70,,2785,33,,,0,30,,2776,33,,,0,58,,2803,33,,,0,12,,2786,33,,,0,30,,2777,33,,,0,70,,2787,33,,,0,40,,2796,33,,,0,70,,2778,33,,,0,30,,2797,33,,,0,70,,2779,33,,,0,30,,2804,33,,,0,70,,2780,33,,,0,30,,2805,33,,,0,70,,2781,33,,,0,83,,2806,33,,,0,35,,2782,33,,,0,75,,2788,33,,,0,35,,2783,33,,,0,75,,2789,33,,,0,75,,2784,33,,,0,35,,2790,33,,,0,80,,2791,33,,,0,40,,2798,33,,,0,70,,2792,33,,,0,30,,2799,33,,,0,70,,2793,33,,,0,30,,2800,33,,,0,86,,2794,33,,,0,70,,2801,33,,,0,30,,2795,33,,,0,70,,2802,33,,,0,30,,2807,33,,,0,70,,2808,33,,,0
700,'100014',544,,2809,33,,,0,70,,2819,33,,,0,30,,2810,33,,,0,58,,2837,33,,,0,12,,2820,33,,,0,30,,2811,33,,,0,70,,2821,33,,,0,40,,2830,33,,,0,70,,2812,33,,,0,30,,2831,33,,,0,70,,2813,33,,,0,30,,2838,33,,,0,70,,2814,33,,,0,30,,2839,33,,,0,70,,2815,33,,,0,83,,2840,33,,,0,35,,2816,33,,,0,75,,2822,33,,,0,35,,2817,33,,,0,75,,2823,33,,,0,75,,2818,33,,,0,35,,2824,33,,,0,80,,2825,33,,,0,40,,2832,33,,,0,70,,2826,33,,,0,30,,2833,33,,,0,70,,2827,33,,,0,30,,2834,33,,,0,86,,2828,33,,,0,70,,2835,33,,,0,30,,2829,33,,,0,70,,2836,33,,,0,30,,2841,33,,,0,70,,2842,33,,,0
700,'100015',821,,2843,33,,,0,100,,2844,33,,,0,100,,2845,33,,,0,100,,2846,33,,,0,100,,2847,33,,,0,115,,2848,33,,,0,100,,2849,33,,,0,100,,2850,33,,,0,115,,2851,33,,,0,100,,2852,33,,,0,100,,2853,33,,,0
1000900,'100011',757,,3211,25,,,0,80,,3212,25,,,0,80,,3213,25,,,0,40,,3214,25,,,0,80,,3215,25,,,0,80,,3216,25,,,0,40,,3217,25,,,0,85,,3218,25,,,0,80,,3219,25,,,0,81,,3220,25,,,0,40,,3221,25,,,0,80,,3222,25,,,0,80,,3223,25,,,0,40,,3224,25,,,0,85,,3225,25,,,0,80,,3226,25,,,0,40,,3227,25,,,0,80,,3228,25,,,0,80,,3229,25,,,0
1000900,'100012',757,,3230,25,,,0,80,,3231,25,,,0,80,,3232,25,,,0,40,,3233,25,,,0,80,,3234,25,,,0,80,,3235,25,,,0,40,,3236,25,,,0,85,,3237,25,,,0,80,,3238,25,,,0,81,,3239,25,,,0,40,,3240,25,,,0,80,,3241,25,,,0,80,,3242,25,,,0,40,,3243,25,,,0,85,,3244,25,,,0,80,,3245,25,,,0,40,,3246,25,,,0,80,,3247,25,,,0
1000900,'100013',544,,3258,25,,,0,70,,3259,25,,,0,30,,3260,25,,,0,70,,3261,25,,,0,30,,3262,25,,,0,70,,3263,25,,,0,22,,3264,25,,,0,68,,3265,25,,,0,35,,3266,25,,,0,20,,3267,25,,,0,70,,3268,25,,,0,30,,3269,25,,,0,70,,3270,25,,,0,30,,3271,25,,,0,70,,3272,25,,,0,30,,3273,25,,,0,70,,3274,25,,,0,30,,3275,25,,,0,73,,3276,25,,,0,70,,3277,25,,,0,34,,3278,25,,,0,64,,3279,25,,,0,32,,3280,25,,,0,70,,3281,25,,,0,18,,3282,25,,,0,85,,3251,25,,,0,30,,3252,25,,,0,70,,3255,25,,,0,30,,3248,25,,,0,67,,3250,25,,,0,44,,3256,25,,,0,85,,3254,25,,,0,75,,3253,25,,,0,35,,3257,25,,,0,75,,3249,25,,,0
1000900,'100014',544,,3293,25,,,0,70,,3294,25,,,0,30,,3295,25,,,0,70,,3296,25,,,0,30,,3297,25,,,0,70,,3298,25,,,0,22,,3299,25,,,0,68,,3300,25,,,0,35,,3301,25,,,0,20,,3302,25,,,0,70,,3303,25,,,0,30,,3304,25,,,0,70,,3305,25,,,0,30,,3306,25,,,0,70,,3307,25,,,0,30,,3308,25,,,0,70,,3309,25,,,0,30,,3310,25,,,0,73,,3311,25,,,0,70,,3312,25,,,0,34,,3313,25,,,0,64,,3314,25,,,0,32,,3315,25,,,0,70,,3316,25,,,0,18,,3317,25,,,0,85,,3286,25,,,0,30,,3287,25,,,0,70,,3290,25,,,0,30,,3283,25,,,0,67,,3285,25,,,0,44,,3291,25,,,0,85,,3289,25,,,0,75,,3288,25,,,0,35,,3292,25,,,0,75,,3284,25,,,0
1000900,'100015',757,,3318,25,,,0,80,,3319,25,,,0,80,,3320,25,,,0,40,,3321,25,,,0,80,,3322,25,,,0,80,,3323,25,,,0,40,,3324,25,,,0,85,,3325,25,,,0,80,,3326,25,,,0,81,,3327,25,,,0,40,,3328,25,,,0,80,,3329,25,,,0,80,,3330,25,,,0,40,,3331,25,,,0,85,,3332,25,,,0,80,,3333,25,,,0,40,,3334,25,,,0,80,,3335,25,,,0
2000900,'100011',819,,3340,23,,,0,40,,3341,23,,,0,80,,3342,23,,,0,80,,3343,23,,,0,40,,3344,23,,,0,80,,3345,23,,,0,79,,3346,23,,,0,40,,3347,23,,,0,85,,3348,23,,,0,80,,3349,23,,,0,81,,3350,23,,,0,40,,3351,23,,,0,85,,3352,23,,,0,80,,3353,23,,,0,40,,3354,23,,,0,80,,3355,23,,,0,80,,3356,23,,,0,40,,3358,23,,,0,80,,3357,23,,,0
2000900,'100012',819,,3359,23,,,0,40,,3360,23,,,0,80,,3361,23,,,0,80,,3362,23,,,0,40,,3363,23,,,0,80,,3364,23,,,0,79,,3365,23,,,0,40,,3366,23,,,0,85,,3367,23,,,0,80,,3368,23,,,0,81,,3369,23,,,0,40,,3370,23,,,0,85,,3371,23,,,0,80,,3372,23,,,0,40,,3373,23,,,0,80,,3374,23,,,0,80,,3375,23,,,0
2000900,'100013',609,,3376,23,,,0,20,,3377,23,,,0,30,,3378,23,,,0,70,,3379,23,,,0,30,,3380,23,,,0,60,,3381,23,,,0,40,,3382,23,,,0,62,,3407,23,,,0,28,,3383,23,,,0,70,,3384,23,,,0,20,,3385,23,,,0,70,,3386,23,,,0,30,,3387,23,,,0,70,,3388,23,,,0,30,,3389,23,,,0,70,,3390,23,,,0,30,,3391,23,,,0,70,,3392,23,,,0,32,,3393,23,,,0,71,,3394,23,,,0,30,,3395,23,,,0,74,,3396,23,,,0,24,,3397,23,,,0,72,,3398,23,,,0,38,,3399,23,,,0,70,,3400,23,,,0,30,,3401,23,,,0,70,,3402,23,,,0,30,,3403,23,,,0,65,,3404,23,,,0,32,,3405,23,,,0,74,,3406,23,,,0,85,,3408,23,,,0,35,,3409,23,,,0,76,,3410,23,,,0
2000900,'100014',609,,3411,23,,,0,20,,3412,23,,,0,30,,3413,23,,,0,70,,3414,23,,,0,30,,3415,23,,,0,60,,3416,23,,,0,40,,3417,23,,,0,62,,3442,23,,,0,28,,3418,23,,,0,70,,3419,23,,,0,20,,3420,23,,,0,70,,3421,23,,,0,30,,3422,23,,,0,70,,3423,23,,,0,30,,3424,23,,,0,70,,3425,23,,,0,30,,3426,23,,,0,70,,3427,23,,,0,32,,3428,23,,,0,71,,3429,23,,,0,30,,3430,23,,,0,74,,3431,23,,,0,24,,3432,23,,,0,72,,3433,23,,,0,38,,3434,23,,,0,70,,3435,23,,,0,30,,3436,23,,,0,70,,3437,23,,,0,30,,3438,23,,,0,65,,3439,23,,,0,32,,3440,23,,,0,74,,3441,23,,,0,85,,3443,23,,,0,35,,3444,23,,,0,76,,3445,23,,,0
2000900,'100015',819,,3446,23,,,0,40,,3447,23,,,0,80,,3448,23,,,0,80,,3449,23,,,0,40,,3450,23,,,0,80,,3451,23,,,0,79,,3452,23,,,0,40,,3453,23,,,0,85,,3454,23,,,0,80,,3455,23,,,0,81,,3456,23,,,0,40,,3457,23,,,0,85,,3458,23,,,0,80,,3459,23,,,0,40,,3460,23,,,0,80,,3461,23,,,0,80,,3462,23,,,0
