700,'100014',803,,2752,4,0,24 3 25,0,100,,2753,4,0,24 3 25,0,100,,2754,4,0,24 3 25,0,100,,2755,4,0,24 3 25,0,100,,2756,4,0,24 3 25,0,115,,2757,4,0,24 3 25,0,100,,2758,4,0,24 3 25,0,100,,2759,4,0,24 3 25,0,115,,2760,4,0,24 3 25,0,100,,2761,4,0,24 3 25,0,100,,2762,4,0,24 3 25,0,100,,2763,4,0,24 3 25,0
700,'100015',803,,2764,4,0,24 3 25,0,100,,2765,4,0,24 3 25,0,100,,2766,4,0,24 3 25,0,100,,2767,4,0,24 3 25,0,100,,2768,4,0,24 3 25,0,115,,2769,4,0,24 3 25,0,100,,2770,4,0,24 3 25,0,100,,2771,4,0,24 3 25,0,115,,2772,4,0,24 3 25,0,100,,2773,4,0,24 3 25,0,100,,2774,4,0,24 3 25,0
700,'100016',525,,2775,4,0,24 3 25,0,30,,2785,4,0,24 3 25,0,70,,2776,4,0,24 3 25,0,18,,2803,4,0,24 3 25,0,12,,2786,4,0,24 3 25,0,70,,2777,4,0,24 3 25,0,30,,2787,4,0,24 3 25,0,80,,2796,4,0,24 3 25,0,70,,2778,4,0,24 3 25,0,30,,2797,4,0,24 3 25,0,70,,2779,4,0,24 3 25,0,30,,2804,4,0,24 3 25,0,70,,2780,4,0,24 3 25,0,30,,2805,4,0,24 3 25,0,70,,2781,4,0,24 3 25,0,39,,2806,4,0,24 3 25,0,75,,2782,4,0,24 3 25,0,35,,2788,4,0,24 3 25,0,75,,2783,4,0,24 3 25,0,75,,2789,4,0,24 3 25,0,35,,2784,4,0,24 3 25,0,75,,2790,4,0,24 3 25,0,40,,2791,4,0,24 3 25,0,84,,2798,4,0,24 3 25,0,70,,2792,4,0,24 3 25,0,30,,2799,4,0,24 3 25,0,70,,2793,4,0,24 3 25,0,30,,2800,4,0,24 3 25,0,85,,2794,4,0,24 3 25,0,30,,2801,4,0,24 3 25,0,70,,2795,4,0,24 3 25,0,30,,2802,4,0,24 3 25,0,70,,2807,4,0,24 3 25,0,30,,2808,4,0,24 3 25,0
700,'100017',525,,2809,4,0,24 3 25,0,30,,2819,4,0,24 3 25,0,70,,2810,4,0,24 3 25,0,18,,2837,4,0,24 3 25,0,12,,2820,4,0,24 3 25,0,70,,2811,4,0,24 3 25,0,30,,2821,4,0,24 3 25,0,80,,2830,4,0,24 3 25,0,70,,2812,4,0,24 3 25,0,30,,2831,4,0,24 3 25,0,70,,2813,4,0,24 3 25,0,30,,2838,4,0,24 3 25,0,70,,2814,4,0,24 3 25,0,30,,2839,4,0,24 3 25,0,70,,2815,4,0,24 3 25,0,39,,2840,4,0,24 3 25,0,75,,2816,4,0,24 3 25,0,35,,2822,4,0,24 3 25,0,75,,2817,4,0,24 3 25,0,75,,2823,4,0,24 3 25,0,35,,2818,4,0,24 3 25,0,75,,2824,4,0,24 3 25,0,40,,2825,4,0,24 3 25,0,84,,2832,4,0,24 3 25,0,70,,2826,4,0,24 3 25,0,30,,2833,4,0,24 3 25,0,70,,2827,4,0,24 3 25,0,30,,2834,4,0,24 3 25,0,85,,2828,4,0,24 3 25,0,30,,2835,4,0,24 3 25,0,70,,2829,4,0,24 3 25,0,30,,2836,4,0,24 3 25,0,70,,2841,4,0,24 3 25,0,30,,2842,4,0,24 3 25,0
700,'100018',803,,2843,4,0,24 3 25,0,100,,2844,4,0,24 3 25,0,100,,2845,4,0,24 3 25,0,100,,2846,4,0,24 3 25,0,100,,2847,4,0,24 3 25,0,115,,2848,4,0,24 3 25,0,100,,2849,4,0,24 3 25,0,100,,2850,4,0,24 3 25,0,115,,2851,4,0,24 3 25,0,100,,2852,4,0,24 3 25,0,100,,2853,4,0,24 3 25,0
1000900,'100014',735,,3211,5,,,0,80,,3212,5,,,0,40,,3213,5,,,0,80,,3214,5,,,0,80,,3215,5,,,0,40,,3216,5,,,0,80,,3217,5,,,0,85,,3218,5,,,0,80,,3219,5,,,0,41,,3220,5,,,0,80,,3221,5,,,0,80,,3222,5,,,0,40,,3223,5,,,0,80,,3224,5,,,0,85,,3225,5,,,0,40,,3226,5,,,0,80,,3227,5,,,0,80,,3228,5,,,0,40,,3229,5,,,0
1000900,'100015',735,,3230,5,,,0,80,,3231,5,,,0,40,,3232,5,,,0,80,,3233,5,,,0,80,,3234,5,,,0,40,,3235,5,,,0,80,,3236,5,,,0,85,,3237,5,,,0,80,,3238,5,,,0,41,,3239,5,,,0,80,,3240,5,,,0,80,,3241,5,,,0,40,,3242,5,,,0,80,,3243,5,,,0,85,,3244,5,,,0,40,,3245,5,,,0,80,,3246,5,,,0,80,,3247,5,,,0
1000900,'100016',522,,3258,5,,,0,30,,3259,5,,,0,70,,3260,5,,,0,30,,3261,5,,,0,70,,3262,5,,,0,30,,3263,5,,,0,62,,3264,5,,,0,28,,3265,5,,,0,75,,3266,5,,,0,20,,3267,5,,,0,70,,3268,5,,,0,30,,3269,5,,,0,70,,3270,5,,,0,30,,3271,5,,,0,70,,3272,5,,,0,30,,3273,5,,,0,70,,3274,5,,,0,30,,3275,5,,,0,71,,3276,5,,,0,30,,3277,5,,,0,70,,3278,5,,,0,28,,3279,5,,,0,72,,3280,5,,,0,30,,3281,5,,,0,18,,3282,5,,,0,85,,3251,5,,,0,70,,3252,5,,,0,30,,3255,5,,,0,70,,3248,5,,,0,29,,3250,5,,,0,84,,3256,5,,,0,85,,3254,5,,,0,35,,3253,5,,,0,75,,3257,5,,,0,35,,3249,5,,,0
1000900,'100017',522,,3293,5,,,0,30,,3294,5,,,0,70,,3295,5,,,0,30,,3296,5,,,0,70,,3297,5,,,0,30,,3298,5,,,0,62,,3299,5,,,0,28,,3300,5,,,0,75,,3301,5,,,0,20,,3302,5,,,0,70,,3303,5,,,0,30,,3304,5,,,0,70,,3305,5,,,0,30,,3306,5,,,0,70,,3307,5,,,0,30,,3308,5,,,0,70,,3309,5,,,0,30,,3310,5,,,0,71,,3311,5,,,0,30,,3312,5,,,0,70,,3313,5,,,0,28,,3314,5,,,0,72,,3315,5,,,0,30,,3316,5,,,0,18,,3317,5,,,0,85,,3286,5,,,0,70,,3287,5,,,0,30,,3290,5,,,0,70,,3283,5,,,0,29,,3285,5,,,0,84,,3291,5,,,0,85,,3289,5,,,0,35,,3288,5,,,0,75,,3292,5,,,0,35,,3284,5,,,0
1000900,'100018',735,,3318,5,,,0,80,,3319,5,,,0,40,,3320,5,,,0,80,,3321,5,,,0,80,,3322,5,,,0,40,,3323,5,,,0,80,,3324,5,,,0,85,,3325,5,,,0,80,,3326,5,,,0,41,,3327,5,,,0,80,,3328,5,,,0,80,,3329,5,,,0,40,,3330,5,,,0,80,,3331,5,,,0,85,,3332,5,,,0,40,,3333,5,,,0,80,,3334,5,,,0,80,,3335,5,,,0
2000900,'100014',755,,3340,5,0,19 3 20 21 22 23,0,80,,3341,5,0,19 3 20 21 22 23,0,80,,3342,5,0,19 3 20 21 22 23,0,40,,3343,5,0,19 3 20 21 22 23,0,80,,3344,5,0,19 3 20 21 22 23,0,80,,3345,5,0,19 3 20 21 22 23,0,40,,3346,5,0,19 3 20 21 22 23,0,80,,3347,5,0,19 3 20 21 22 23,0,85,,3348,5,0,19 3 20 21 22 23,0,80,,3349,5,0,19 3 20 21 22 23,0,41,,3350,5,0,19 3 20 21 22 23,0,80,,3351,5,0,19 3 20 21 22 23,0,85,,3352,5,0,19 3 20 21 22 23,0,40,,3353,5,0,19 3 20 21 22 23,0,80,,3354,5,0,19 3 20 21 22 23,0,80,,3355,5,0,19 3 20 21 22 23,0,40,,3356,5,0,19 3 20 21 22 23,0,80,,3358,5,0,19 3 20 21 22 23,0,80,,3357,5,0,19 3 20 21 22 23,0
2000900,'100015',755,,3359,5,0,19 3 20 21 22 23,0,80,,3360,5,0,19 3 20 21 22 23,0,80,,3361,5,0,19 3 20 21 22 23,0,40,,3362,5,0,19 3 20 21 22 23,0,80,,3363,5,0,19 3 20 21 22 23,0,80,,3364,5,0,19 3 20 21 22 23,0,40,,3365,5,0,19 3 20 21 22 23,0,80,,3366,5,0,19 3 20 21 22 23,0,85,,3367,5,0,19 3 20 21 22 23,0,80,,3368,5,0,19 3 20 21 22 23,0,41,,3369,5,0,19 3 20 21 22 23,0,80,,3370,5,0,19 3 20 21 22 23,0,85,,3371,5,0,19 3 20 21 22 23,0,40,,3372,5,0,19 3 20 21 22 23,0,80,,3373,5,0,19 3 20 21 22 23,0,80,,3374,5,0,19 3 20 21 22 23,0,40,,3375,5,0,19 3 20 21 22 23,0
2000900,'100016',546,,3376,5,0,19 3 20 21 22 23,0,60,,3377,5,0,19 3 20 21 22 23,0,30,,3378,5,0,19 3 20 21 22 23,0,70,,3379,5,0,19 3 20 21 22 23,0,30,,3380,5,0,19 3 20 21 22 23,0,20,,3381,5,0,19 3 20 21 22 23,0,80,,3382,5,0,19 3 20 21 22 23,0,22,,3407,5,0,19 3 20 21 22 23,0,68,,3383,5,0,19 3 20 21 22 23,0,30,,3384,5,0,19 3 20 21 22 23,0,60,,3385,5,0,19 3 20 21 22 23,0,30,,3386,5,0,19 3 20 21 22 23,0,70,,3387,5,0,19 3 20 21 22 23,0,30,,3388,5,0,19 3 20 21 22 23,0,70,,3389,5,0,19 3 20 21 22 23,0,30,,3390,5,0,19 3 20 21 22 23,0,70,,3391,5,0,19 3 20 21 22 23,0,30,,3392,5,0,19 3 20 21 22 23,0,71,,3393,5,0,19 3 20 21 22 23,0,31,,3394,5,0,19 3 20 21 22 23,0,70,,3395,5,0,19 3 20 21 22 23,0,34,,3396,5,0,19 3 20 21 22 23,0,64,,3397,5,0,19 3 20 21 22 23,0,32,,3398,5,0,19 3 20 21 22 23,0,78,,3399,5,0,19 3 20 21 22 23,0,30,,3400,5,0,19 3 20 21 22 23,0,70,,3401,5,0,19 3 20 21 22 23,0,30,,3402,5,0,19 3 20 21 22 23,0,70,,3403,5,0,19 3 20 21 22 23,0,25,,3404,5,0,19 3 20 21 22 23,0,73,,3405,5,0,19 3 20 21 22 23,0,34,,3406,5,0,19 3 20 21 22 23,0,85,,3408,5,0,19 3 20 21 22 23,0,75,,3409,5,0,19 3 20 21 22 23,0,36,,3410,5,0,19 3 20 21 22 23,0
2000900,'100017',546,,3411,5,0,19 3 20 21 22 23,0,60,,3412,5,0,19 3 20 21 22 23,0,30,,3413,5,0,19 3 20 21 22 23,0,70,,3414,5,0,19 3 20 21 22 23,0,30,,3415,5,0,19 3 20 21 22 23,0,20,,3416,5,0,19 3 20 21 22 23,0,80,,3417,5,0,19 3 20 21 22 23,0,22,,3442,5,0,19 3 20 21 22 23,0,68,,3418,5,0,19 3 20 21 22 23,0,30,,3419,5,0,19 3 20 21 22 23,0,60,,3420,5,0,19 3 20 21 22 23,0,30,,3421,5,0,19 3 20 21 22 23,0,70,,3422,5,0,19 3 20 21 22 23,0,30,,3423,5,0,19 3 20 21 22 23,0,70,,3424,5,0,19 3 20 21 22 23,0,30,,3425,5,0,19 3 20 21 22 23,0,70,,3426,5,0,19 3 20 21 22 23,0,30,,3427,5,0,19 3 20 21 22 23,0,71,,3428,5,0,19 3 20 21 22 23,0,31,,3429,5,0,19 3 20 21 22 23,0,70,,3430,5,0,19 3 20 21 22 23,0,34,,3431,5,0,19 3 20 21 22 23,0,64,,3432,5,0,19 3 20 21 22 23,0,32,,3433,5,0,19 3 20 21 22 23,0,78,,3434,5,0,19 3 20 21 22 23,0,30,,3435,5,0,19 3 20 21 22 23,0,70,,3436,5,0,19 3 20 21 22 23,0,30,,3437,5,0,19 3 20 21 22 23,0,70,,3438,5,0,19 3 20 21 22 23,0,25,,3439,5,0,19 3 20 21 22 23,0,73,,3440,5,0,19 3 20 21 22 23,0,34,,3441,5,0,19 3 20 21 22 23,0,85,,3443,5,0,19 3 20 21 22 23,0,75,,3444,5,0,19 3 20 21 22 23,0,36,,3445,5,0,19 3 20 21 22 23,0
2000900,'100018',755,,3446,5,0,19 3 20 21 22 23,0,80,,3447,5,0,19 3 20 21 22 23,0,80,,3448,5,0,19 3 20 21 22 23,0,40,,3449,5,0,19 3 20 21 22 23,0,80,,3450,5,0,19 3 20 21 22 23,0,80,,3451,5,0,19 3 20 21 22 23,0,40,,3452,5,0,19 3 20 21 22 23,0,80,,3453,5,0,19 3 20 21 22 23,0,85,,3454,5,0,19 3 20 21 22 23,0,80,,3455,5,0,19 3 20 21 22 23,0,41,,3456,5,0,19 3 20 21 22 23,0,80,,3457,5,0,19 3 20 21 22 23,0,85,,3458,5,0,19 3 20 21 22 23,0,40,,3459,5,0,19 3 20 21 22 23,0,80,,3460,5,0,19 3 20 21 22 23,0,80,,3461,5,0,19 3 20 21 22 23,0,40,,3462,5,0,19 3 20 21 22 23,0
