300,'100014',823,,3265,0,19 5 20 3 21,0,100,,3266,0,19 5 20 3 21,0,100,,3267,0,19 5 20 3 21,0,100,,3268,0,19 5 20 3 21,0,100,,3269,0,19 5 20 3 21,0,115,,3275,0,19 5 20 3 21,0,100,,3270,0,19 5 20 3 21,0,100,,3271,0,19 5 20 3 21,0,100,,3272,0,19 5 20 3 21,0,115,,3273,0,19 5 20 3 21,0,100,,3274,0,19 5 20 3 21,0,100,,3276,0,19 5 20 3 21,0
300,'100015',823,,3277,0,19 5 20 3 21,0,100,,3278,0,19 5 20 3 21,0,100,,3279,0,19 5 20 3 21,0,100,,3280,0,19 5 20 3 21,0,100,,3281,0,19 5 20 3 21,0,115,,3287,0,19 5 20 3 21,0,100,,3282,0,19 5 20 3 21,0,100,,3283,0,19 5 20 3 21,0,100,,3284,0,19 5 20 3 21,0,115,,3285,0,19 5 20 3 21,0,100,,3286,0,19 5 20 3 21,0
300,'100016',547,,3288,0,19 5 20 3 21,0,70,,3289,0,19 5 20 3 21,0,15,,3295,0,19 5 20 3 21,0,15,,3290,0,19 5 20 3 21,0,70,,3291,0,19 5 20 3 21,0,30,,3292,0,19 5 20 3 21,0,70,,3293,0,19 5 20 3 21,0,10,,3296,0,19 5 20 3 21,0,20,,3294,0,19 5 20 3 21,0,80,,3297,0,19 5 20 3 21,0,30,,3301,0,19 5 20 3 21,0,70,,3298,0,19 5 20 3 21,0,30,,3302,0,19 5 20 3 21,0,70,,3299,0,19 5 20 3 21,0,30,,3303,0,19 5 20 3 21,0,73,,3300,0,19 5 20 3 21,0,70,,3304,0,19 5 20 3 21,0,43,,3305,0,19 5 20 3 21,0,75,,3306,0,19 5 20 3 21,0,35,,3307,0,19 5 20 3 21,0,1,,3308,0,19 5 20 3 21,0,53,,3309,0,19 5 20 3 21,0,21,,3310,0,19 5 20 3 21,0,75,,3311,0,19 5 20 3 21,0,5,,3312,0,19 5 20 3 21,0,30,,3313,0,19 5 20 3 21,0,75,,3314,0,19 5 20 3 21,0,40,,3315,0,19 5 20 3 21,0,77,,3316,0,19 5 20 3 21,0,70,,3317,0,19 5 20 3 21,0,30,,3318,0,19 5 20 3 21,0,70,,3319,0,19 5 20 3 21,0,30,,3320,0,19 5 20 3 21,0,85,,3321,0,19 5 20 3 21,0,30,,3322,0,19 5 20 3 21,0,70,,3323,0,19 5 20 3 21,0,30,,3324,0,19 5 20 3 21,0
300,'100017',547,,3325,0,19 5 20 3 21,0,70,,3326,0,19 5 20 3 21,0,15,,3332,0,19 5 20 3 21,0,15,,3327,0,19 5 20 3 21,0,70,,3328,0,19 5 20 3 21,0,30,,3329,0,19 5 20 3 21,0,70,,3330,0,19 5 20 3 21,0,10,,3333,0,19 5 20 3 21,0,20,,3331,0,19 5 20 3 21,0,80,,3334,0,19 5 20 3 21,0,30,,3338,0,19 5 20 3 21,0,70,,3335,0,19 5 20 3 21,0,30,,3339,0,19 5 20 3 21,0,70,,3336,0,19 5 20 3 21,0,30,,3340,0,19 5 20 3 21,0,73,,3337,0,19 5 20 3 21,0,70,,3341,0,19 5 20 3 21,0,43,,3342,0,19 5 20 3 21,0,75,,3343,0,19 5 20 3 21,0,35,,3344,0,19 5 20 3 21,0,1,,3345,0,19 5 20 3 21,0,53,,3346,0,19 5 20 3 21,0,21,,3347,0,19 5 20 3 21,0,75,,3348,0,19 5 20 3 21,0,5,,3349,0,19 5 20 3 21,0,30,,3350,0,19 5 20 3 21,0,75,,3351,0,19 5 20 3 21,0,40,,3352,0,19 5 20 3 21,0,77,,3353,0,19 5 20 3 21,0,70,,3354,0,19 5 20 3 21,0,30,,3355,0,19 5 20 3 21,0,70,,3356,0,19 5 20 3 21,0,30,,3357,0,19 5 20 3 21,0,85,,3358,0,19 5 20 3 21,0,30,,3359,0,19 5 20 3 21,0,70,,3360,0,19 5 20 3 21,0,30,,3361,0,19 5 20 3 21,0
300,'100018',823,,3362,0,19 5 20 3 21,0,100,,3363,0,19 5 20 3 21,0,100,,3364,0,19 5 20 3 21,0,100,,3365,0,19 5 20 3 21,0,100,,3366,0,19 5 20 3 21,0,115,,3367,0,19 5 20 3 21,0,100,,3368,0,19 5 20 3 21,0,100,,3369,0,19 5 20 3 21,0,100,,3370,0,19 5 20 3 21,0,115,,3371,0,19 5 20 3 21,0,100,,3372,0,19 5 20 3 21,0
400,'100014',755,,3482,,,0,70,,3495,,,0,30,,3483,,,0,70,,3496,,,0,30,,3484,,,0,70,,3497,,,0,30,,3485,,,0,70,,3498,,,0,30,,3486,,,0,70,,3499,,,0,85,,3487,,,0,30,,3500,,,0,70,,3488,,,0,30,,3501,,,0,70,,3489,,,0,30,,3502,,,0,70,,3490,,,0,45,,3503,,,0,70,,3491,,,0,30,,3504,,,0,70,,3492,,,0,30,,3494,,,0,70,,3493,,,0,30,,3505,,,0,70,,3506,,,0
400,'100015',755,,3507,,,0,70,,3520,,,0,30,,3508,,,0,70,,3521,,,0,30,,3509,,,0,70,,3522,,,0,30,,3510,,,0,70,,3523,,,0,30,,3511,,,0,70,,3524,,,0,85,,3512,,,0,30,,3525,,,0,70,,3513,,,0,30,,3526,,,0,70,,3514,,,0,30,,3527,,,0,70,,3515,,,0,45,,3528,,,0,70,,3516,,,0,30,,3529,,,0,70,,3517,,,0,30,,3519,,,0,70,,3518,,,0
400,'100016',547,,3559,,,0,70,,3538,,,0,30,,3530,,,0,58,,3557,,,0,12,,3539,,,0,30,,3531,,,0,70,,3540,,,0,40,,3532,,,0,70,,3558,,,0,30,,3533,,,0,70,,3554,,,0,30,,3534,,,0,70,,3555,,,0,30,,3535,,,0,70,,3556,,,0,80,,3536,,,0,35,,3561,,,0,75,,3537,,,0,35,,3541,,,0,75,,3560,,,0,75,,3542,,,0,35,,3543,,,0,80,,3549,,,0,83,,3544,,,0,30,,3550,,,0,70,,3545,,,0,30,,3551,,,0,70,,3546,,,0,45,,3552,,,0,70,,3547,,,0,30,,3553,,,0,70,,3548,,,0,30,,3562,,,0,70,,3563,,,0
400,'100017',547,,3593,,,0,70,,3572,,,0,30,,3564,,,0,58,,3591,,,0,12,,3573,,,0,30,,3565,,,0,70,,3574,,,0,40,,3566,,,0,70,,3592,,,0,30,,3567,,,0,70,,3588,,,0,30,,3568,,,0,70,,3589,,,0,30,,3569,,,0,70,,3590,,,0,80,,3570,,,0,35,,3595,,,0,75,,3571,,,0,35,,3575,,,0,75,,3594,,,0,75,,3576,,,0,35,,3577,,,0,80,,3583,,,0,83,,3578,,,0,30,,3584,,,0,70,,3579,,,0,30,,3585,,,0,70,,3580,,,0,45,,3586,,,0,70,,3581,,,0,30,,3587,,,0,70,,3582,,,0,30,,3596,,,0,70,,3597,,,0
400,'100018',755,,3598,,,0,70,,3599,,,0,30,,3600,,,0,70,,3601,,,0,30,,3602,,,0,70,,3603,,,0,30,,3604,,,0,70,,3605,,,0,30,,3606,,,0,70,,3607,,,0,85,,3608,,,0,30,,3609,,,0,70,,3610,,,0,30,,3611,,,0,70,,3612,,,0,30,,3613,,,0,70,,3614,,,0,45,,3616,,,0,70,,3617,,,0,30,,3618,,,0,70,,3619,,,0,30,,3620,,,0,70,,3615,,,0
800,'100014',754,,3928,,,0,100,,3929,,,0,100,,3930,,,0,100,,3931,,,0,100,,3932,,,0,155,,3933,,,0,100,,3934,,,0,100,,3935,,,0,100,,3936,,,0,115,,3937,,,0,100,,3938,,,0,100,,3939,,,0,100,,3940,,,0
800,'100015',754,,3941,,,0,100,,3942,,,0,100,,3943,,,0,100,,3944,,,0,100,,3945,,,0,155,,3946,,,0,100,,3947,,,0,100,,3948,,,0,100,,3949,,,0,115,,3950,,,0,100,,3951,,,0,100,,3952,,,0
800,'100016',617,,3968,,,0,30,,3953,,,0,70,,3969,,,0,30,,3954,,,0,70,,3970,,,0,40,,3971,,,0,69,,3955,,,0,30,,3979,,,0,70,,3956,,,0,30,,3980,,,0,70,,3957,,,0,30,,3981,,,0,70,,3958,,,0,83,,3982,,,0,35,,3959,,,0,75,,3972,,,0,35,,3960,,,0,75,,3961,,,0,75,,3973,,,0,35,,3962,,,0,80,,3974,,,0,81,,3963,,,0,30,,3975,,,0,70,,3964,,,0,30,,3976,,,0,70,,3965,,,0,45,,3977,,,0,70,,3966,,,0,30,,3978,,,0,70,,3967,,,0,28,,3984,,,0,68,,3983,,,0
800,'100017',617,,4000,,,0,30,,3985,,,0,70,,4001,,,0,30,,3986,,,0,70,,4002,,,0,40,,4003,,,0,69,,3987,,,0,30,,4011,,,0,70,,3988,,,0,30,,4012,,,0,70,,3989,,,0,30,,4013,,,0,70,,3990,,,0,83,,4014,,,0,35,,3991,,,0,75,,4004,,,0,35,,3992,,,0,75,,3993,,,0,75,,4005,,,0,35,,3994,,,0,80,,4006,,,0,81,,3995,,,0,30,,4007,,,0,70,,3996,,,0,30,,4008,,,0,70,,3997,,,0,45,,4009,,,0,70,,3998,,,0,30,,4010,,,0,70,,3999,,,0,28,,4016,,,0,68,,4015,,,0
800,'100018',754,,4017,,,0,100,,4018,,,0,100,,4019,,,0,100,,4020,,,0,100,,4021,,,0,155,,4022,,,0,100,,4023,,,0,100,,4024,,,0,100,,4025,,,0,115,,4026,,,0,100,,4027,,,0,100,,4028,,,0
5201,'100016',1536,,4279,0,10 11,0
5401,'100016',1456,,4284,0,5 34,0
