200,'100013',732,,1937,27,,,0,70,,1936,27,,,0,30,,1915,27,,,0,70,,1914,27,,,0,30,,1916,27,,,0,70,,1917,27,,,0,30,,1918,27,,,0,70,,1919,27,,,0,30,,1920,27,,,0,70,,1921,27,,,0,45,,1922,27,,,0,70,,1923,27,,,0,30,,1924,27,,,0,70,,1925,27,,,0,30,,1926,27,,,0,70,,1927,27,,,0,30,,1928,27,,,0,85,,1929,27,,,0,70,,1930,27,,,0,30,,1931,27,,,0,70,,1932,27,,,0,30,,1933,27,,,0,70,,1934,27,,,0,30,,1935,27,,,0,70,,1938,27,,,0
200,'100014',732,,1962,27,,,0,70,,1961,27,,,0,30,,1940,27,,,0,70,,1939,27,,,0,30,,1941,27,,,0,70,,1942,27,,,0,30,,1943,27,,,0,70,,1944,27,,,0,30,,1945,27,,,0,70,,1946,27,,,0,45,,1947,27,,,0,70,,1948,27,,,0,30,,1949,27,,,0,70,,1950,27,,,0,30,,1951,27,,,0,70,,1952,27,,,0,30,,1953,27,,,0,85,,1954,27,,,0,70,,1955,27,,,0,30,,1956,27,,,0,70,,1957,27,,,0,30,,1958,27,,,0,70,,1959,27,,,0,30,,1960,27,,,0
200,'100015',554,,1963,27,,,0,70,,1972,27,,,0,30,,1964,27,,,0,70,,1973,27,,,0,30,,1965,27,,,0,80,,1974,27,,,0,70,,1966,27,,,0,30,,1975,27,,,0,70,,1967,27,,,0,30,,1976,27,,,0,70,,1968,27,,,0,30,,1977,27,,,0,70,,1969,27,,,0,30,,1978,27,,,0,83,,1970,27,,,0,35,,1979,27,,,0,75,,1971,27,,,0,75,,1980,27,,,0,35,,1988,27,,,0,75,,1981,27,,,0,35,,1989,27,,,0,89,,1982,27,,,0,71,,1983,27,,,0,30,,1990,27,,,0,70,,1984,27,,,0,30,,1991,27,,,0,85,,1985,27,,,0,30,,1992,27,,,0,70,,1986,27,,,0,30,,1993,27,,,0,70,,1987,27,,,0,30,,1994,27,,,0,70,,1995,27,,,0
200,'100016',554,,1996,27,,,0,70,,2005,27,,,0,30,,1997,27,,,0,70,,2006,27,,,0,30,,1998,27,,,0,80,,2007,27,,,0,70,,1999,27,,,0,30,,2008,27,,,0,70,,2000,27,,,0,30,,2009,27,,,0,70,,2001,27,,,0,30,,2010,27,,,0,70,,2002,27,,,0,30,,2011,27,,,0,83,,2003,27,,,0,35,,2012,27,,,0,75,,2004,27,,,0,75,,2013,27,,,0,35,,2021,27,,,0,75,,2014,27,,,0,35,,2022,27,,,0,89,,2015,27,,,0,71,,2016,27,,,0,30,,2023,27,,,0,70,,2017,27,,,0,30,,2024,27,,,0,85,,2018,27,,,0,30,,2025,27,,,0,70,,2019,27,,,0,30,,2026,27,,,0,70,,2020,27,,,0,30,,2027,27,,,0,70,,2028,27,,,0
200,'100017',732,,2052,27,,,0,70,,2029,27,,,0,30,,2030,27,,,0,70,,2031,27,,,0,30,,2032,27,,,0,70,,2033,27,,,0,30,,2034,27,,,0,70,,2035,27,,,0,30,,2036,27,,,0,70,,2037,27,,,0,45,,2038,27,,,0,70,,2039,27,,,0,30,,2040,27,,,0,70,,2041,27,,,0,30,,2042,27,,,0,70,,2043,27,,,0,30,,2044,27,,,0,85,,2045,27,,,0,70,,2047,27,,,0,30,,2048,27,,,0,70,,2049,27,,,0,30,,2050,27,,,0,70,,2051,27,,,0,30,,2046,27,,,0
2101,'100013',732,,3083,3,,,0,75,,3076,3,,,0,35,,3084,3,,,0,75,,3077,3,,,0,35,,3094,3,,,0,75,,3092,3,,,0,75,,3085,3,,,0,36,,3078,3,,,0,74,,3086,3,,,0,35,,3079,3,,,0,75,,3087,3,,,0,35,,3080,3,,,0,75,,3088,3,,,0,75,,3081,3,,,0,35,,3095,3,,,0,75,,3091,3,,,0,35,,3089,3,,,0,80,,3082,3,,,0,75,,3090,3,,,0,35,,3093,3,,,0,110,,3096,3,,,0
2101,'100014',732,,3104,3,,,0,75,,3097,3,,,0,35,,3105,3,,,0,75,,3098,3,,,0,35,,3115,3,,,0,75,,3113,3,,,0,75,,3106,3,,,0,36,,3099,3,,,0,74,,3107,3,,,0,35,,3100,3,,,0,75,,3108,3,,,0,35,,3101,3,,,0,75,,3109,3,,,0,75,,3102,3,,,0,35,,3116,3,,,0,75,,3112,3,,,0,35,,3110,3,,,0,80,,3103,3,,,0,75,,3111,3,,,0,35,,3114,3,,,0
2101,'100015',554,,3130,3,,,0,73,,3117,3,,,0,77,,3131,3,,,0,35,,3118,3,,,0,74,,3132,3,,,0,36,,3119,3,,,0,75,,3133,3,,,0,35,,3120,3,,,0,75,,3134,3,,,0,75,,3121,3,,,0,35,,3135,3,,,0,75,,3122,3,,,0,35,,3136,3,,,0,75,,3123,3,,,0,75,,3137,3,,,0,35,,3124,3,,,0,75,,3138,3,,,0,35,,3125,3,,,0,75,,3139,3,,,0,80,,3126,3,,,0,35,,3140,3,,,0,75,,3127,3,,,0,37,,3141,3,,,0,73,,3128,3,,,0,79,,3142,3,,,0,48,,3129,3,,,0,70,,3143,3,,,0,30,,3146,3,,,0,70,,3145,3,,,0,30,,3144,3,,,0
2101,'100016',554,,3160,3,,,0,73,,3147,3,,,0,77,,3161,3,,,0,35,,3148,3,,,0,74,,3162,3,,,0,36,,3149,3,,,0,75,,3163,3,,,0,35,,3150,3,,,0,75,,3164,3,,,0,75,,3151,3,,,0,35,,3165,3,,,0,75,,3152,3,,,0,35,,3166,3,,,0,75,,3153,3,,,0,75,,3167,3,,,0,35,,3154,3,,,0,75,,3168,3,,,0,35,,3155,3,,,0,75,,3169,3,,,0,80,,3156,3,,,0,35,,3170,3,,,0,75,,3157,3,,,0,37,,3171,3,,,0,73,,3158,3,,,0,79,,3172,3,,,0,48,,3159,3,,,0,70,,3173,3,,,0,30,,3176,3,,,0,70,,3175,3,,,0,30,,3174,3,,,0
2101,'100017',732,,3177,3,,,0,75,,3178,3,,,0,35,,3179,3,,,0,75,,3180,3,,,0,35,,3181,3,,,0,75,,3182,3,,,0,75,,3183,3,,,0,35,,3184,3,,,0,75,,3185,3,,,0,35,,3186,3,,,0,75,,3187,3,,,0,35,,3188,3,,,0,75,,3189,3,,,0,75,,3190,3,,,0,35,,3191,3,,,0,75,,3192,3,,,0,35,,3193,3,,,0,80,,3194,3,,,0,75,,3195,3,,,0,35,,3196,3,,,0
