700,'100013',809,,2752,15,0,24 3 25,0,100,,2753,15,0,24 3 25,0,100,,2754,15,0,24 3 25,0,100,,2755,15,0,24 3 25,0,100,,2756,15,0,24 3 25,0,115,,2757,15,0,24 3 25,0,100,,2758,15,0,24 3 25,0,100,,2759,15,0,24 3 25,0,115,,2760,15,0,24 3 25,0,100,,2761,15,0,24 3 25,0,100,,2762,15,0,24 3 25,0,100,,2763,15,0,24 3 25,0
700,'100014',809,,2764,15,0,24 3 25,0,100,,2765,15,0,24 3 25,0,100,,2766,15,0,24 3 25,0,100,,2767,15,0,24 3 25,0,100,,2768,15,0,24 3 25,0,115,,2769,15,0,24 3 25,0,100,,2770,15,0,24 3 25,0,100,,2771,15,0,24 3 25,0,115,,2772,15,0,24 3 25,0,100,,2773,15,0,24 3 25,0,100,,2774,15,0,24 3 25,0
700,'100015',531,,2775,15,0,24 3 25,0,70,,2785,15,0,24 3 25,0,30,,2776,15,0,24 3 25,0,18,,2803,15,0,24 3 25,0,52,,2786,15,0,24 3 25,0,30,,2777,15,0,24 3 25,0,70,,2787,15,0,24 3 25,0,40,,2796,15,0,24 3 25,0,70,,2778,15,0,24 3 25,0,30,,2797,15,0,24 3 25,0,70,,2779,15,0,24 3 25,0,30,,2804,15,0,24 3 25,0,70,,2780,15,0,24 3 25,0,30,,2805,15,0,24 3 25,0,70,,2781,15,0,24 3 25,0,41,,2806,15,0,24 3 25,0,75,,2782,15,0,24 3 25,0,75,,2788,15,0,24 3 25,0,35,,2783,15,0,24 3 25,0,75,,2789,15,0,24 3 25,0,35,,2784,15,0,24 3 25,0,75,,2790,15,0,24 3 25,0,80,,2791,15,0,24 3 25,0,42,,2798,15,0,24 3 25,0,70,,2792,15,0,24 3 25,0,30,,2799,15,0,24 3 25,0,70,,2793,15,0,24 3 25,0,30,,2800,15,0,24 3 25,0,86,,2794,15,0,24 3 25,0,70,,2801,15,0,24 3 25,0,30,,2795,15,0,24 3 25,0,70,,2802,15,0,24 3 25,0,30,,2807,15,0,24 3 25,0,70,,2808,15,0,24 3 25,0
700,'100016',531,,2809,15,0,24 3 25,0,70,,2819,15,0,24 3 25,0,30,,2810,15,0,24 3 25,0,18,,2837,15,0,24 3 25,0,52,,2820,15,0,24 3 25,0,30,,2811,15,0,24 3 25,0,70,,2821,15,0,24 3 25,0,40,,2830,15,0,24 3 25,0,70,,2812,15,0,24 3 25,0,30,,2831,15,0,24 3 25,0,70,,2813,15,0,24 3 25,0,30,,2838,15,0,24 3 25,0,70,,2814,15,0,24 3 25,0,30,,2839,15,0,24 3 25,0,70,,2815,15,0,24 3 25,0,41,,2840,15,0,24 3 25,0,75,,2816,15,0,24 3 25,0,75,,2822,15,0,24 3 25,0,35,,2817,15,0,24 3 25,0,75,,2823,15,0,24 3 25,0,35,,2818,15,0,24 3 25,0,75,,2824,15,0,24 3 25,0,80,,2825,15,0,24 3 25,0,42,,2832,15,0,24 3 25,0,70,,2826,15,0,24 3 25,0,30,,2833,15,0,24 3 25,0,70,,2827,15,0,24 3 25,0,30,,2834,15,0,24 3 25,0,86,,2828,15,0,24 3 25,0,70,,2835,15,0,24 3 25,0,30,,2829,15,0,24 3 25,0,70,,2836,15,0,24 3 25,0,30,,2841,15,0,24 3 25,0,70,,2842,15,0,24 3 25,0
700,'100017',809,,2843,15,0,24 3 25,0,100,,2844,15,0,24 3 25,0,100,,2845,15,0,24 3 25,0,100,,2846,15,0,24 3 25,0,100,,2847,15,0,24 3 25,0,115,,2848,15,0,24 3 25,0,100,,2849,15,0,24 3 25,0,100,,2850,15,0,24 3 25,0,115,,2851,15,0,24 3 25,0,100,,2852,15,0,24 3 25,0,100,,2853,15,0,24 3 25,0
800,'100013',739,,2854,14,0,14 3 15 7 16,0,100,,2855,14,0,14 3 15 7 16,0,100,,2856,14,0,14 3 15 7 16,0,100,,2857,14,0,14 3 15 7 16,0,100,,2858,14,0,14 3 15 7 16,0,115,,2859,14,0,14 3 15 7 16,0,100,,2860,14,0,14 3 15 7 16,0,100,,2861,14,0,14 3 15 7 16,0,100,,2862,14,0,14 3 15 7 16,0,155,,2863,14,0,14 3 15 7 16,0,100,,2864,14,0,14 3 15 7 16,0,100,,2865,14,0,14 3 15 7 16,0,100,,2866,14,0,14 3 15 7 16,0
800,'100014',739,,2867,14,0,14 3 15 7 16,0,100,,2868,14,0,14 3 15 7 16,0,100,,2869,14,0,14 3 15 7 16,0,100,,2870,14,0,14 3 15 7 16,0,100,,2871,14,0,14 3 15 7 16,0,115,,2872,14,0,14 3 15 7 16,0,100,,2873,14,0,14 3 15 7 16,0,100,,2874,14,0,14 3 15 7 16,0,100,,2875,14,0,14 3 15 7 16,0,155,,2876,14,0,14 3 15 7 16,0,100,,2877,14,0,14 3 15 7 16,0,100,,2878,14,0,14 3 15 7 16,0
800,'100015',601,,2894,14,0,14 3 15 7 16,0,30,,2879,14,0,14 3 15 7 16,0,70,,2895,14,0,14 3 15 7 16,0,30,,2880,14,0,14 3 15 7 16,0,70,,2896,14,0,14 3 15 7 16,0,40,,2897,14,0,14 3 15 7 16,0,69,,2881,14,0,14 3 15 7 16,0,30,,2905,14,0,14 3 15 7 16,0,70,,2882,14,0,14 3 15 7 16,0,30,,2906,14,0,14 3 15 7 16,0,70,,2883,14,0,14 3 15 7 16,0,30,,2907,14,0,14 3 15 7 16,0,70,,2884,14,0,14 3 15 7 16,0,41,,2908,14,0,14 3 15 7 16,0,75,,2885,14,0,14 3 15 7 16,0,75,,2898,14,0,14 3 15 7 16,0,35,,2886,14,0,14 3 15 7 16,0,75,,2887,14,0,14 3 15 7 16,0,35,,2899,14,0,14 3 15 7 16,0,75,,2888,14,0,14 3 15 7 16,0,80,,2900,14,0,14 3 15 7 16,0,43,,2889,14,0,14 3 15 7 16,0,70,,2901,14,0,14 3 15 7 16,0,30,,2890,14,0,14 3 15 7 16,0,70,,2902,14,0,14 3 15 7 16,0,30,,2891,14,0,14 3 15 7 16,0,85,,2903,14,0,14 3 15 7 16,0,30,,2892,14,0,14 3 15 7 16,0,70,,2904,14,0,14 3 15 7 16,0,30,,2893,14,0,14 3 15 7 16,0,69,,2910,14,0,14 3 15 7 16,0,28,,2909,14,0,14 3 15 7 16,0
800,'100016',601,,2926,14,0,14 3 15 7 16,0,30,,2911,14,0,14 3 15 7 16,0,70,,2927,14,0,14 3 15 7 16,0,30,,2912,14,0,14 3 15 7 16,0,70,,2928,14,0,14 3 15 7 16,0,40,,2929,14,0,14 3 15 7 16,0,69,,2913,14,0,14 3 15 7 16,0,30,,2937,14,0,14 3 15 7 16,0,70,,2914,14,0,14 3 15 7 16,0,30,,2938,14,0,14 3 15 7 16,0,70,,2915,14,0,14 3 15 7 16,0,30,,2939,14,0,14 3 15 7 16,0,70,,2916,14,0,14 3 15 7 16,0,41,,2940,14,0,14 3 15 7 16,0,75,,2917,14,0,14 3 15 7 16,0,75,,2930,14,0,14 3 15 7 16,0,35,,2918,14,0,14 3 15 7 16,0,75,,2919,14,0,14 3 15 7 16,0,35,,2931,14,0,14 3 15 7 16,0,75,,2920,14,0,14 3 15 7 16,0,80,,2932,14,0,14 3 15 7 16,0,43,,2921,14,0,14 3 15 7 16,0,70,,2933,14,0,14 3 15 7 16,0,30,,2922,14,0,14 3 15 7 16,0,70,,2934,14,0,14 3 15 7 16,0,30,,2923,14,0,14 3 15 7 16,0,85,,2935,14,0,14 3 15 7 16,0,30,,2924,14,0,14 3 15 7 16,0,70,,2936,14,0,14 3 15 7 16,0,30,,2925,14,0,14 3 15 7 16,0,69,,2942,14,0,14 3 15 7 16,0,28,,2941,14,0,14 3 15 7 16,0
800,'100017',739,,2943,14,0,14 3 15 7 16,0,100,,2944,14,0,14 3 15 7 16,0,100,,2945,14,0,14 3 15 7 16,0,100,,2946,14,0,14 3 15 7 16,0,100,,2947,14,0,14 3 15 7 16,0,115,,2948,14,0,14 3 15 7 16,0,100,,2949,14,0,14 3 15 7 16,0,100,,2950,14,0,14 3 15 7 16,0,100,,2951,14,0,14 3 15 7 16,0,155,,2952,14,0,14 3 15 7 16,0,100,,2953,14,0,14 3 15 7 16,0,100,,2954,14,0,14 3 15 7 16,0
5001,'100015',1450,,3199,3,,,0
5300,'100015',824,,3206,46,,,0
5301,'100015',1556,,3208,39,,,0
1005301,'100015',1459,,3338,4,,,0
1005301,'100016',1459,,3339,4,,,0
