200,'100013',733,,1937,30,,,0,70,,1936,30,,,0,30,,1915,30,,,0,70,,1914,30,,,0,30,,1916,30,,,0,70,,1917,30,,,0,30,,1918,30,,,0,70,,1919,30,,,0,30,,1920,30,,,0,70,,1921,30,,,0,45,,1922,30,,,0,70,,1923,30,,,0,30,,1924,30,,,0,70,,1925,30,,,0,30,,1926,30,,,0,70,,1927,30,,,0,30,,1928,30,,,0,85,,1929,30,,,0,70,,1930,30,,,0,30,,1931,30,,,0,70,,1932,30,,,0,30,,1933,30,,,0,70,,1934,30,,,0,30,,1935,30,,,0,70,,1938,30,,,0
200,'100014',733,,1962,30,,,0,70,,1961,30,,,0,30,,1940,30,,,0,70,,1939,30,,,0,30,,1941,30,,,0,70,,1942,30,,,0,30,,1943,30,,,0,70,,1944,30,,,0,30,,1945,30,,,0,70,,1946,30,,,0,45,,1947,30,,,0,70,,1948,30,,,0,30,,1949,30,,,0,70,,1950,30,,,0,30,,1951,30,,,0,70,,1952,30,,,0,30,,1953,30,,,0,85,,1954,30,,,0,70,,1955,30,,,0,30,,1956,30,,,0,70,,1957,30,,,0,30,,1958,30,,,0,70,,1959,30,,,0,30,,1960,30,,,0
200,'100015',555,,1963,30,,,0,70,,1972,30,,,0,30,,1964,30,,,0,70,,1973,30,,,0,30,,1965,30,,,0,80,,1974,30,,,0,70,,1966,30,,,0,30,,1975,30,,,0,70,,1967,30,,,0,30,,1976,30,,,0,70,,1968,30,,,0,30,,1977,30,,,0,70,,1969,30,,,0,30,,1978,30,,,0,84,,1970,30,,,0,35,,1979,30,,,0,75,,1971,30,,,0,75,,1980,30,,,0,35,,1988,30,,,0,75,,1981,30,,,0,35,,1989,30,,,0,89,,1982,30,,,0,71,,1983,30,,,0,30,,1990,30,,,0,70,,1984,30,,,0,30,,1991,30,,,0,85,,1985,30,,,0,30,,1992,30,,,0,70,,1986,30,,,0,30,,1993,30,,,0,70,,1987,30,,,0,30,,1994,30,,,0,70,,1995,30,,,0
200,'100016',555,,1996,30,,,0,70,,2005,30,,,0,30,,1997,30,,,0,70,,2006,30,,,0,30,,1998,30,,,0,80,,2007,30,,,0,70,,1999,30,,,0,30,,2008,30,,,0,70,,2000,30,,,0,30,,2009,30,,,0,70,,2001,30,,,0,30,,2010,30,,,0,70,,2002,30,,,0,30,,2011,30,,,0,84,,2003,30,,,0,35,,2012,30,,,0,75,,2004,30,,,0,75,,2013,30,,,0,35,,2021,30,,,0,75,,2014,30,,,0,35,,2022,30,,,0,89,,2015,30,,,0,71,,2016,30,,,0,30,,2023,30,,,0,70,,2017,30,,,0,30,,2024,30,,,0,85,,2018,30,,,0,30,,2025,30,,,0,70,,2019,30,,,0,30,,2026,30,,,0,70,,2020,30,,,0,30,,2027,30,,,0,70,,2028,30,,,0
200,'100017',733,,2052,30,,,0,70,,2029,30,,,0,30,,2030,30,,,0,70,,2031,30,,,0,30,,2032,30,,,0,70,,2033,30,,,0,30,,2034,30,,,0,70,,2035,30,,,0,30,,2036,30,,,0,70,,2037,30,,,0,45,,2038,30,,,0,70,,2039,30,,,0,30,,2040,30,,,0,70,,2041,30,,,0,30,,2042,30,,,0,70,,2043,30,,,0,30,,2044,30,,,0,85,,2045,30,,,0,70,,2047,30,,,0,30,,2048,30,,,0,70,,2049,30,,,0,30,,2050,30,,,0,70,,2051,30,,,0,30,,2046,30,,,0
2101,'100013',734,,3083,6,,,0,75,,3076,6,,,0,35,,3084,6,,,0,75,,3077,6,,,0,35,,3094,6,,,0,75,,3092,6,,,0,75,,3085,6,,,0,36,,3078,6,,,0,74,,3086,6,,,0,35,,3079,6,,,0,75,,3087,6,,,0,35,,3080,6,,,0,75,,3088,6,,,0,75,,3081,6,,,0,35,,3095,6,,,0,75,,3091,6,,,0,35,,3089,6,,,0,80,,3082,6,,,0,75,,3090,6,,,0,35,,3093,6,,,0,110,,3096,6,,,0
2101,'100014',734,,3104,6,,,0,75,,3097,6,,,0,35,,3105,6,,,0,75,,3098,6,,,0,35,,3115,6,,,0,75,,3113,6,,,0,75,,3106,6,,,0,36,,3099,6,,,0,74,,3107,6,,,0,35,,3100,6,,,0,75,,3108,6,,,0,35,,3101,6,,,0,75,,3109,6,,,0,75,,3102,6,,,0,35,,3116,6,,,0,75,,3112,6,,,0,35,,3110,6,,,0,80,,3103,6,,,0,75,,3111,6,,,0,35,,3114,6,,,0
2101,'100015',556,,3130,6,,,0,73,,3117,6,,,0,77,,3131,6,,,0,35,,3118,6,,,0,74,,3132,6,,,0,36,,3119,6,,,0,75,,3133,6,,,0,75,,3120,6,,,0,35,,3134,6,,,0,75,,3121,6,,,0,35,,3135,6,,,0,75,,3122,6,,,0,35,,3136,6,,,0,75,,3123,6,,,0,75,,3137,6,,,0,35,,3124,6,,,0,75,,3138,6,,,0,35,,3125,6,,,0,75,,3139,6,,,0,80,,3126,6,,,0,35,,3140,6,,,0,75,,3127,6,,,0,37,,3141,6,,,0,73,,3128,6,,,0,79,,3142,6,,,0,48,,3129,6,,,0,70,,3143,6,,,0,30,,3146,6,,,0,70,,3145,6,,,0,30,,3144,6,,,0
2101,'100016',556,,3160,6,,,0,73,,3147,6,,,0,77,,3161,6,,,0,35,,3148,6,,,0,74,,3162,6,,,0,36,,3149,6,,,0,75,,3163,6,,,0,75,,3150,6,,,0,35,,3164,6,,,0,75,,3151,6,,,0,35,,3165,6,,,0,75,,3152,6,,,0,35,,3166,6,,,0,75,,3153,6,,,0,75,,3167,6,,,0,35,,3154,6,,,0,75,,3168,6,,,0,35,,3155,6,,,0,75,,3169,6,,,0,80,,3156,6,,,0,35,,3170,6,,,0,75,,3157,6,,,0,37,,3171,6,,,0,73,,3158,6,,,0,79,,3172,6,,,0,48,,3159,6,,,0,70,,3173,6,,,0,30,,3176,6,,,0,70,,3175,6,,,0,30,,3174,6,,,0
2101,'100017',734,,3177,6,,,0,75,,3178,6,,,0,35,,3179,6,,,0,75,,3180,6,,,0,35,,3181,6,,,0,75,,3182,6,,,0,75,,3183,6,,,0,35,,3184,6,,,0,75,,3185,6,,,0,35,,3186,6,,,0,75,,3187,6,,,0,35,,3188,6,,,0,75,,3189,6,,,0,75,,3190,6,,,0,35,,3191,6,,,0,75,,3192,6,,,0,35,,3193,6,,,0,80,,3194,6,,,0,75,,3195,6,,,0,35,,3196,6,,,0
