500,'100015',821,,3933,42,,,0,100,,3934,42,,,0,100,,3935,42,,,0,100,,3936,42,,,0,100,,3937,42,,,0,115,,3938,42,,,0,100,,3939,42,,,0,100,,3940,42,,,0,115,,3941,42,,,0,100,,3942,42,,,0,100,,3943,42,,,0
500,'100016',821,,3944,42,,,0,100,,3945,42,,,0,100,,3946,42,,,0,100,,3947,42,,,0,100,,3948,42,,,0,115,,3949,42,,,0,100,,3950,42,,,0,100,,3951,42,,,0,115,,3952,42,,,0,100,,3953,42,,,0,100,,3954,42,,,0
500,'100017',613,,3955,42,,,0,30,,3971,42,,,0,70,,3956,42,,,0,30,,3972,42,,,0,70,,3957,42,,,0,40,,3958,42,,,0,70,,3980,42,,,0,30,,3959,42,,,0,70,,3983,42,,,0,30,,3960,42,,,0,70,,3982,42,,,0,30,,3961,42,,,0,70,,3984,42,,,0,82,,3962,42,,,0,35,,3981,42,,,0,75,,3963,42,,,0,35,,3973,42,,,0,75,,3964,42,,,0,75,,3974,42,,,0,35,,3965,42,,,0,80,,3966,42,,,0,41,,3975,42,,,0,70,,3967,42,,,0,30,,3976,42,,,0,70,,3968,42,,,0,30,,3977,42,,,0,85,,3969,42,,,0,70,,3978,42,,,0,30,,3970,42,,,0,70,,3979,42,,,0,30,,3985,42,,,0,70,,3986,42,,,0
700,'100015',824,,4046,39,,,0,100,,4047,39,,,0,100,,4048,39,,,0,100,,4049,39,,,0,100,,4050,39,,,0,115,,4051,39,,,0,100,,4052,39,,,0,100,,4053,39,,,0,115,,4054,39,,,0,100,,4055,39,,,0,100,,4056,39,,,0
700,'100016',824,,4057,39,,,0,100,,4058,39,,,0,100,,4059,39,,,0,100,,4060,39,,,0,100,,4061,39,,,0,115,,4062,39,,,0,100,,4063,39,,,0,100,,4064,39,,,0,115,,4065,39,,,0,100,,4066,39,,,0,100,,4067,39,,,0
700,'100017',546,,4068,39,,,0,70,,4078,39,,,0,30,,4069,39,,,0,58,,4096,39,,,0,12,,4079,39,,,0,30,,4070,39,,,0,70,,4080,39,,,0,40,,4089,39,,,0,70,,4071,39,,,0,30,,4090,39,,,0,70,,4072,39,,,0,30,,4097,39,,,0,70,,4073,39,,,0,30,,4098,39,,,0,70,,4074,39,,,0,83,,4099,39,,,0,35,,4075,39,,,0,75,,4081,39,,,0,35,,4076,39,,,0,75,,4082,39,,,0,75,,4077,39,,,0,35,,4083,39,,,0,80,,4084,39,,,0,40,,4091,39,,,0,70,,4085,39,,,0,30,,4092,39,,,0,70,,4086,39,,,0,30,,4093,39,,,0,86,,4087,39,,,0,70,,4094,39,,,0,30,,4088,39,,,0,70,,4095,39,,,0,30,,4100,39,,,0,70,,4101,39,,,0
1000900,'100015',759,,4298,32,,,0,80,,4299,32,,,0,80,,4300,32,,,0,40,,4301,32,,,0,80,,4302,32,,,0,81,,4303,32,,,0,80,,4304,32,,,0,45,,4305,32,,,0,80,,4306,32,,,0,81,,4307,32,,,0,40,,4308,32,,,0,80,,4309,32,,,0,80,,4310,32,,,0,40,,4311,32,,,0,85,,4312,32,,,0,80,,4313,32,,,0,40,,4314,32,,,0,80,,4315,32,,,0
1000900,'100016',759,,4316,32,,,0,80,,4317,32,,,0,80,,4318,32,,,0,40,,4319,32,,,0,80,,4320,32,,,0,81,,4321,32,,,0,80,,4322,32,,,0,45,,4323,32,,,0,80,,4324,32,,,0,81,,4325,32,,,0,40,,4326,32,,,0,80,,4327,32,,,0,80,,4328,32,,,0,40,,4329,32,,,0,85,,4330,32,,,0,80,,4331,32,,,0,40,,4332,32,,,0,80,,4333,32,,,0
1000900,'100017',546,,4344,32,,,0,70,,4345,32,,,0,30,,4346,32,,,0,70,,4347,32,,,0,30,,4348,32,,,0,70,,4349,32,,,0,22,,4350,32,,,0,68,,4351,32,,,0,35,,4352,32,,,0,60,,4353,32,,,0,30,,4354,32,,,0,70,,4355,32,,,0,30,,4356,32,,,0,70,,4357,32,,,0,30,,4358,32,,,0,70,,4359,32,,,0,30,,4360,32,,,0,70,,4361,32,,,0,34,,4362,32,,,0,70,,4363,32,,,0,34,,4364,32,,,0,64,,4365,32,,,0,32,,4366,32,,,0,70,,4367,32,,,0,18,,4368,32,,,0,85,,4337,32,,,0,30,,4338,32,,,0,70,,4341,32,,,0,30,,4334,32,,,0,67,,4336,32,,,0,43,,4342,32,,,0,85,,4340,32,,,0,75,,4339,32,,,0,35,,4343,32,,,0,75,,4335,32,,,0
2000900,'100015',821,,4369,30,,,0,80,,4370,30,,,0,40,,4371,30,,,0,80,,4372,30,,,0,80,,4373,30,,,0,40,,4374,30,,,0,80,,4375,30,,,0,80,,4376,30,,,0,45,,4377,30,,,0,80,,4378,30,,,0,81,,4379,30,,,0,40,,4380,30,,,0,85,,4381,30,,,0,80,,4382,30,,,0,40,,4383,30,,,0,80,,4384,30,,,0,80,,4385,30,,,0
2000900,'100016',821,,4386,30,,,0,80,,4387,30,,,0,40,,4388,30,,,0,80,,4389,30,,,0,80,,4390,30,,,0,40,,4391,30,,,0,80,,4392,30,,,0,80,,4393,30,,,0,45,,4394,30,,,0,80,,4395,30,,,0,81,,4396,30,,,0,40,,4397,30,,,0,85,,4398,30,,,0,80,,4399,30,,,0,40,,4400,30,,,0,80,,4401,30,,,0,80,,4402,30,,,0
2000900,'100017',611,,4403,30,,,0,20,,4404,30,,,0,70,,4405,30,,,0,30,,4406,30,,,0,70,,4407,30,,,0,20,,4408,30,,,0,80,,4409,30,,,0,22,,4434,30,,,0,28,,4410,30,,,0,70,,4411,30,,,0,20,,4412,30,,,0,70,,4413,30,,,0,30,,4414,30,,,0,70,,4415,30,,,0,30,,4416,30,,,0,70,,4417,30,,,0,30,,4418,30,,,0,70,,4419,30,,,0,33,,4420,30,,,0,71,,4421,30,,,0,30,,4422,30,,,0,74,,4423,30,,,0,24,,4424,30,,,0,72,,4425,30,,,0,38,,4426,30,,,0,70,,4427,30,,,0,30,,4428,30,,,0,70,,4429,30,,,0,30,,4430,30,,,0,65,,4431,30,,,0,31,,4432,30,,,0,74,,4433,30,,,0,85,,4435,30,,,0,35,,4436,30,,,0,76,,4437,30,,,0
