200,'100011',715,,1937,5,0,5 6,0,30,,1936,5,0,5 6,0,70,,1915,5,0,5 6,0,30,,1914,5,0,5 6,0,70,,1916,5,0,5 6,0,30,,1917,5,0,5 6,0,70,,1918,5,0,5 6,0,30,,1919,5,0,5 6,0,70,,1920,5,0,5 6,0,30,,1921,5,0,5 6,0,85,,1922,5,0,5 6,0,70,,1923,5,0,5 6,0,30,,1924,5,0,5 6,0,70,,1925,5,0,5 6,0,30,,1926,5,0,5 6,0,70,,1927,5,0,5 6,0,30,,1928,5,0,5 6,0,85,,1929,5,0,5 6,0,30,,1930,5,0,5 6,0,70,,1931,5,0,5 6,0,30,,1932,5,0,5 6,0,70,,1933,5,0,5 6,0,30,,1934,5,0,5 6,0,70,,1935,5,0,5 6,0,30,,1938,5,0,5 6,0
200,'100012',715,,1962,5,0,5 6,0,30,,1961,5,0,5 6,0,70,,1940,5,0,5 6,0,30,,1939,5,0,5 6,0,70,,1941,5,0,5 6,0,30,,1942,5,0,5 6,0,70,,1943,5,0,5 6,0,30,,1944,5,0,5 6,0,70,,1945,5,0,5 6,0,30,,1946,5,0,5 6,0,85,,1947,5,0,5 6,0,70,,1948,5,0,5 6,0,30,,1949,5,0,5 6,0,70,,1950,5,0,5 6,0,30,,1951,5,0,5 6,0,70,,1952,5,0,5 6,0,30,,1953,5,0,5 6,0,85,,1954,5,0,5 6,0,30,,1955,5,0,5 6,0,70,,1956,5,0,5 6,0,30,,1957,5,0,5 6,0,70,,1958,5,0,5 6,0,30,,1959,5,0,5 6,0,70,,1960,5,0,5 6,0
200,'100013',537,,1963,5,0,5 6,0,70,,1972,5,0,5 6,0,30,,1964,5,0,5 6,0,70,,1973,5,0,5 6,0,30,,1965,5,0,5 6,0,70,,1974,5,0,5 6,0,40,,1966,5,0,5 6,0,70,,1975,5,0,5 6,0,30,,1967,5,0,5 6,0,70,,1976,5,0,5 6,0,30,,1968,5,0,5 6,0,70,,1977,5,0,5 6,0,30,,1969,5,0,5 6,0,70,,1978,5,0,5 6,0,42,,1970,5,0,5 6,0,75,,1979,5,0,5 6,0,75,,1971,5,0,5 6,0,35,,1980,5,0,5 6,0,75,,1988,5,0,5 6,0,35,,1981,5,0,5 6,0,75,,1989,5,0,5 6,0,80,,1982,5,0,5 6,0,41,,1983,5,0,5 6,0,70,,1990,5,0,5 6,0,30,,1984,5,0,5 6,0,70,,1991,5,0,5 6,0,30,,1985,5,0,5 6,0,85,,1992,5,0,5 6,0,70,,1986,5,0,5 6,0,30,,1993,5,0,5 6,0,70,,1987,5,0,5 6,0,30,,1994,5,0,5 6,0,70,,1995,5,0,5 6,0
200,'100014',537,,1996,5,0,5 6,0,70,,2005,5,0,5 6,0,30,,1997,5,0,5 6,0,70,,2006,5,0,5 6,0,30,,1998,5,0,5 6,0,70,,2007,5,0,5 6,0,40,,1999,5,0,5 6,0,70,,2008,5,0,5 6,0,30,,2000,5,0,5 6,0,70,,2009,5,0,5 6,0,30,,2001,5,0,5 6,0,70,,2010,5,0,5 6,0,30,,2002,5,0,5 6,0,70,,2011,5,0,5 6,0,42,,2003,5,0,5 6,0,75,,2012,5,0,5 6,0,75,,2004,5,0,5 6,0,35,,2013,5,0,5 6,0,75,,2021,5,0,5 6,0,35,,2014,5,0,5 6,0,75,,2022,5,0,5 6,0,80,,2015,5,0,5 6,0,41,,2016,5,0,5 6,0,70,,2023,5,0,5 6,0,30,,2017,5,0,5 6,0,70,,2024,5,0,5 6,0,30,,2018,5,0,5 6,0,85,,2025,5,0,5 6,0,70,,2019,5,0,5 6,0,30,,2026,5,0,5 6,0,70,,2020,5,0,5 6,0,30,,2027,5,0,5 6,0,70,,2028,5,0,5 6,0
200,'100015',715,,2052,5,0,5 6,0,30,,2029,5,0,5 6,0,70,,2030,5,0,5 6,0,30,,2031,5,0,5 6,0,70,,2032,5,0,5 6,0,30,,2033,5,0,5 6,0,70,,2034,5,0,5 6,0,30,,2035,5,0,5 6,0,70,,2036,5,0,5 6,0,30,,2037,5,0,5 6,0,85,,2038,5,0,5 6,0,70,,2039,5,0,5 6,0,30,,2040,5,0,5 6,0,70,,2041,5,0,5 6,0,30,,2042,5,0,5 6,0,70,,2043,5,0,5 6,0,30,,2044,5,0,5 6,0,85,,2045,5,0,5 6,0,30,,2047,5,0,5 6,0,70,,2048,5,0,5 6,0,30,,2049,5,0,5 6,0,70,,2050,5,0,5 6,0,30,,2051,5,0,5 6,0,70,,2046,5,0,5 6,0
5000,'100013',801,,3197,33,4,,0
5100,'100013',758,,3200,33,4,,0
5101,'100013',1453,,3202,25,4,,0,2,,3201,1,0,7 8 9 10 11,0
1005300,'100013',800,,3336,16,,,0
1005300,'100014',800,,3337,16,,,0
