300,'100014',801,,2191,6,0,15 7 16 3 17,0,100,,2192,6,0,15 7 16 3 17,0,100,,2193,6,0,15 7 16 3 17,0,100,,2194,6,0,15 7 16 3 17,0,100,,2195,6,0,15 7 16 3 17,0,115,,2201,6,0,15 7 16 3 17,0,100,,2196,6,0,15 7 16 3 17,0,100,,2197,6,0,15 7 16 3 17,0,100,,2198,6,0,15 7 16 3 17,0,115,,2199,6,0,15 7 16 3 17,0,100,,2200,6,0,15 7 16 3 17,0,100,,2202,6,0,15 7 16 3 17,0
300,'100015',801,,2203,6,0,15 7 16 3 17,0,100,,2204,6,0,15 7 16 3 17,0,100,,2205,6,0,15 7 16 3 17,0,100,,2206,6,0,15 7 16 3 17,0,100,,2207,6,0,15 7 16 3 17,0,115,,2213,6,0,15 7 16 3 17,0,100,,2208,6,0,15 7 16 3 17,0,100,,2209,6,0,15 7 16 3 17,0,100,,2210,6,0,15 7 16 3 17,0,115,,2211,6,0,15 7 16 3 17,0,100,,2212,6,0,15 7 16 3 17,0
300,'100016',525,,2214,6,0,15 7 16 3 17,0,30,,2215,6,0,15 7 16 3 17,0,55,,2221,6,0,15 7 16 3 17,0,15,,2216,6,0,15 7 16 3 17,0,30,,2217,6,0,15 7 16 3 17,0,70,,2218,6,0,15 7 16 3 17,0,30,,2219,6,0,15 7 16 3 17,0,50,,2222,6,0,15 7 16 3 17,0,20,,2220,6,0,15 7 16 3 17,0,80,,2223,6,0,15 7 16 3 17,0,30,,2227,6,0,15 7 16 3 17,0,70,,2224,6,0,15 7 16 3 17,0,30,,2228,6,0,15 7 16 3 17,0,70,,2225,6,0,15 7 16 3 17,0,30,,2229,6,0,15 7 16 3 17,0,71,,2226,6,0,15 7 16 3 17,0,30,,2230,6,0,15 7 16 3 17,0,83,,2231,6,0,15 7 16 3 17,0,35,,2232,6,0,15 7 16 3 17,0,75,,2233,6,0,15 7 16 3 17,0,1,,2234,6,0,15 7 16 3 17,0,13,,2235,6,0,15 7 16 3 17,0,61,,2236,6,0,15 7 16 3 17,0,35,,2237,6,0,15 7 16 3 17,0,5,,2238,6,0,15 7 16 3 17,0,70,,2239,6,0,15 7 16 3 17,0,35,,2240,6,0,15 7 16 3 17,0,80,,2241,6,0,15 7 16 3 17,0,79,,2242,6,0,15 7 16 3 17,0,30,,2243,6,0,15 7 16 3 17,0,70,,2244,6,0,15 7 16 3 17,0,30,,2245,6,0,15 7 16 3 17,0,70,,2246,6,0,15 7 16 3 17,0,45,,2247,6,0,15 7 16 3 17,0,70,,2248,6,0,15 7 16 3 17,0,30,,2249,6,0,15 7 16 3 17,0,70,,2250,6,0,15 7 16 3 17,0
300,'100017',525,,2251,6,0,15 7 16 3 17,0,30,,2252,6,0,15 7 16 3 17,0,55,,2258,6,0,15 7 16 3 17,0,15,,2253,6,0,15 7 16 3 17,0,30,,2254,6,0,15 7 16 3 17,0,70,,2255,6,0,15 7 16 3 17,0,30,,2256,6,0,15 7 16 3 17,0,50,,2259,6,0,15 7 16 3 17,0,20,,2257,6,0,15 7 16 3 17,0,80,,2260,6,0,15 7 16 3 17,0,30,,2264,6,0,15 7 16 3 17,0,70,,2261,6,0,15 7 16 3 17,0,30,,2265,6,0,15 7 16 3 17,0,70,,2262,6,0,15 7 16 3 17,0,30,,2266,6,0,15 7 16 3 17,0,71,,2263,6,0,15 7 16 3 17,0,30,,2267,6,0,15 7 16 3 17,0,83,,2268,6,0,15 7 16 3 17,0,35,,2269,6,0,15 7 16 3 17,0,75,,2270,6,0,15 7 16 3 17,0,1,,2271,6,0,15 7 16 3 17,0,13,,2272,6,0,15 7 16 3 17,0,61,,2273,6,0,15 7 16 3 17,0,35,,2274,6,0,15 7 16 3 17,0,5,,2275,6,0,15 7 16 3 17,0,70,,2276,6,0,15 7 16 3 17,0,35,,2277,6,0,15 7 16 3 17,0,80,,2278,6,0,15 7 16 3 17,0,79,,2279,6,0,15 7 16 3 17,0,30,,2280,6,0,15 7 16 3 17,0,70,,2281,6,0,15 7 16 3 17,0,30,,2282,6,0,15 7 16 3 17,0,70,,2283,6,0,15 7 16 3 17,0,45,,2284,6,0,15 7 16 3 17,0,70,,2285,6,0,15 7 16 3 17,0,30,,2286,6,0,15 7 16 3 17,0,70,,2287,6,0,15 7 16 3 17,0
300,'100018',801,,2288,6,0,15 7 16 3 17,0,100,,2289,6,0,15 7 16 3 17,0,100,,2290,6,0,15 7 16 3 17,0,100,,2291,6,0,15 7 16 3 17,0,100,,2292,6,0,15 7 16 3 17,0,115,,2293,6,0,15 7 16 3 17,0,100,,2294,6,0,15 7 16 3 17,0,100,,2295,6,0,15 7 16 3 17,0,100,,2296,6,0,15 7 16 3 17,0,115,,2297,6,0,15 7 16 3 17,0,100,,2298,6,0,15 7 16 3 17,0
800,'100014',741,,2854,22,,,0,100,,2855,22,,,0,100,,2856,22,,,0,100,,2857,22,,,0,100,,2858,22,,,0,115,,2859,22,,,0,100,,2860,22,,,0,100,,2861,22,,,0,100,,2862,22,,,0,155,,2863,22,,,0,100,,2864,22,,,0,100,,2865,22,,,0,100,,2866,22,,,0
800,'100015',741,,2867,22,,,0,100,,2868,22,,,0,100,,2869,22,,,0,100,,2870,22,,,0,100,,2871,22,,,0,115,,2872,22,,,0,100,,2873,22,,,0,100,,2874,22,,,0,100,,2875,22,,,0,155,,2876,22,,,0,100,,2877,22,,,0,100,,2878,22,,,0
800,'100016',605,,2894,22,,,0,30,,2879,22,,,0,70,,2895,22,,,0,30,,2880,22,,,0,70,,2896,22,,,0,40,,2897,22,,,0,69,,2881,22,,,0,30,,2905,22,,,0,70,,2882,22,,,0,30,,2906,22,,,0,70,,2883,22,,,0,30,,2907,22,,,0,70,,2884,22,,,0,42,,2908,22,,,0,75,,2885,22,,,0,75,,2898,22,,,0,35,,2886,22,,,0,75,,2887,22,,,0,35,,2899,22,,,0,75,,2888,22,,,0,80,,2900,22,,,0,42,,2889,22,,,0,70,,2901,22,,,0,30,,2890,22,,,0,70,,2902,22,,,0,30,,2891,22,,,0,85,,2903,22,,,0,70,,2892,22,,,0,30,,2904,22,,,0,70,,2893,22,,,0,28,,2910,22,,,0,28,,2909,22,,,0
800,'100017',605,,2926,22,,,0,30,,2911,22,,,0,70,,2927,22,,,0,30,,2912,22,,,0,70,,2928,22,,,0,40,,2929,22,,,0,69,,2913,22,,,0,30,,2937,22,,,0,70,,2914,22,,,0,30,,2938,22,,,0,70,,2915,22,,,0,30,,2939,22,,,0,70,,2916,22,,,0,42,,2940,22,,,0,75,,2917,22,,,0,75,,2930,22,,,0,35,,2918,22,,,0,75,,2919,22,,,0,35,,2931,22,,,0,75,,2920,22,,,0,80,,2932,22,,,0,42,,2921,22,,,0,70,,2933,22,,,0,30,,2922,22,,,0,70,,2934,22,,,0,30,,2923,22,,,0,85,,2935,22,,,0,70,,2924,22,,,0,30,,2936,22,,,0,70,,2925,22,,,0,28,,2942,22,,,0,28,,2941,22,,,0
800,'100018',741,,2943,22,,,0,100,,2944,22,,,0,100,,2945,22,,,0,100,,2946,22,,,0,100,,2947,22,,,0,115,,2948,22,,,0,100,,2949,22,,,0,100,,2950,22,,,0,100,,2951,22,,,0,155,,2952,22,,,0,100,,2953,22,,,0,100,,2954,22,,,0
5000,'100016',754,,3197,20,,,0
5100,'100016',752,,3200,21,0,5 28,0
5200,'100016',1434,,3203,2,0,5 6,0
5201,'100016',1526,,3205,11,0,5 6,0
5300,'100016',817,,3206,33,,,0
5301,'100016',1549,,3208,26,,,0
