201,'100014',805,,2058,22,,,0,30,,2062,22,,,0,70,,2059,22,,,0,30,,2072,22,,,0,70,,2061,22,,,0,30,,2060,22,,,0,70,,2063,22,,,0,30,,2064,22,,,0,70,,2053,22,,,0,45,,2066,22,,,0,70,,2067,22,,,0,30,,2068,22,,,0,70,,2069,22,,,0,30,,2070,22,,,0,70,,2071,22,,,0,30,,2075,22,,,0,85,,2073,22,,,0,70,,2074,22,,,0,30,,2054,22,,,0,70,,2057,22,,,0,30,,2056,22,,,0,70,,2055,22,,,0,30,,2065,22,,,0,70,,2076,22,,,0
201,'100015',805,,2082,22,,,0,30,,2086,22,,,0,70,,2083,22,,,0,30,,2096,22,,,0,70,,2085,22,,,0,30,,2084,22,,,0,70,,2087,22,,,0,30,,2088,22,,,0,70,,2077,22,,,0,45,,2090,22,,,0,70,,2091,22,,,0,30,,2092,22,,,0,70,,2093,22,,,0,30,,2094,22,,,0,70,,2095,22,,,0,30,,2099,22,,,0,85,,2097,22,,,0,70,,2098,22,,,0,30,,2078,22,,,0,70,,2081,22,,,0,30,,2080,22,,,0,70,,2079,22,,,0,30,,2089,22,,,0
201,'100016',527,,2130,5,,,0,30,,2133,22,,,0,70,,2100,22,,,0,30,,2108,22,,,0,70,,2101,22,,,0,30,,2109,22,,,0,80,,2102,22,,,0,70,,2110,22,,,0,30,,2103,22,,,0,70,,2111,22,,,0,30,,2104,22,,,0,70,,2112,22,,,0,30,,2105,22,,,0,70,,2113,22,,,0,30,,2106,22,,,0,83,,2131,22,,,0,35,,2107,22,,,0,75,,2114,22,,,0,75,,2121,22,,,0,35,,2115,22,,,0,75,,2122,22,,,0,40,,2116,22,,,0,85,,2132,22,,,0,70,,2123,22,,,0,30,,2117,22,,,0,70,,2124,22,,,0,30,,2118,22,,,0,85,,2125,22,,,0,30,,2119,22,,,0,70,,2126,22,,,0,30,,2120,22,,,0,70,,2127,22,,,0,30,,2128,22,,,0,71,,2129,22,,,0
201,'100017',527,,2164,5,,,0,30,,2167,22,,,0,70,,2134,22,,,0,30,,2142,22,,,0,70,,2135,22,,,0,30,,2143,22,,,0,80,,2136,22,,,0,70,,2144,22,,,0,30,,2137,22,,,0,70,,2145,22,,,0,30,,2138,22,,,0,70,,2146,22,,,0,30,,2139,22,,,0,70,,2147,22,,,0,30,,2140,22,,,0,83,,2165,22,,,0,35,,2141,22,,,0,75,,2148,22,,,0,75,,2155,22,,,0,35,,2149,22,,,0,75,,2156,22,,,0,40,,2150,22,,,0,85,,2166,22,,,0,70,,2157,22,,,0,30,,2151,22,,,0,70,,2158,22,,,0,30,,2152,22,,,0,85,,2159,22,,,0,30,,2153,22,,,0,70,,2160,22,,,0,30,,2154,22,,,0,70,,2161,22,,,0,30,,2162,22,,,0,71,,2163,22,,,0
201,'100018',805,,2168,22,,,0,30,,2169,22,,,0,70,,2170,22,,,0,30,,2171,22,,,0,70,,2172,22,,,0,30,,2173,22,,,0,70,,2174,22,,,0,30,,2175,22,,,0,70,,2176,22,,,0,45,,2177,22,,,0,70,,2178,22,,,0,30,,2179,22,,,0,70,,2180,22,,,0,30,,2181,22,,,0,70,,2182,22,,,0,30,,2183,22,,,0,85,,2184,22,,,0,70,,2186,22,,,0,30,,2187,22,,,0,70,,2188,22,,,0,30,,2189,22,,,0,70,,2190,22,,,0,30,,2185,22,,,0
600,'100014',734,,2645,5,,,0,100,,2646,5,,,0,100,,2647,5,,,0,100,,2648,5,,,0,100,,2649,5,,,0,115,,2650,5,,,0,100,,2651,5,,,0,100,,2652,5,,,0,100,,2653,5,,,0,155,,2654,5,,,0,100,,2655,5,,,0,100,,2656,5,,,0,100,,2657,5,,,0
600,'100015',734,,2658,5,,,0,100,,2659,5,,,0,100,,2660,5,,,0,100,,2661,5,,,0,100,,2662,5,,,0,115,,2663,5,,,0,100,,2664,5,,,0,100,,2665,5,,,0,100,,2666,5,,,0,155,,2667,5,,,0,100,,2668,5,,,0,100,,2669,5,,,0
600,'100016',526,,2680,5,,,0,30,,2670,5,,,0,58,,2698,5,,,0,12,,2681,5,,,0,30,,2671,5,,,0,58,,2699,5,,,0,12,,2682,5,,,0,30,,2672,5,,,0,80,,2673,5,,,0,70,,2690,5,,,0,30,,2674,5,,,0,70,,2691,5,,,0,30,,2675,5,,,0,70,,2700,5,,,0,30,,2676,5,,,0,70,,2701,5,,,0,38,,2677,5,,,0,75,,2702,5,,,0,35,,2678,5,,,0,75,,2683,5,,,0,75,,2679,5,,,0,35,,2692,5,,,0,75,,2684,5,,,0,40,,2693,5,,,0,85,,2685,5,,,0,70,,2694,5,,,0,30,,2686,5,,,0,70,,2695,5,,,0,30,,2687,5,,,0,85,,2696,5,,,0,30,,2688,5,,,0,70,,2697,5,,,0,30,,2689,5,,,0,70,,2704,5,,,0,30,,2703,5,,,0
600,'100017',526,,2715,5,,,0,30,,2705,5,,,0,58,,2733,5,,,0,12,,2716,5,,,0,30,,2706,5,,,0,58,,2734,5,,,0,12,,2717,5,,,0,30,,2707,5,,,0,80,,2708,5,,,0,70,,2725,5,,,0,30,,2709,5,,,0,70,,2726,5,,,0,30,,2710,5,,,0,70,,2735,5,,,0,30,,2711,5,,,0,70,,2736,5,,,0,38,,2712,5,,,0,75,,2737,5,,,0,35,,2713,5,,,0,75,,2718,5,,,0,75,,2714,5,,,0,35,,2727,5,,,0,75,,2719,5,,,0,40,,2728,5,,,0,85,,2720,5,,,0,70,,2729,5,,,0,30,,2721,5,,,0,70,,2730,5,,,0,30,,2722,5,,,0,85,,2731,5,,,0,30,,2723,5,,,0,70,,2732,5,,,0,30,,2724,5,,,0,70,,2739,5,,,0,30,,2738,5,,,0
600,'100018',734,,2740,5,,,0,100,,2741,5,,,0,100,,2742,5,,,0,100,,2743,5,,,0,100,,2744,5,,,0,115,,2745,5,,,0,100,,2746,5,,,0,100,,2747,5,,,0,100,,2748,5,,,0,155,,2749,5,,,0,100,,2750,5,,,0,100,,2751,5,,,0
5300,'100016',752,,3206,4,,,0
