1000900,'100014',742,,4285,,,0,80,,4286,,,0,80,,4287,,,0,40,,4288,,,0,80,,4289,,,0,80,,4290,,,0,40,,4291,,,0,85,,4292,,,0,80,,4293,,,0,41,,4294,,,0,80,,4295,,,0,80,,4296,,,0,40,,4297,,,0,80,,4298,,,0,85,,4299,,,0,40,,4300,,,0,80,,4301,,,0,80,,4302,,,0,40,,4303,,,0
1000900,'100015',742,,4304,,,0,80,,4305,,,0,80,,4306,,,0,40,,4307,,,0,80,,4308,,,0,80,,4309,,,0,40,,4310,,,0,85,,4311,,,0,80,,4312,,,0,41,,4313,,,0,80,,4314,,,0,80,,4315,,,0,40,,4316,,,0,80,,4317,,,0,85,,4318,,,0,40,,4319,,,0,80,,4320,,,0,80,,4321,,,0
1000900,'100016',528,,4332,,,0,30,,4333,,,0,70,,4334,,,0,30,,4335,,,0,70,,4336,,,0,30,,4337,,,0,62,,4338,,,0,28,,4339,,,0,75,,4340,,,0,20,,4341,,,0,70,,4342,,,0,30,,4343,,,0,70,,4344,,,0,30,,4345,,,0,70,,4346,,,0,30,,4347,,,0,70,,4348,,,0,30,,4349,,,0,72,,4350,,,0,30,,4351,,,0,70,,4352,,,0,28,,4353,,,0,72,,4354,,,0,30,,4355,,,0,58,,4356,,,0,45,,4325,,,0,70,,4326,,,0,30,,4329,,,0,70,,4322,,,0,29,,4324,,,0,83,,4330,,,0,85,,4328,,,0,35,,4327,,,0,75,,4331,,,0,75,,4323,,,0
1000900,'100017',528,,4367,,,0,30,,4368,,,0,70,,4369,,,0,30,,4370,,,0,70,,4371,,,0,30,,4372,,,0,62,,4373,,,0,28,,4374,,,0,75,,4375,,,0,20,,4376,,,0,70,,4377,,,0,30,,4378,,,0,70,,4379,,,0,30,,4380,,,0,70,,4381,,,0,30,,4382,,,0,70,,4383,,,0,30,,4384,,,0,72,,4385,,,0,30,,4386,,,0,70,,4387,,,0,28,,4388,,,0,72,,4389,,,0,30,,4390,,,0,58,,4391,,,0,45,,4360,,,0,70,,4361,,,0,30,,4364,,,0,70,,4357,,,0,29,,4359,,,0,83,,4365,,,0,85,,4363,,,0,35,,4362,,,0,75,,4366,,,0,75,,4358,,,0
1000900,'100018',742,,4392,,,0,80,,4393,,,0,80,,4394,,,0,40,,4395,,,0,80,,4396,,,0,80,,4397,,,0,40,,4398,,,0,85,,4399,,,0,80,,4400,,,0,41,,4401,,,0,80,,4402,,,0,80,,4403,,,0,40,,4404,,,0,80,,4405,,,0,85,,4406,,,0,40,,4407,,,0,80,,4408,,,0,80,,4409,,,0
2000900,'100014',802,,4414,0,22 3 23 24 25 26,0,40,,4415,0,22 3 23 24 25 26,0,80,,4416,0,22 3 23 24 25 26,0,80,,4417,0,22 3 23 24 25 26,0,40,,4418,0,22 3 23 24 25 26,0,80,,4419,0,22 3 23 24 25 26,0,80,,4420,0,22 3 23 24 25 26,0,40,,4421,0,22 3 23 24 25 26,0,85,,4422,0,22 3 23 24 25 26,0,80,,4423,0,22 3 23 24 25 26,0,41,,4424,0,22 3 23 24 25 26,0,80,,4425,0,22 3 23 24 25 26,0,85,,4426,0,22 3 23 24 25 26,0,40,,4427,0,22 3 23 24 25 26,0,80,,4428,0,22 3 23 24 25 26,0,80,,4429,0,22 3 23 24 25 26,0,40,,4430,0,22 3 23 24 25 26,0,80,,4432,0,22 3 23 24 25 26,0,80,,4431,0,22 3 23 24 25 26,0
2000900,'100015',802,,4433,0,22 3 23 24 25 26,0,40,,4434,0,22 3 23 24 25 26,0,80,,4435,0,22 3 23 24 25 26,0,80,,4436,0,22 3 23 24 25 26,0,40,,4437,0,22 3 23 24 25 26,0,80,,4438,0,22 3 23 24 25 26,0,80,,4439,0,22 3 23 24 25 26,0,40,,4440,0,22 3 23 24 25 26,0,85,,4441,0,22 3 23 24 25 26,0,80,,4442,0,22 3 23 24 25 26,0,41,,4443,0,22 3 23 24 25 26,0,80,,4444,0,22 3 23 24 25 26,0,85,,4445,0,22 3 23 24 25 26,0,40,,4446,0,22 3 23 24 25 26,0,80,,4447,0,22 3 23 24 25 26,0,80,,4448,0,22 3 23 24 25 26,0,40,,4449,0,22 3 23 24 25 26,0
2000900,'100016',552,,4450,0,22 3 23 24 25 26,0,60,,4451,0,22 3 23 24 25 26,0,30,,4452,0,22 3 23 24 25 26,0,70,,4453,0,22 3 23 24 25 26,0,30,,4454,0,22 3 23 24 25 26,0,60,,4455,0,22 3 23 24 25 26,0,40,,4456,0,22 3 23 24 25 26,0,62,,4481,0,22 3 23 24 25 26,0,28,,4457,0,22 3 23 24 25 26,0,70,,4458,0,22 3 23 24 25 26,0,20,,4459,0,22 3 23 24 25 26,0,30,,4460,0,22 3 23 24 25 26,0,70,,4461,0,22 3 23 24 25 26,0,30,,4462,0,22 3 23 24 25 26,0,70,,4463,0,22 3 23 24 25 26,0,30,,4464,0,22 3 23 24 25 26,0,70,,4465,0,22 3 23 24 25 26,0,30,,4466,0,22 3 23 24 25 26,0,72,,4467,0,22 3 23 24 25 26,0,31,,4468,0,22 3 23 24 25 26,0,70,,4469,0,22 3 23 24 25 26,0,34,,4470,0,22 3 23 24 25 26,0,64,,4471,0,22 3 23 24 25 26,0,32,,4472,0,22 3 23 24 25 26,0,78,,4473,0,22 3 23 24 25 26,0,70,,4474,0,22 3 23 24 25 26,0,30,,4475,0,22 3 23 24 25 26,0,70,,4476,0,22 3 23 24 25 26,0,30,,4477,0,22 3 23 24 25 26,0,25,,4478,0,22 3 23 24 25 26,0,72,,4479,0,22 3 23 24 25 26,0,74,,4480,0,22 3 23 24 25 26,0,45,,4482,0,22 3 23 24 25 26,0,75,,4483,0,22 3 23 24 25 26,0,76,,4484,0,22 3 23 24 25 26,0
2000900,'100017',552,,4485,0,22 3 23 24 25 26,0,60,,4486,0,22 3 23 24 25 26,0,30,,4487,0,22 3 23 24 25 26,0,70,,4488,0,22 3 23 24 25 26,0,30,,4489,0,22 3 23 24 25 26,0,60,,4490,0,22 3 23 24 25 26,0,40,,4491,0,22 3 23 24 25 26,0,62,,4516,0,22 3 23 24 25 26,0,28,,4492,0,22 3 23 24 25 26,0,70,,4493,0,22 3 23 24 25 26,0,20,,4494,0,22 3 23 24 25 26,0,30,,4495,0,22 3 23 24 25 26,0,70,,4496,0,22 3 23 24 25 26,0,30,,4497,0,22 3 23 24 25 26,0,70,,4498,0,22 3 23 24 25 26,0,30,,4499,0,22 3 23 24 25 26,0,70,,4500,0,22 3 23 24 25 26,0,30,,4501,0,22 3 23 24 25 26,0,72,,4502,0,22 3 23 24 25 26,0,31,,4503,0,22 3 23 24 25 26,0,70,,4504,0,22 3 23 24 25 26,0,34,,4505,0,22 3 23 24 25 26,0,64,,4506,0,22 3 23 24 25 26,0,32,,4507,0,22 3 23 24 25 26,0,78,,4508,0,22 3 23 24 25 26,0,70,,4509,0,22 3 23 24 25 26,0,30,,4510,0,22 3 23 24 25 26,0,70,,4511,0,22 3 23 24 25 26,0,30,,4512,0,22 3 23 24 25 26,0,25,,4513,0,22 3 23 24 25 26,0,72,,4514,0,22 3 23 24 25 26,0,74,,4515,0,22 3 23 24 25 26,0,45,,4517,0,22 3 23 24 25 26,0,75,,4518,0,22 3 23 24 25 26,0,76,,4519,0,22 3 23 24 25 26,0
2000900,'100018',802,,4520,0,22 3 23 24 25 26,0,40,,4521,0,22 3 23 24 25 26,0,80,,4522,0,22 3 23 24 25 26,0,80,,4523,0,22 3 23 24 25 26,0,40,,4524,0,22 3 23 24 25 26,0,80,,4525,0,22 3 23 24 25 26,0,80,,4526,0,22 3 23 24 25 26,0,40,,4527,0,22 3 23 24 25 26,0,85,,4528,0,22 3 23 24 25 26,0,80,,4529,0,22 3 23 24 25 26,0,41,,4530,0,22 3 23 24 25 26,0,80,,4531,0,22 3 23 24 25 26,0,85,,4532,0,22 3 23 24 25 26,0,40,,4533,0,22 3 23 24 25 26,0,80,,4534,0,22 3 23 24 25 26,0,80,,4535,0,22 3 23 24 25 26,0,40,,4536,0,22 3 23 24 25 26,0
