201,'100014',806,,2058,23,,,0,30,,2062,23,,,0,70,,2059,23,,,0,30,,2072,23,,,0,70,,2061,23,,,0,30,,2060,23,,,0,70,,2063,23,,,0,30,,2064,23,,,0,70,,2053,23,,,0,45,,2066,23,,,0,70,,2067,23,,,0,30,,2068,23,,,0,70,,2069,23,,,0,30,,2070,23,,,0,70,,2071,23,,,0,30,,2075,23,,,0,85,,2073,23,,,0,70,,2074,23,,,0,30,,2054,23,,,0,70,,2057,23,,,0,30,,2056,23,,,0,70,,2055,23,,,0,30,,2065,23,,,0,70,,2076,23,,,0
201,'100015',806,,2082,23,,,0,30,,2086,23,,,0,70,,2083,23,,,0,30,,2096,23,,,0,70,,2085,23,,,0,30,,2084,23,,,0,70,,2087,23,,,0,30,,2088,23,,,0,70,,2077,23,,,0,45,,2090,23,,,0,70,,2091,23,,,0,30,,2092,23,,,0,70,,2093,23,,,0,30,,2094,23,,,0,70,,2095,23,,,0,30,,2099,23,,,0,85,,2097,23,,,0,70,,2098,23,,,0,30,,2078,23,,,0,70,,2081,23,,,0,30,,2080,23,,,0,70,,2079,23,,,0,30,,2089,23,,,0
201,'100016',528,,2130,6,,,0,30,,2133,23,,,0,70,,2100,23,,,0,30,,2108,23,,,0,70,,2101,23,,,0,30,,2109,23,,,0,80,,2102,23,,,0,70,,2110,23,,,0,30,,2103,23,,,0,70,,2111,23,,,0,30,,2104,23,,,0,70,,2112,23,,,0,30,,2105,23,,,0,70,,2113,23,,,0,30,,2106,23,,,0,83,,2131,23,,,0,35,,2107,23,,,0,75,,2114,23,,,0,75,,2121,23,,,0,35,,2115,23,,,0,75,,2122,23,,,0,40,,2116,23,,,0,85,,2132,23,,,0,70,,2123,23,,,0,30,,2117,23,,,0,70,,2124,23,,,0,30,,2118,23,,,0,85,,2125,23,,,0,30,,2119,23,,,0,70,,2126,23,,,0,30,,2120,23,,,0,70,,2127,23,,,0,30,,2128,23,,,0,71,,2129,23,,,0
201,'100017',528,,2164,6,,,0,30,,2167,23,,,0,70,,2134,23,,,0,30,,2142,23,,,0,70,,2135,23,,,0,30,,2143,23,,,0,80,,2136,23,,,0,70,,2144,23,,,0,30,,2137,23,,,0,70,,2145,23,,,0,30,,2138,23,,,0,70,,2146,23,,,0,30,,2139,23,,,0,70,,2147,23,,,0,30,,2140,23,,,0,83,,2165,23,,,0,35,,2141,23,,,0,75,,2148,23,,,0,75,,2155,23,,,0,35,,2149,23,,,0,75,,2156,23,,,0,40,,2150,23,,,0,85,,2166,23,,,0,70,,2157,23,,,0,30,,2151,23,,,0,70,,2158,23,,,0,30,,2152,23,,,0,85,,2159,23,,,0,30,,2153,23,,,0,70,,2160,23,,,0,30,,2154,23,,,0,70,,2161,23,,,0,30,,2162,23,,,0,71,,2163,23,,,0
201,'100018',806,,2168,23,,,0,30,,2169,23,,,0,70,,2170,23,,,0,30,,2171,23,,,0,70,,2172,23,,,0,30,,2173,23,,,0,70,,2174,23,,,0,30,,2175,23,,,0,70,,2176,23,,,0,45,,2177,23,,,0,70,,2178,23,,,0,30,,2179,23,,,0,70,,2180,23,,,0,30,,2181,23,,,0,70,,2182,23,,,0,30,,2183,23,,,0,85,,2184,23,,,0,70,,2186,23,,,0,30,,2187,23,,,0,70,,2188,23,,,0,30,,2189,23,,,0,70,,2190,23,,,0,30,,2185,23,,,0
600,'100014',734,,2645,6,,,0,100,,2646,6,,,0,100,,2647,6,,,0,100,,2648,6,,,0,100,,2649,6,,,0,115,,2650,6,,,0,100,,2651,6,,,0,100,,2652,6,,,0,100,,2653,6,,,0,155,,2654,6,,,0,100,,2655,6,,,0,100,,2656,6,,,0,100,,2657,6,,,0
600,'100015',734,,2658,6,,,0,100,,2659,6,,,0,100,,2660,6,,,0,100,,2661,6,,,0,100,,2662,6,,,0,115,,2663,6,,,0,100,,2664,6,,,0,100,,2665,6,,,0,100,,2666,6,,,0,155,,2667,6,,,0,100,,2668,6,,,0,100,,2669,6,,,0
600,'100016',526,,2680,6,,,0,30,,2670,6,,,0,58,,2698,6,,,0,12,,2681,6,,,0,30,,2671,6,,,0,58,,2699,6,,,0,12,,2682,6,,,0,30,,2672,6,,,0,80,,2673,6,,,0,70,,2690,6,,,0,30,,2674,6,,,0,70,,2691,6,,,0,30,,2675,6,,,0,70,,2700,6,,,0,30,,2676,6,,,0,70,,2701,6,,,0,39,,2677,6,,,0,75,,2702,6,,,0,35,,2678,6,,,0,75,,2683,6,,,0,75,,2679,6,,,0,35,,2692,6,,,0,75,,2684,6,,,0,40,,2693,6,,,0,84,,2685,6,,,0,70,,2694,6,,,0,30,,2686,6,,,0,70,,2695,6,,,0,30,,2687,6,,,0,85,,2696,6,,,0,30,,2688,6,,,0,70,,2697,6,,,0,30,,2689,6,,,0,70,,2704,6,,,0,30,,2703,6,,,0
600,'100017',526,,2715,6,,,0,30,,2705,6,,,0,58,,2733,6,,,0,12,,2716,6,,,0,30,,2706,6,,,0,58,,2734,6,,,0,12,,2717,6,,,0,30,,2707,6,,,0,80,,2708,6,,,0,70,,2725,6,,,0,30,,2709,6,,,0,70,,2726,6,,,0,30,,2710,6,,,0,70,,2735,6,,,0,30,,2711,6,,,0,70,,2736,6,,,0,39,,2712,6,,,0,75,,2737,6,,,0,35,,2713,6,,,0,75,,2718,6,,,0,75,,2714,6,,,0,35,,2727,6,,,0,75,,2719,6,,,0,40,,2728,6,,,0,84,,2720,6,,,0,70,,2729,6,,,0,30,,2721,6,,,0,70,,2730,6,,,0,30,,2722,6,,,0,85,,2731,6,,,0,30,,2723,6,,,0,70,,2732,6,,,0,30,,2724,6,,,0,70,,2739,6,,,0,30,,2738,6,,,0
600,'100018',734,,2740,6,,,0,100,,2741,6,,,0,100,,2742,6,,,0,100,,2743,6,,,0,100,,2744,6,,,0,115,,2745,6,,,0,100,,2746,6,,,0,100,,2747,6,,,0,100,,2748,6,,,0,155,,2749,6,,,0,100,,2750,6,,,0,100,,2751,6,,,0
5300,'100016',753,,3206,5,,,0
