301,'100014',744,,2302,26,0,15 7 16 3 17,0,100,,2303,26,0,15 7 16 3 17,0,100,,2304,26,0,15 7 16 3 17,0,101,,2305,26,0,15 7 16 3 17,0,100,,2306,26,0,15 7 16 3 17,0,155,,2307,26,0,15 7 16 3 17,0,100,,2308,26,0,15 7 16 3 17,0,100,,2309,26,0,15 7 16 3 17,0,100,,2310,26,0,15 7 16 3 17,0,115,,2301,26,0,15 7 16 3 17,0,100,,2299,26,0,15 7 16 3 17,0,100,,2300,26,0,15 7 16 3 17,0,100,,2311,26,0,15 7 16 3 17,0
301,'100015',744,,2315,26,0,15 7 16 3 17,0,100,,2316,26,0,15 7 16 3 17,0,100,,2317,26,0,15 7 16 3 17,0,101,,2318,26,0,15 7 16 3 17,0,100,,2319,26,0,15 7 16 3 17,0,155,,2320,26,0,15 7 16 3 17,0,100,,2321,26,0,15 7 16 3 17,0,100,,2322,26,0,15 7 16 3 17,0,100,,2323,26,0,15 7 16 3 17,0,115,,2314,26,0,15 7 16 3 17,0,100,,2312,26,0,15 7 16 3 17,0,100,,2313,26,0,15 7 16 3 17,0
301,'100016',539,,2324,26,0,15 7 16 3 17,0,70,,2325,26,0,15 7 16 3 17,0,30,,2326,26,0,15 7 16 3 17,0,70,,2327,26,0,15 7 16 3 17,0,30,,2328,26,0,15 7 16 3 17,0,10,,2329,26,0,15 7 16 3 17,0,60,,2334,26,0,15 7 16 3 17,0,40,,2330,26,0,15 7 16 3 17,0,70,,2335,26,0,15 7 16 3 17,0,30,,2331,26,0,15 7 16 3 17,0,70,,2336,26,0,15 7 16 3 17,0,30,,2332,26,0,15 7 16 3 17,0,70,,2337,26,0,15 7 16 3 17,0,30,,2333,26,0,15 7 16 3 17,0,70,,2338,26,0,15 7 16 3 17,0,39,,2339,26,0,15 7 16 3 17,0,75,,2340,26,0,15 7 16 3 17,0,75,,2341,26,0,15 7 16 3 17,0,14,,2342,26,0,15 7 16 3 17,0,21,,2343,26,0,15 7 16 3 17,0,75,,2344,26,0,15 7 16 3 17,0,5,,2359,26,0,15 7 16 3 17,0,30,,2345,26,0,15 7 16 3 17,0,75,,2346,26,0,15 7 16 3 17,0,80,,2347,26,0,15 7 16 3 17,0,44,,2348,26,0,15 7 16 3 17,0,70,,2349,26,0,15 7 16 3 17,0,30,,2350,26,0,15 7 16 3 17,0,70,,2351,26,0,15 7 16 3 17,0,30,,2352,26,0,15 7 16 3 17,0,85,,2353,26,0,15 7 16 3 17,0,70,,2354,26,0,15 7 16 3 17,0,30,,2355,26,0,15 7 16 3 17,0,70,,2356,26,0,15 7 16 3 17,0,30,,2357,26,0,15 7 16 3 17,0,70,,2358,26,0,15 7 16 3 17,0
301,'100017',539,,2360,26,0,15 7 16 3 17,0,70,,2361,26,0,15 7 16 3 17,0,30,,2362,26,0,15 7 16 3 17,0,70,,2363,26,0,15 7 16 3 17,0,30,,2364,26,0,15 7 16 3 17,0,10,,2365,26,0,15 7 16 3 17,0,60,,2370,26,0,15 7 16 3 17,0,40,,2366,26,0,15 7 16 3 17,0,70,,2371,26,0,15 7 16 3 17,0,30,,2367,26,0,15 7 16 3 17,0,70,,2372,26,0,15 7 16 3 17,0,30,,2368,26,0,15 7 16 3 17,0,70,,2373,26,0,15 7 16 3 17,0,30,,2369,26,0,15 7 16 3 17,0,70,,2374,26,0,15 7 16 3 17,0,39,,2375,26,0,15 7 16 3 17,0,75,,2376,26,0,15 7 16 3 17,0,75,,2377,26,0,15 7 16 3 17,0,14,,2378,26,0,15 7 16 3 17,0,21,,2379,26,0,15 7 16 3 17,0,75,,2380,26,0,15 7 16 3 17,0,5,,2395,26,0,15 7 16 3 17,0,30,,2381,26,0,15 7 16 3 17,0,75,,2382,26,0,15 7 16 3 17,0,80,,2383,26,0,15 7 16 3 17,0,44,,2384,26,0,15 7 16 3 17,0,70,,2385,26,0,15 7 16 3 17,0,30,,2386,26,0,15 7 16 3 17,0,70,,2387,26,0,15 7 16 3 17,0,30,,2388,26,0,15 7 16 3 17,0,85,,2389,26,0,15 7 16 3 17,0,70,,2390,26,0,15 7 16 3 17,0,30,,2391,26,0,15 7 16 3 17,0,70,,2392,26,0,15 7 16 3 17,0,30,,2393,26,0,15 7 16 3 17,0,70,,2394,26,0,15 7 16 3 17,0
301,'100018',744,,2399,26,0,15 7 16 3 17,0,100,,2400,26,0,15 7 16 3 17,0,100,,2401,26,0,15 7 16 3 17,0,101,,2402,26,0,15 7 16 3 17,0,100,,2403,26,0,15 7 16 3 17,0,155,,2404,26,0,15 7 16 3 17,0,100,,2405,26,0,15 7 16 3 17,0,100,,2406,26,0,15 7 16 3 17,0,100,,2407,26,0,15 7 16 3 17,0,115,,2396,26,0,15 7 16 3 17,0,100,,2397,26,0,15 7 16 3 17,0,100,,2398,26,0,15 7 16 3 17,0
400,'100014',746,,2408,26,,,0,70,,2421,26,,,0,30,,2409,26,,,0,70,,2422,26,,,0,30,,2410,26,,,0,70,,2423,26,,,0,30,,2411,26,,,0,70,,2424,26,,,0,30,,2412,26,,,0,70,,2425,26,,,0,85,,2413,26,,,0,30,,2426,26,,,0,70,,2414,26,,,0,30,,2427,26,,,0,70,,2415,26,,,0,30,,2428,26,,,0,70,,2416,26,,,0,45,,2429,26,,,0,70,,2417,26,,,0,30,,2430,26,,,0,70,,2418,26,,,0,30,,2420,26,,,0,70,,2419,26,,,0,30,,2431,26,,,0,70,,2432,26,,,0
400,'100015',746,,2433,26,,,0,70,,2446,26,,,0,30,,2434,26,,,0,70,,2447,26,,,0,30,,2435,26,,,0,70,,2448,26,,,0,30,,2436,26,,,0,70,,2449,26,,,0,30,,2437,26,,,0,70,,2450,26,,,0,85,,2438,26,,,0,30,,2451,26,,,0,70,,2439,26,,,0,30,,2452,26,,,0,70,,2440,26,,,0,30,,2453,26,,,0,70,,2441,26,,,0,45,,2454,26,,,0,70,,2442,26,,,0,30,,2455,26,,,0,70,,2443,26,,,0,30,,2445,26,,,0,70,,2444,26,,,0
400,'100016',539,,2485,26,,,0,70,,2464,26,,,0,30,,2456,26,,,0,17,,2483,26,,,0,53,,2465,26,,,0,30,,2457,26,,,0,70,,2466,26,,,0,40,,2458,26,,,0,69,,2484,26,,,0,31,,2459,26,,,0,70,,2480,26,,,0,30,,2460,26,,,0,70,,2481,26,,,0,30,,2461,26,,,0,70,,2482,26,,,0,38,,2462,26,,,0,75,,2487,26,,,0,75,,2463,26,,,0,35,,2467,26,,,0,75,,2486,26,,,0,35,,2468,26,,,0,75,,2469,26,,,0,80,,2475,26,,,0,44,,2470,26,,,0,70,,2476,26,,,0,30,,2471,26,,,0,70,,2477,26,,,0,30,,2472,26,,,0,85,,2478,26,,,0,70,,2473,26,,,0,30,,2479,26,,,0,70,,2474,26,,,0,30,,2488,26,,,0,70,,2489,26,,,0
400,'100017',539,,2519,26,,,0,70,,2498,26,,,0,30,,2490,26,,,0,17,,2517,26,,,0,53,,2499,26,,,0,30,,2491,26,,,0,70,,2500,26,,,0,40,,2492,26,,,0,69,,2518,26,,,0,31,,2493,26,,,0,70,,2514,26,,,0,30,,2494,26,,,0,70,,2515,26,,,0,30,,2495,26,,,0,70,,2516,26,,,0,38,,2496,26,,,0,75,,2521,26,,,0,75,,2497,26,,,0,35,,2501,26,,,0,75,,2520,26,,,0,35,,2502,26,,,0,75,,2503,26,,,0,80,,2509,26,,,0,44,,2504,26,,,0,70,,2510,26,,,0,30,,2505,26,,,0,70,,2511,26,,,0,30,,2506,26,,,0,85,,2512,26,,,0,70,,2507,26,,,0,30,,2513,26,,,0,70,,2508,26,,,0,30,,2522,26,,,0,70,,2523,26,,,0
400,'100018',746,,2524,26,,,0,70,,2525,26,,,0,30,,2526,26,,,0,70,,2527,26,,,0,30,,2528,26,,,0,70,,2529,26,,,0,30,,2530,26,,,0,70,,2531,26,,,0,30,,2532,26,,,0,70,,2533,26,,,0,85,,2534,26,,,0,30,,2535,26,,,0,70,,2536,26,,,0,30,,2537,26,,,0,70,,2538,26,,,0,30,,2539,26,,,0,70,,2540,26,,,0,45,,2542,26,,,0,70,,2543,26,,,0,30,,2544,26,,,0,70,,2545,26,,,0,30,,2546,26,,,0,70,,2541,26,,,0
5201,'100016',750,,3204,44,0,7 8 9,0
5400,'100016',747,,3209,44,0,7 18,0
