300,'100013',759,,2191,2,0,15 7 16 3 17,0,100,,2192,2,0,15 7 16 3 17,0,100,,2193,2,0,15 7 16 3 17,0,100,,2194,2,0,15 7 16 3 17,0,100,,2195,2,0,15 7 16 3 17,0,155,,2201,2,0,15 7 16 3 17,0,100,,2196,2,0,15 7 16 3 17,0,100,,2197,2,0,15 7 16 3 17,0,100,,2198,2,0,15 7 16 3 17,0,115,,2199,2,0,15 7 16 3 17,0,100,,2200,2,0,15 7 16 3 17,0,100,,2202,2,0,15 7 16 3 17,0
300,'100014',759,,2203,2,0,15 7 16 3 17,0,100,,2204,2,0,15 7 16 3 17,0,100,,2205,2,0,15 7 16 3 17,0,100,,2206,2,0,15 7 16 3 17,0,100,,2207,2,0,15 7 16 3 17,0,155,,2213,2,0,15 7 16 3 17,0,100,,2208,2,0,15 7 16 3 17,0,100,,2209,2,0,15 7 16 3 17,0,100,,2210,2,0,15 7 16 3 17,0,115,,2211,2,0,15 7 16 3 17,0,100,,2212,2,0,15 7 16 3 17,0
300,'100015',523,,2214,2,0,15 7 16 3 17,0,30,,2215,2,0,15 7 16 3 17,0,55,,2221,2,0,15 7 16 3 17,0,15,,2216,2,0,15 7 16 3 17,0,30,,2217,2,0,15 7 16 3 17,0,70,,2218,2,0,15 7 16 3 17,0,30,,2219,2,0,15 7 16 3 17,0,50,,2222,2,0,15 7 16 3 17,0,20,,2220,2,0,15 7 16 3 17,0,80,,2223,2,0,15 7 16 3 17,0,30,,2227,2,0,15 7 16 3 17,0,70,,2224,2,0,15 7 16 3 17,0,30,,2228,2,0,15 7 16 3 17,0,70,,2225,2,0,15 7 16 3 17,0,30,,2229,2,0,15 7 16 3 17,0,70,,2226,2,0,15 7 16 3 17,0,30,,2230,2,0,15 7 16 3 17,0,83,,2231,2,0,15 7 16 3 17,0,35,,2232,2,0,15 7 16 3 17,0,75,,2233,2,0,15 7 16 3 17,0,1,,2234,2,0,15 7 16 3 17,0,13,,2235,2,0,15 7 16 3 17,0,61,,2236,2,0,15 7 16 3 17,0,35,,2237,2,0,15 7 16 3 17,0,5,,2238,2,0,15 7 16 3 17,0,70,,2239,2,0,15 7 16 3 17,0,35,,2240,2,0,15 7 16 3 17,0,80,,2241,2,0,15 7 16 3 17,0,80,,2242,2,0,15 7 16 3 17,0,30,,2243,2,0,15 7 16 3 17,0,70,,2244,2,0,15 7 16 3 17,0,30,,2245,2,0,15 7 16 3 17,0,70,,2246,2,0,15 7 16 3 17,0,45,,2247,2,0,15 7 16 3 17,0,70,,2248,2,0,15 7 16 3 17,0,30,,2249,2,0,15 7 16 3 17,0,70,,2250,2,0,15 7 16 3 17,0
300,'100016',523,,2251,2,0,15 7 16 3 17,0,30,,2252,2,0,15 7 16 3 17,0,55,,2258,2,0,15 7 16 3 17,0,15,,2253,2,0,15 7 16 3 17,0,30,,2254,2,0,15 7 16 3 17,0,70,,2255,2,0,15 7 16 3 17,0,30,,2256,2,0,15 7 16 3 17,0,50,,2259,2,0,15 7 16 3 17,0,20,,2257,2,0,15 7 16 3 17,0,80,,2260,2,0,15 7 16 3 17,0,30,,2264,2,0,15 7 16 3 17,0,70,,2261,2,0,15 7 16 3 17,0,30,,2265,2,0,15 7 16 3 17,0,70,,2262,2,0,15 7 16 3 17,0,30,,2266,2,0,15 7 16 3 17,0,70,,2263,2,0,15 7 16 3 17,0,30,,2267,2,0,15 7 16 3 17,0,83,,2268,2,0,15 7 16 3 17,0,35,,2269,2,0,15 7 16 3 17,0,75,,2270,2,0,15 7 16 3 17,0,1,,2271,2,0,15 7 16 3 17,0,13,,2272,2,0,15 7 16 3 17,0,61,,2273,2,0,15 7 16 3 17,0,35,,2274,2,0,15 7 16 3 17,0,5,,2275,2,0,15 7 16 3 17,0,70,,2276,2,0,15 7 16 3 17,0,35,,2277,2,0,15 7 16 3 17,0,80,,2278,2,0,15 7 16 3 17,0,80,,2279,2,0,15 7 16 3 17,0,30,,2280,2,0,15 7 16 3 17,0,70,,2281,2,0,15 7 16 3 17,0,30,,2282,2,0,15 7 16 3 17,0,70,,2283,2,0,15 7 16 3 17,0,45,,2284,2,0,15 7 16 3 17,0,70,,2285,2,0,15 7 16 3 17,0,30,,2286,2,0,15 7 16 3 17,0,70,,2287,2,0,15 7 16 3 17,0
300,'100017',759,,2288,2,0,15 7 16 3 17,0,100,,2289,2,0,15 7 16 3 17,0,100,,2290,2,0,15 7 16 3 17,0,100,,2291,2,0,15 7 16 3 17,0,100,,2292,2,0,15 7 16 3 17,0,155,,2293,2,0,15 7 16 3 17,0,100,,2294,2,0,15 7 16 3 17,0,100,,2295,2,0,15 7 16 3 17,0,100,,2296,2,0,15 7 16 3 17,0,115,,2297,2,0,15 7 16 3 17,0,100,,2298,2,0,15 7 16 3 17,0
5300,'100015',813,,3206,29,,,0
5301,'100015',1545,,3208,22,,,0
1005300,'100015',752,,3336,4,,,0
1005300,'100016',752,,3337,4,,,0
1005301,'100015',1512,,3338,16,,,0
1005301,'100016',1512,,3339,16,,,0
