201,'100014',755,,3132,0,10 11,0,70,,3136,0,10 11,0,30,,3133,0,10 11,0,70,,3146,0,10 11,0,30,,3135,0,10 11,0,70,,3134,0,10 11,0,30,,3137,0,10 11,0,70,,3138,0,10 11,0,30,,3127,0,10 11,0,85,,3140,0,10 11,0,70,,3141,0,10 11,0,30,,3142,0,10 11,0,70,,3143,0,10 11,0,30,,3144,0,10 11,0,70,,3145,0,10 11,0,30,,3149,0,10 11,0,85,,3147,0,10 11,0,30,,3148,0,10 11,0,70,,3128,0,10 11,0,30,,3131,0,10 11,0,70,,3130,0,10 11,0,30,,3129,0,10 11,0,70,,3139,0,10 11,0,30,,3150,0,10 11,0
201,'100015',755,,3156,0,10 11,0,70,,3160,0,10 11,0,30,,3157,0,10 11,0,70,,3170,0,10 11,0,30,,3159,0,10 11,0,70,,3158,0,10 11,0,30,,3161,0,10 11,0,70,,3162,0,10 11,0,30,,3151,0,10 11,0,85,,3164,0,10 11,0,70,,3165,0,10 11,0,30,,3166,0,10 11,0,70,,3167,0,10 11,0,30,,3168,0,10 11,0,70,,3169,0,10 11,0,30,,3173,0,10 11,0,85,,3171,0,10 11,0,30,,3172,0,10 11,0,70,,3152,0,10 11,0,30,,3155,0,10 11,0,70,,3154,0,10 11,0,30,,3153,0,10 11,0,70,,3163,0,10 11,0
201,'100016',547,,3207,0,10 11,0,70,,3174,0,10 11,0,30,,3182,0,10 11,0,70,,3175,0,10 11,0,30,,3183,0,10 11,0,70,,3176,0,10 11,0,40,,3184,0,10 11,0,70,,3177,0,10 11,0,30,,3185,0,10 11,0,70,,3178,0,10 11,0,30,,3186,0,10 11,0,70,,3179,0,10 11,0,30,,3187,0,10 11,0,70,,3180,0,10 11,0,79,,3205,0,10 11,0,35,,3181,0,10 11,0,75,,3188,0,10 11,0,35,,3195,0,10 11,0,75,,3189,0,10 11,0,75,,3196,0,10 11,0,35,,3190,0,10 11,0,79,,3206,0,10 11,0,44,,3197,0,10 11,0,70,,3191,0,10 11,0,30,,3198,0,10 11,0,70,,3192,0,10 11,0,30,,3199,0,10 11,0,85,,3193,0,10 11,0,70,,3200,0,10 11,0,30,,3194,0,10 11,0,70,,3201,0,10 11,0,30,,3202,0,10 11,0,72,,3203,0,10 11,0
201,'100017',547,,3241,0,10 11,0,70,,3208,0,10 11,0,30,,3216,0,10 11,0,70,,3209,0,10 11,0,30,,3217,0,10 11,0,70,,3210,0,10 11,0,40,,3218,0,10 11,0,70,,3211,0,10 11,0,30,,3219,0,10 11,0,70,,3212,0,10 11,0,30,,3220,0,10 11,0,70,,3213,0,10 11,0,30,,3221,0,10 11,0,70,,3214,0,10 11,0,79,,3239,0,10 11,0,35,,3215,0,10 11,0,75,,3222,0,10 11,0,35,,3229,0,10 11,0,75,,3223,0,10 11,0,75,,3230,0,10 11,0,35,,3224,0,10 11,0,79,,3240,0,10 11,0,44,,3231,0,10 11,0,70,,3225,0,10 11,0,30,,3232,0,10 11,0,70,,3226,0,10 11,0,30,,3233,0,10 11,0,85,,3227,0,10 11,0,70,,3234,0,10 11,0,30,,3228,0,10 11,0,70,,3235,0,10 11,0,30,,3236,0,10 11,0,72,,3237,0,10 11,0
201,'100018',755,,3242,0,10 11,0,70,,3243,0,10 11,0,30,,3244,0,10 11,0,70,,3245,0,10 11,0,30,,3246,0,10 11,0,70,,3247,0,10 11,0,30,,3248,0,10 11,0,70,,3249,0,10 11,0,30,,3250,0,10 11,0,85,,3251,0,10 11,0,70,,3252,0,10 11,0,30,,3253,0,10 11,0,70,,3254,0,10 11,0,30,,3255,0,10 11,0,70,,3256,0,10 11,0,30,,3257,0,10 11,0,85,,3258,0,10 11,0,30,,3260,0,10 11,0,70,,3261,0,10 11,0,30,,3262,0,10 11,0,70,,3263,0,10 11,0,30,,3264,0,10 11,0,70,,3259,0,10 11,0
2100,'100014',832,,4037,,,0,75,,4030,,,0,35,,4038,,,0,75,,4031,,,0,35,,4047,,,0,75,,4046,,,0,75,,4039,,,0,35,,4032,,,0,75,,4040,,,0,35,,4033,,,0,75,,4041,,,0,35,,4034,,,0,75,,4048,,,0,75,,4045,,,0,35,,4042,,,0,75,,4035,,,0,35,,4043,,,0,80,,4036,,,0,75,,4044,,,0,35,,4029,,,0,110,,4049,,,0
2100,'100015',832,,4058,,,0,75,,4051,,,0,35,,4059,,,0,75,,4052,,,0,35,,4068,,,0,75,,4067,,,0,75,,4060,,,0,35,,4053,,,0,75,,4061,,,0,35,,4054,,,0,75,,4062,,,0,35,,4055,,,0,75,,4069,,,0,75,,4066,,,0,35,,4063,,,0,75,,4056,,,0,35,,4064,,,0,80,,4057,,,0,75,,4065,,,0,35,,4050,,,0
2100,'100016',653,,4084,,,0,75,,4070,,,0,75,,4085,,,0,35,,4071,,,0,75,,4086,,,0,34,,4072,,,0,75,,4087,,,0,35,,4073,,,0,75,,4088,,,0,75,,4074,,,0,38,,4089,,,0,75,,4075,,,0,35,,4090,,,0,75,,4076,,,0,75,,4091,,,0,35,,4077,,,0,76,,4092,,,0,34,,4078,,,0,75,,4093,,,0,79,,4079,,,0,37,,4094,,,0,73,,4080,,,0,39,,4095,,,0,71,,4081,,,0,79,,4096,,,0,40,,4082,,,0,70,,4083,,,0,30,,4097,,,0,70,,4098,,,0,30,,4099,,,0
2100,'100017',653,,4114,,,0,75,,4100,,,0,75,,4115,,,0,35,,4101,,,0,75,,4116,,,0,34,,4102,,,0,75,,4117,,,0,35,,4103,,,0,75,,4118,,,0,75,,4104,,,0,38,,4119,,,0,75,,4105,,,0,35,,4120,,,0,75,,4106,,,0,75,,4121,,,0,35,,4107,,,0,76,,4122,,,0,34,,4108,,,0,75,,4123,,,0,79,,4109,,,0,37,,4124,,,0,73,,4110,,,0,39,,4125,,,0,71,,4111,,,0,79,,4126,,,0,40,,4112,,,0,70,,4113,,,0,30,,4127,,,0,70,,4128,,,0,30,,4129,,,0
2100,'100018',832,,4130,,,0,75,,4131,,,0,35,,4132,,,0,75,,4133,,,0,35,,4134,,,0,75,,4135,,,0,75,,4136,,,0,35,,4137,,,0,75,,4138,,,0,35,,4139,,,0,75,,4140,,,0,35,,4141,,,0,75,,4142,,,0,75,,4143,,,0,35,,4144,,,0,75,,4145,,,0,35,,4146,,,0,80,,4147,,,0,75,,4148,,,0,35,,4149,,,0
