800,'100011',740,,2854,18,0,14 3 15 7 16,0,100,,2855,18,0,14 3 15 7 16,0,100,,2856,18,0,14 3 15 7 16,0,100,,2857,18,0,14 3 15 7 16,0,100,,2858,18,0,14 3 15 7 16,0,115,,2859,18,0,14 3 15 7 16,0,100,,2860,18,0,14 3 15 7 16,0,100,,2861,18,0,14 3 15 7 16,0,100,,2862,18,0,14 3 15 7 16,0,155,,2863,18,0,14 3 15 7 16,0,100,,2864,18,0,14 3 15 7 16,0,100,,2865,18,0,14 3 15 7 16,0,100,,2866,18,0,14 3 15 7 16,0
800,'100012',740,,2867,18,0,14 3 15 7 16,0,100,,2868,18,0,14 3 15 7 16,0,100,,2869,18,0,14 3 15 7 16,0,100,,2870,18,0,14 3 15 7 16,0,100,,2871,18,0,14 3 15 7 16,0,115,,2872,18,0,14 3 15 7 16,0,100,,2873,18,0,14 3 15 7 16,0,100,,2874,18,0,14 3 15 7 16,0,100,,2875,18,0,14 3 15 7 16,0,155,,2876,18,0,14 3 15 7 16,0,100,,2877,18,0,14 3 15 7 16,0,100,,2878,18,0,14 3 15 7 16,0
800,'100013',603,,2894,18,0,14 3 15 7 16,0,30,,2879,18,0,14 3 15 7 16,0,70,,2895,18,0,14 3 15 7 16,0,30,,2880,18,0,14 3 15 7 16,0,70,,2896,18,0,14 3 15 7 16,0,40,,2897,18,0,14 3 15 7 16,0,69,,2881,18,0,14 3 15 7 16,0,30,,2905,18,0,14 3 15 7 16,0,70,,2882,18,0,14 3 15 7 16,0,30,,2906,18,0,14 3 15 7 16,0,70,,2883,18,0,14 3 15 7 16,0,30,,2907,18,0,14 3 15 7 16,0,70,,2884,18,0,14 3 15 7 16,0,41,,2908,18,0,14 3 15 7 16,0,75,,2885,18,0,14 3 15 7 16,0,75,,2898,18,0,14 3 15 7 16,0,35,,2886,18,0,14 3 15 7 16,0,75,,2887,18,0,14 3 15 7 16,0,35,,2899,18,0,14 3 15 7 16,0,75,,2888,18,0,14 3 15 7 16,0,80,,2900,18,0,14 3 15 7 16,0,43,,2889,18,0,14 3 15 7 16,0,70,,2901,18,0,14 3 15 7 16,0,30,,2890,18,0,14 3 15 7 16,0,70,,2902,18,0,14 3 15 7 16,0,30,,2891,18,0,14 3 15 7 16,0,85,,2903,18,0,14 3 15 7 16,0,70,,2892,18,0,14 3 15 7 16,0,30,,2904,18,0,14 3 15 7 16,0,70,,2893,18,0,14 3 15 7 16,0,29,,2910,18,0,14 3 15 7 16,0,28,,2909,18,0,14 3 15 7 16,0
800,'100014',603,,2926,18,0,14 3 15 7 16,0,30,,2911,18,0,14 3 15 7 16,0,70,,2927,18,0,14 3 15 7 16,0,30,,2912,18,0,14 3 15 7 16,0,70,,2928,18,0,14 3 15 7 16,0,40,,2929,18,0,14 3 15 7 16,0,69,,2913,18,0,14 3 15 7 16,0,30,,2937,18,0,14 3 15 7 16,0,70,,2914,18,0,14 3 15 7 16,0,30,,2938,18,0,14 3 15 7 16,0,70,,2915,18,0,14 3 15 7 16,0,30,,2939,18,0,14 3 15 7 16,0,70,,2916,18,0,14 3 15 7 16,0,41,,2940,18,0,14 3 15 7 16,0,75,,2917,18,0,14 3 15 7 16,0,75,,2930,18,0,14 3 15 7 16,0,35,,2918,18,0,14 3 15 7 16,0,75,,2919,18,0,14 3 15 7 16,0,35,,2931,18,0,14 3 15 7 16,0,75,,2920,18,0,14 3 15 7 16,0,80,,2932,18,0,14 3 15 7 16,0,43,,2921,18,0,14 3 15 7 16,0,70,,2933,18,0,14 3 15 7 16,0,30,,2922,18,0,14 3 15 7 16,0,70,,2934,18,0,14 3 15 7 16,0,30,,2923,18,0,14 3 15 7 16,0,85,,2935,18,0,14 3 15 7 16,0,70,,2924,18,0,14 3 15 7 16,0,30,,2936,18,0,14 3 15 7 16,0,70,,2925,18,0,14 3 15 7 16,0,29,,2942,18,0,14 3 15 7 16,0,28,,2941,18,0,14 3 15 7 16,0
800,'100015',740,,2943,18,0,14 3 15 7 16,0,100,,2944,18,0,14 3 15 7 16,0,100,,2945,18,0,14 3 15 7 16,0,100,,2946,18,0,14 3 15 7 16,0,100,,2947,18,0,14 3 15 7 16,0,115,,2948,18,0,14 3 15 7 16,0,100,,2949,18,0,14 3 15 7 16,0,100,,2950,18,0,14 3 15 7 16,0,100,,2951,18,0,14 3 15 7 16,0,155,,2952,18,0,14 3 15 7 16,0,100,,2953,18,0,14 3 15 7 16,0,100,,2954,18,0,14 3 15 7 16,0
5000,'100013',750,,3197,16,0,7 8 9 10 11,0
5100,'100013',748,,3200,17,0,7 8 9 10 11,0
5101,'100013',1504,,3201,13,0,7 8 9 10 11,0
5300,'100013',827,,3206,50,,,0
1005301,'100013',1502,,3338,8,,,0
1005301,'100014',1502,,3339,8,,,0
