1000900,'100014',754,,4285,,,0,80,,4286,,,0,80,,4287,,,0,40,,4288,,,0,80,,4289,,,0,80,,4290,,,0,40,,4291,,,0,85,,4292,,,0,80,,4293,,,0,81,,4294,,,0,40,,4295,,,0,80,,4296,,,0,80,,4297,,,0,40,,4298,,,0,85,,4299,,,0,80,,4300,,,0,40,,4301,,,0,80,,4302,,,0,80,,4303,,,0
1000900,'100015',754,,4304,,,0,80,,4305,,,0,80,,4306,,,0,40,,4307,,,0,80,,4308,,,0,80,,4309,,,0,40,,4310,,,0,85,,4311,,,0,80,,4312,,,0,81,,4313,,,0,40,,4314,,,0,80,,4315,,,0,80,,4316,,,0,40,,4317,,,0,85,,4318,,,0,80,,4319,,,0,40,,4320,,,0,80,,4321,,,0
1000900,'100016',541,,4332,,,0,70,,4333,,,0,30,,4334,,,0,70,,4335,,,0,30,,4336,,,0,70,,4337,,,0,22,,4338,,,0,68,,4339,,,0,35,,4340,,,0,20,,4341,,,0,70,,4342,,,0,30,,4343,,,0,70,,4344,,,0,30,,4345,,,0,70,,4346,,,0,30,,4347,,,0,70,,4348,,,0,30,,4349,,,0,73,,4350,,,0,30,,4351,,,0,74,,4352,,,0,24,,4353,,,0,72,,4354,,,0,30,,4355,,,0,58,,4356,,,0,85,,4325,,,0,30,,4326,,,0,70,,4329,,,0,30,,4322,,,0,27,,4324,,,0,84,,4330,,,0,85,,4328,,,0,75,,4327,,,0,35,,4331,,,0,75,,4323,,,0
1000900,'100017',541,,4367,,,0,70,,4368,,,0,30,,4369,,,0,70,,4370,,,0,30,,4371,,,0,70,,4372,,,0,22,,4373,,,0,68,,4374,,,0,35,,4375,,,0,20,,4376,,,0,70,,4377,,,0,30,,4378,,,0,70,,4379,,,0,30,,4380,,,0,70,,4381,,,0,30,,4382,,,0,70,,4383,,,0,30,,4384,,,0,73,,4385,,,0,30,,4386,,,0,74,,4387,,,0,24,,4388,,,0,72,,4389,,,0,30,,4390,,,0,58,,4391,,,0,85,,4360,,,0,30,,4361,,,0,70,,4364,,,0,30,,4357,,,0,27,,4359,,,0,84,,4365,,,0,85,,4363,,,0,75,,4362,,,0,35,,4366,,,0,75,,4358,,,0
1000900,'100018',754,,4392,,,0,80,,4393,,,0,80,,4394,,,0,40,,4395,,,0,80,,4396,,,0,80,,4397,,,0,40,,4398,,,0,85,,4399,,,0,80,,4400,,,0,81,,4401,,,0,40,,4402,,,0,80,,4403,,,0,80,,4404,,,0,40,,4405,,,0,85,,4406,,,0,80,,4407,,,0,40,,4408,,,0,80,,4409,,,0
2000900,'100014',816,,4414,,,0,40,,4415,,,0,80,,4416,,,0,80,,4417,,,0,40,,4418,,,0,80,,4419,,,0,79,,4420,,,0,40,,4421,,,0,85,,4422,,,0,80,,4423,,,0,81,,4424,,,0,40,,4425,,,0,85,,4426,,,0,80,,4427,,,0,40,,4428,,,0,80,,4429,,,0,80,,4430,,,0,40,,4432,,,0,80,,4431,,,0
2000900,'100015',816,,4433,,,0,40,,4434,,,0,80,,4435,,,0,80,,4436,,,0,40,,4437,,,0,80,,4438,,,0,79,,4439,,,0,40,,4440,,,0,85,,4441,,,0,80,,4442,,,0,81,,4443,,,0,40,,4444,,,0,85,,4445,,,0,80,,4446,,,0,40,,4447,,,0,80,,4448,,,0,80,,4449,,,0
2000900,'100016',606,,4450,,,0,20,,4451,,,0,30,,4452,,,0,70,,4453,,,0,30,,4454,,,0,60,,4455,,,0,40,,4456,,,0,62,,4481,,,0,28,,4457,,,0,70,,4458,,,0,20,,4459,,,0,70,,4460,,,0,30,,4461,,,0,70,,4462,,,0,30,,4463,,,0,70,,4464,,,0,30,,4465,,,0,70,,4466,,,0,32,,4467,,,0,71,,4468,,,0,30,,4469,,,0,74,,4470,,,0,24,,4471,,,0,72,,4472,,,0,38,,4473,,,0,70,,4474,,,0,30,,4475,,,0,70,,4476,,,0,30,,4477,,,0,65,,4478,,,0,32,,4479,,,0,74,,4480,,,0,85,,4482,,,0,35,,4483,,,0,76,,4484,,,0
2000900,'100017',606,,4485,,,0,20,,4486,,,0,30,,4487,,,0,70,,4488,,,0,30,,4489,,,0,60,,4490,,,0,40,,4491,,,0,62,,4516,,,0,28,,4492,,,0,70,,4493,,,0,20,,4494,,,0,70,,4495,,,0,30,,4496,,,0,70,,4497,,,0,30,,4498,,,0,70,,4499,,,0,30,,4500,,,0,70,,4501,,,0,32,,4502,,,0,71,,4503,,,0,30,,4504,,,0,74,,4505,,,0,24,,4506,,,0,72,,4507,,,0,38,,4508,,,0,70,,4509,,,0,30,,4510,,,0,70,,4511,,,0,30,,4512,,,0,65,,4513,,,0,32,,4514,,,0,74,,4515,,,0,85,,4517,,,0,35,,4518,,,0,76,,4519,,,0
2000900,'100018',816,,4520,,,0,40,,4521,,,0,80,,4522,,,0,80,,4523,,,0,40,,4524,,,0,80,,4525,,,0,79,,4526,,,0,40,,4527,,,0,85,,4528,,,0,80,,4529,,,0,81,,4530,,,0,40,,4531,,,0,85,,4532,,,0,80,,4533,,,0,40,,4534,,,0,80,,4535,,,0,80,,4536,,,0
