500,'100014',820,,3933,39,,,0,100,,3934,39,,,0,100,,3935,39,,,0,100,,3936,39,,,0,100,,3937,39,,,0,115,,3938,39,,,0,100,,3939,39,,,0,100,,3940,39,,,0,115,,3941,39,,,0,100,,3942,39,,,0,100,,3943,39,,,0
500,'100015',820,,3944,39,,,0,100,,3945,39,,,0,100,,3946,39,,,0,100,,3947,39,,,0,100,,3948,39,,,0,115,,3949,39,,,0,100,,3950,39,,,0,100,,3951,39,,,0,115,,3952,39,,,0,100,,3953,39,,,0,100,,3954,39,,,0
500,'100016',612,,3955,39,,,0,30,,3971,39,,,0,70,,3956,39,,,0,30,,3972,39,,,0,70,,3957,39,,,0,40,,3958,39,,,0,70,,3980,39,,,0,30,,3959,39,,,0,70,,3983,39,,,0,30,,3960,39,,,0,70,,3982,39,,,0,30,,3961,39,,,0,70,,3984,39,,,0,82,,3962,39,,,0,35,,3981,39,,,0,75,,3963,39,,,0,35,,3973,39,,,0,75,,3964,39,,,0,35,,3974,39,,,0,75,,3965,39,,,0,80,,3966,39,,,0,41,,3975,39,,,0,70,,3967,39,,,0,30,,3976,39,,,0,70,,3968,39,,,0,30,,3977,39,,,0,85,,3969,39,,,0,70,,3978,39,,,0,30,,3970,39,,,0,70,,3979,39,,,0,30,,3985,39,,,0,70,,3986,39,,,0
700,'100014',822,,4046,36,,,0,100,,4047,36,,,0,100,,4048,36,,,0,100,,4049,36,,,0,100,,4050,36,,,0,115,,4051,36,,,0,100,,4052,36,,,0,100,,4053,36,,,0,115,,4054,36,,,0,100,,4055,36,,,0,100,,4056,36,,,0
700,'100015',822,,4057,36,,,0,100,,4058,36,,,0,100,,4059,36,,,0,100,,4060,36,,,0,100,,4061,36,,,0,115,,4062,36,,,0,100,,4063,36,,,0,100,,4064,36,,,0,115,,4065,36,,,0,100,,4066,36,,,0,100,,4067,36,,,0
700,'100016',545,,4068,36,,,0,70,,4078,36,,,0,30,,4069,36,,,0,58,,4096,36,,,0,12,,4079,36,,,0,30,,4070,36,,,0,70,,4080,36,,,0,40,,4089,36,,,0,70,,4071,36,,,0,30,,4090,36,,,0,70,,4072,36,,,0,30,,4097,36,,,0,70,,4073,36,,,0,30,,4098,36,,,0,70,,4074,36,,,0,83,,4099,36,,,0,35,,4075,36,,,0,75,,4081,36,,,0,35,,4076,36,,,0,75,,4082,36,,,0,75,,4077,36,,,0,35,,4083,36,,,0,80,,4084,36,,,0,40,,4091,36,,,0,70,,4085,36,,,0,30,,4092,36,,,0,70,,4086,36,,,0,30,,4093,36,,,0,86,,4087,36,,,0,70,,4094,36,,,0,30,,4088,36,,,0,70,,4095,36,,,0,30,,4100,36,,,0,70,,4101,36,,,0
1000900,'100014',758,,4298,29,,,0,80,,4299,29,,,0,80,,4300,29,,,0,40,,4301,29,,,0,80,,4302,29,,,0,81,,4303,29,,,0,40,,4304,29,,,0,85,,4305,29,,,0,80,,4306,29,,,0,81,,4307,29,,,0,40,,4308,29,,,0,80,,4309,29,,,0,80,,4310,29,,,0,40,,4311,29,,,0,85,,4312,29,,,0,80,,4313,29,,,0,40,,4314,29,,,0,80,,4315,29,,,0
1000900,'100015',758,,4316,29,,,0,80,,4317,29,,,0,80,,4318,29,,,0,40,,4319,29,,,0,80,,4320,29,,,0,81,,4321,29,,,0,40,,4322,29,,,0,85,,4323,29,,,0,80,,4324,29,,,0,81,,4325,29,,,0,40,,4326,29,,,0,80,,4327,29,,,0,80,,4328,29,,,0,40,,4329,29,,,0,85,,4330,29,,,0,80,,4331,29,,,0,40,,4332,29,,,0,80,,4333,29,,,0
1000900,'100016',545,,4344,29,,,0,70,,4345,29,,,0,30,,4346,29,,,0,70,,4347,29,,,0,30,,4348,29,,,0,70,,4349,29,,,0,22,,4350,29,,,0,68,,4351,29,,,0,35,,4352,29,,,0,60,,4353,29,,,0,30,,4354,29,,,0,70,,4355,29,,,0,30,,4356,29,,,0,70,,4357,29,,,0,30,,4358,29,,,0,70,,4359,29,,,0,30,,4360,29,,,0,70,,4361,29,,,0,34,,4362,29,,,0,70,,4363,29,,,0,34,,4364,29,,,0,64,,4365,29,,,0,32,,4366,29,,,0,70,,4367,29,,,0,18,,4368,29,,,0,85,,4337,29,,,0,30,,4338,29,,,0,70,,4341,29,,,0,30,,4334,29,,,0,67,,4336,29,,,0,43,,4342,29,,,0,85,,4340,29,,,0,75,,4339,29,,,0,35,,4343,29,,,0,75,,4335,29,,,0
2000900,'100014',820,,4369,27,,,0,80,,4370,27,,,0,40,,4371,27,,,0,80,,4372,27,,,0,80,,4373,27,,,0,40,,4374,27,,,0,80,,4375,27,,,0,80,,4376,27,,,0,45,,4377,27,,,0,80,,4378,27,,,0,81,,4379,27,,,0,40,,4380,27,,,0,85,,4381,27,,,0,80,,4382,27,,,0,40,,4383,27,,,0,80,,4384,27,,,0,80,,4385,27,,,0
2000900,'100015',820,,4386,27,,,0,80,,4387,27,,,0,40,,4388,27,,,0,80,,4389,27,,,0,80,,4390,27,,,0,40,,4391,27,,,0,80,,4392,27,,,0,80,,4393,27,,,0,45,,4394,27,,,0,80,,4395,27,,,0,81,,4396,27,,,0,40,,4397,27,,,0,85,,4398,27,,,0,80,,4399,27,,,0,40,,4400,27,,,0,80,,4401,27,,,0,80,,4402,27,,,0
2000900,'100016',610,,4403,27,,,0,20,,4404,27,,,0,70,,4405,27,,,0,30,,4406,27,,,0,70,,4407,27,,,0,20,,4408,27,,,0,80,,4409,27,,,0,22,,4434,27,,,0,28,,4410,27,,,0,70,,4411,27,,,0,20,,4412,27,,,0,70,,4413,27,,,0,30,,4414,27,,,0,70,,4415,27,,,0,30,,4416,27,,,0,70,,4417,27,,,0,30,,4418,27,,,0,70,,4419,27,,,0,33,,4420,27,,,0,71,,4421,27,,,0,30,,4422,27,,,0,74,,4423,27,,,0,24,,4424,27,,,0,72,,4425,27,,,0,38,,4426,27,,,0,70,,4427,27,,,0,30,,4428,27,,,0,70,,4429,27,,,0,30,,4430,27,,,0,65,,4431,27,,,0,31,,4432,27,,,0,74,,4433,27,,,0,85,,4435,27,,,0,35,,4436,27,,,0,76,,4437,27,,,0
