300,'100014',801,,3265,0,19 5 20 3 21,0,100,,3266,0,19 5 20 3 21,0,100,,3267,0,19 5 20 3 21,0,100,,3268,0,19 5 20 3 21,0,100,,3269,0,19 5 20 3 21,0,115,,3275,0,19 5 20 3 21,0,100,,3270,0,19 5 20 3 21,0,100,,3271,0,19 5 20 3 21,0,100,,3272,0,19 5 20 3 21,0,115,,3273,0,19 5 20 3 21,0,100,,3274,0,19 5 20 3 21,0,100,,3276,0,19 5 20 3 21,0
300,'100015',801,,3277,0,19 5 20 3 21,0,100,,3278,0,19 5 20 3 21,0,100,,3279,0,19 5 20 3 21,0,100,,3280,0,19 5 20 3 21,0,100,,3281,0,19 5 20 3 21,0,115,,3287,0,19 5 20 3 21,0,100,,3282,0,19 5 20 3 21,0,100,,3283,0,19 5 20 3 21,0,100,,3284,0,19 5 20 3 21,0,115,,3285,0,19 5 20 3 21,0,100,,3286,0,19 5 20 3 21,0
300,'100016',525,,3288,0,19 5 20 3 21,0,30,,3289,0,19 5 20 3 21,0,55,,3295,0,19 5 20 3 21,0,15,,3290,0,19 5 20 3 21,0,30,,3291,0,19 5 20 3 21,0,70,,3292,0,19 5 20 3 21,0,30,,3293,0,19 5 20 3 21,0,50,,3296,0,19 5 20 3 21,0,20,,3294,0,19 5 20 3 21,0,80,,3297,0,19 5 20 3 21,0,30,,3301,0,19 5 20 3 21,0,70,,3298,0,19 5 20 3 21,0,30,,3302,0,19 5 20 3 21,0,70,,3299,0,19 5 20 3 21,0,30,,3303,0,19 5 20 3 21,0,71,,3300,0,19 5 20 3 21,0,30,,3304,0,19 5 20 3 21,0,83,,3305,0,19 5 20 3 21,0,35,,3306,0,19 5 20 3 21,0,75,,3307,0,19 5 20 3 21,0,1,,3308,0,19 5 20 3 21,0,13,,3309,0,19 5 20 3 21,0,61,,3310,0,19 5 20 3 21,0,35,,3311,0,19 5 20 3 21,0,5,,3312,0,19 5 20 3 21,0,70,,3313,0,19 5 20 3 21,0,35,,3314,0,19 5 20 3 21,0,80,,3315,0,19 5 20 3 21,0,79,,3316,0,19 5 20 3 21,0,30,,3317,0,19 5 20 3 21,0,70,,3318,0,19 5 20 3 21,0,30,,3319,0,19 5 20 3 21,0,70,,3320,0,19 5 20 3 21,0,45,,3321,0,19 5 20 3 21,0,70,,3322,0,19 5 20 3 21,0,30,,3323,0,19 5 20 3 21,0,70,,3324,0,19 5 20 3 21,0
300,'100017',525,,3325,0,19 5 20 3 21,0,30,,3326,0,19 5 20 3 21,0,55,,3332,0,19 5 20 3 21,0,15,,3327,0,19 5 20 3 21,0,30,,3328,0,19 5 20 3 21,0,70,,3329,0,19 5 20 3 21,0,30,,3330,0,19 5 20 3 21,0,50,,3333,0,19 5 20 3 21,0,20,,3331,0,19 5 20 3 21,0,80,,3334,0,19 5 20 3 21,0,30,,3338,0,19 5 20 3 21,0,70,,3335,0,19 5 20 3 21,0,30,,3339,0,19 5 20 3 21,0,70,,3336,0,19 5 20 3 21,0,30,,3340,0,19 5 20 3 21,0,71,,3337,0,19 5 20 3 21,0,30,,3341,0,19 5 20 3 21,0,83,,3342,0,19 5 20 3 21,0,35,,3343,0,19 5 20 3 21,0,75,,3344,0,19 5 20 3 21,0,1,,3345,0,19 5 20 3 21,0,13,,3346,0,19 5 20 3 21,0,61,,3347,0,19 5 20 3 21,0,35,,3348,0,19 5 20 3 21,0,5,,3349,0,19 5 20 3 21,0,70,,3350,0,19 5 20 3 21,0,35,,3351,0,19 5 20 3 21,0,80,,3352,0,19 5 20 3 21,0,79,,3353,0,19 5 20 3 21,0,30,,3354,0,19 5 20 3 21,0,70,,3355,0,19 5 20 3 21,0,30,,3356,0,19 5 20 3 21,0,70,,3357,0,19 5 20 3 21,0,45,,3358,0,19 5 20 3 21,0,70,,3359,0,19 5 20 3 21,0,30,,3360,0,19 5 20 3 21,0,70,,3361,0,19 5 20 3 21,0
300,'100018',801,,3362,0,19 5 20 3 21,0,100,,3363,0,19 5 20 3 21,0,100,,3364,0,19 5 20 3 21,0,100,,3365,0,19 5 20 3 21,0,100,,3366,0,19 5 20 3 21,0,115,,3367,0,19 5 20 3 21,0,100,,3368,0,19 5 20 3 21,0,100,,3369,0,19 5 20 3 21,0,100,,3370,0,19 5 20 3 21,0,115,,3371,0,19 5 20 3 21,0,100,,3372,0,19 5 20 3 21,0
800,'100014',741,,3928,,,0,100,,3929,,,0,100,,3930,,,0,100,,3931,,,0,100,,3932,,,0,115,,3933,,,0,100,,3934,,,0,100,,3935,,,0,100,,3936,,,0,155,,3937,,,0,100,,3938,,,0,100,,3939,,,0,100,,3940,,,0
800,'100015',741,,3941,,,0,100,,3942,,,0,100,,3943,,,0,100,,3944,,,0,100,,3945,,,0,115,,3946,,,0,100,,3947,,,0,100,,3948,,,0,100,,3949,,,0,155,,3950,,,0,100,,3951,,,0,100,,3952,,,0
800,'100016',605,,3968,,,0,30,,3953,,,0,70,,3969,,,0,30,,3954,,,0,70,,3970,,,0,40,,3971,,,0,69,,3955,,,0,30,,3979,,,0,70,,3956,,,0,30,,3980,,,0,70,,3957,,,0,30,,3981,,,0,70,,3958,,,0,41,,3982,,,0,75,,3959,,,0,75,,3972,,,0,35,,3960,,,0,75,,3961,,,0,35,,3973,,,0,75,,3962,,,0,80,,3974,,,0,43,,3963,,,0,70,,3975,,,0,30,,3964,,,0,70,,3976,,,0,30,,3965,,,0,85,,3977,,,0,70,,3966,,,0,30,,3978,,,0,70,,3967,,,0,28,,3984,,,0,28,,3983,,,0
800,'100017',605,,4000,,,0,30,,3985,,,0,70,,4001,,,0,30,,3986,,,0,70,,4002,,,0,40,,4003,,,0,69,,3987,,,0,30,,4011,,,0,70,,3988,,,0,30,,4012,,,0,70,,3989,,,0,30,,4013,,,0,70,,3990,,,0,41,,4014,,,0,75,,3991,,,0,75,,4004,,,0,35,,3992,,,0,75,,3993,,,0,35,,4005,,,0,75,,3994,,,0,80,,4006,,,0,43,,3995,,,0,70,,4007,,,0,30,,3996,,,0,70,,4008,,,0,30,,3997,,,0,85,,4009,,,0,70,,3998,,,0,30,,4010,,,0,70,,3999,,,0,28,,4016,,,0,28,,4015,,,0
800,'100018',741,,4017,,,0,100,,4018,,,0,100,,4019,,,0,100,,4020,,,0,100,,4021,,,0,115,,4022,,,0,100,,4023,,,0,100,,4024,,,0,100,,4025,,,0,155,,4026,,,0,100,,4027,,,0,100,,4028,,,0
5000,'100016',754,2,4271,,,0
5100,'100016',752,2,4274,0,10 35,0
5200,'100016',1434,,4277,0,10 11,0
5201,'100016',1526,18,4279,0,10 11,0
5300,'100016',817,,4280,,,0
5301,'100016',1549,,4282,,,0
