200,'100014',743,,3011,4,,0,70,,3010,4,,0,30,,2989,4,,0,70,,2988,4,,0,30,,2990,4,,0,70,,2991,4,,0,30,,2992,4,,0,70,,2993,4,,0,30,,2994,4,,0,70,,2995,4,,0,45,,2996,4,,0,70,,2997,4,,0,30,,2998,4,,0,70,,2999,4,,0,30,,3000,4,,0,70,,3001,4,,0,30,,3002,4,,0,85,,3003,4,,0,70,,3004,4,,0,30,,3005,4,,0,70,,3006,4,,0,30,,3007,4,,0,70,,3008,4,,0,30,,3009,4,,0,70,,3012,4,,0
200,'100015',743,,3036,4,,0,70,,3035,4,,0,30,,3014,4,,0,70,,3013,4,,0,30,,3015,4,,0,70,,3016,4,,0,30,,3017,4,,0,70,,3018,4,,0,30,,3019,4,,0,70,,3020,4,,0,45,,3021,4,,0,70,,3022,4,,0,30,,3023,4,,0,70,,3024,4,,0,30,,3025,4,,0,70,,3026,4,,0,30,,3027,4,,0,85,,3028,4,,0,70,,3029,4,,0,30,,3030,4,,0,70,,3031,4,,0,30,,3032,4,,0,70,,3033,4,,0,30,,3034,4,,0
200,'100016',605,,3037,4,,0,30,,3046,4,,0,70,,3038,4,,0,30,,3047,4,,0,70,,3039,4,,0,40,,3048,4,,0,70,,3040,4,,0,30,,3049,4,,0,70,,3041,4,,0,30,,3050,4,,0,70,,3042,4,,0,30,,3051,4,,0,70,,3043,4,,0,30,,3052,4,,0,85,,3044,4,,0,75,,3053,4,,0,35,,3045,4,,0,75,,3054,4,,0,35,,3062,4,,0,75,,3055,4,,0,75,,3063,4,,0,49,,3056,4,,0,70,,3057,4,,0,30,,3064,4,,0,70,,3058,4,,0,30,,3065,4,,0,85,,3059,4,,0,70,,3066,4,,0,30,,3060,4,,0,70,,3067,4,,0,30,,3061,4,,0,70,,3068,4,,0,32,,3069,4,,0
200,'100017',605,,3070,4,,0,30,,3079,4,,0,70,,3071,4,,0,30,,3080,4,,0,70,,3072,4,,0,40,,3081,4,,0,70,,3073,4,,0,30,,3082,4,,0,70,,3074,4,,0,30,,3083,4,,0,70,,3075,4,,0,30,,3084,4,,0,70,,3076,4,,0,30,,3085,4,,0,85,,3077,4,,0,75,,3086,4,,0,35,,3078,4,,0,75,,3087,4,,0,35,,3095,4,,0,75,,3088,4,,0,75,,3096,4,,0,49,,3089,4,,0,70,,3090,4,,0,30,,3097,4,,0,70,,3091,4,,0,30,,3098,4,,0,85,,3092,4,,0,70,,3099,4,,0,30,,3093,4,,0,70,,3100,4,,0,30,,3094,4,,0,70,,3101,4,,0,32,,3102,4,,0
200,'100018',743,,3126,4,,0,70,,3103,4,,0,30,,3104,4,,0,70,,3105,4,,0,30,,3106,4,,0,70,,3107,4,,0,30,,3108,4,,0,70,,3109,4,,0,30,,3110,4,,0,70,,3111,4,,0,45,,3112,4,,0,70,,3113,4,,0,30,,3114,4,,0,70,,3115,4,,0,30,,3116,4,,0,70,,3117,4,,0,30,,3118,4,,0,85,,3119,4,,0,70,,3121,4,,0,30,,3122,4,,0,70,,3123,4,,0,30,,3124,4,,0,70,,3125,4,,0,30,,3120,4,,0
201,'100014',743,,3132,0,10 11,0,70,,3136,0,10 11,0,30,,3133,0,10 11,0,70,,3146,0,10 11,0,30,,3135,0,10 11,0,70,,3134,0,10 11,0,30,,3137,0,10 11,0,70,,3138,0,10 11,0,30,,3127,0,10 11,0,85,,3140,0,10 11,0,30,,3141,0,10 11,0,70,,3142,0,10 11,0,30,,3143,0,10 11,0,70,,3144,0,10 11,0,30,,3145,0,10 11,0,70,,3149,0,10 11,0,85,,3147,0,10 11,0,30,,3148,0,10 11,0,70,,3128,0,10 11,0,30,,3131,0,10 11,0,70,,3130,0,10 11,0,30,,3129,0,10 11,0,70,,3139,0,10 11,0,30,,3150,0,10 11,0
201,'100015',743,,3156,0,10 11,0,70,,3160,0,10 11,0,30,,3157,0,10 11,0,70,,3170,0,10 11,0,30,,3159,0,10 11,0,70,,3158,0,10 11,0,30,,3161,0,10 11,0,70,,3162,0,10 11,0,30,,3151,0,10 11,0,85,,3164,0,10 11,0,30,,3165,0,10 11,0,70,,3166,0,10 11,0,30,,3167,0,10 11,0,70,,3168,0,10 11,0,30,,3169,0,10 11,0,70,,3173,0,10 11,0,85,,3171,0,10 11,0,30,,3172,0,10 11,0,70,,3152,0,10 11,0,30,,3155,0,10 11,0,70,,3154,0,10 11,0,30,,3153,0,10 11,0,70,,3163,0,10 11,0
201,'100016',535,,3207,0,10 11,0,70,,3174,0,10 11,0,30,,3182,0,10 11,0,70,,3175,0,10 11,0,30,,3183,0,10 11,0,70,,3176,0,10 11,0,40,,3184,0,10 11,0,70,,3177,0,10 11,0,30,,3185,0,10 11,0,70,,3178,0,10 11,0,30,,3186,0,10 11,0,70,,3179,0,10 11,0,30,,3187,0,10 11,0,70,,3180,0,10 11,0,40,,3205,0,10 11,0,75,,3181,0,10 11,0,75,,3188,0,10 11,0,35,,3195,0,10 11,0,75,,3189,0,10 11,0,35,,3196,0,10 11,0,75,,3190,0,10 11,0,80,,3206,0,10 11,0,44,,3197,0,10 11,0,70,,3191,0,10 11,0,30,,3198,0,10 11,0,70,,3192,0,10 11,0,30,,3199,0,10 11,0,85,,3193,0,10 11,0,70,,3200,0,10 11,0,30,,3194,0,10 11,0,70,,3201,0,10 11,0,30,,3202,0,10 11,0,72,,3203,0,10 11,0
201,'100017',535,,3241,0,10 11,0,70,,3208,0,10 11,0,30,,3216,0,10 11,0,70,,3209,0,10 11,0,30,,3217,0,10 11,0,70,,3210,0,10 11,0,40,,3218,0,10 11,0,70,,3211,0,10 11,0,30,,3219,0,10 11,0,70,,3212,0,10 11,0,30,,3220,0,10 11,0,70,,3213,0,10 11,0,30,,3221,0,10 11,0,70,,3214,0,10 11,0,40,,3239,0,10 11,0,75,,3215,0,10 11,0,75,,3222,0,10 11,0,35,,3229,0,10 11,0,75,,3223,0,10 11,0,35,,3230,0,10 11,0,75,,3224,0,10 11,0,80,,3240,0,10 11,0,44,,3231,0,10 11,0,70,,3225,0,10 11,0,30,,3232,0,10 11,0,70,,3226,0,10 11,0,30,,3233,0,10 11,0,85,,3227,0,10 11,0,70,,3234,0,10 11,0,30,,3228,0,10 11,0,70,,3235,0,10 11,0,30,,3236,0,10 11,0,72,,3237,0,10 11,0
201,'100018',743,,3242,0,10 11,0,70,,3243,0,10 11,0,30,,3244,0,10 11,0,70,,3245,0,10 11,0,30,,3246,0,10 11,0,70,,3247,0,10 11,0,30,,3248,0,10 11,0,70,,3249,0,10 11,0,30,,3250,0,10 11,0,85,,3251,0,10 11,0,30,,3252,0,10 11,0,70,,3253,0,10 11,0,30,,3254,0,10 11,0,70,,3255,0,10 11,0,30,,3256,0,10 11,0,70,,3257,0,10 11,0,85,,3258,0,10 11,0,30,,3260,0,10 11,0,70,,3261,0,10 11,0,30,,3262,0,10 11,0,70,,3263,0,10 11,0,30,,3264,0,10 11,0,70,,3259,0,10 11,0
