400,'100011',752,,2408,36,,,0,70,,2421,36,,,0,30,,2409,36,,,0,70,,2422,36,,,0,30,,2410,36,,,0,70,,2423,36,,,0,30,,2411,36,,,0,70,,2424,36,,,0,30,,2412,36,,,0,70,,2425,36,,,0,85,,2413,36,,,0,30,,2426,36,,,0,70,,2414,36,,,0,30,,2427,36,,,0,70,,2415,36,,,0,30,,2428,36,,,0,70,,2416,36,,,0,45,,2429,36,,,0,70,,2417,36,,,0,30,,2430,36,,,0,70,,2418,36,,,0,30,,2420,36,,,0,70,,2419,36,,,0,30,,2431,36,,,0,70,,2432,36,,,0
400,'100012',752,,2433,36,,,0,70,,2446,36,,,0,30,,2434,36,,,0,70,,2447,36,,,0,30,,2435,36,,,0,70,,2448,36,,,0,30,,2436,36,,,0,70,,2449,36,,,0,30,,2437,36,,,0,70,,2450,36,,,0,85,,2438,36,,,0,30,,2451,36,,,0,70,,2439,36,,,0,30,,2452,36,,,0,70,,2440,36,,,0,30,,2453,36,,,0,70,,2441,36,,,0,45,,2454,36,,,0,70,,2442,36,,,0,30,,2455,36,,,0,70,,2443,36,,,0,30,,2445,36,,,0,70,,2444,36,,,0
400,'100013',545,,2485,36,,,0,70,,2464,36,,,0,30,,2456,36,,,0,57,,2483,36,,,0,13,,2465,36,,,0,30,,2457,36,,,0,70,,2466,36,,,0,40,,2458,36,,,0,69,,2484,36,,,0,31,,2459,36,,,0,70,,2480,36,,,0,30,,2460,36,,,0,70,,2481,36,,,0,30,,2461,36,,,0,70,,2482,36,,,0,79,,2462,36,,,0,35,,2487,36,,,0,75,,2463,36,,,0,35,,2467,36,,,0,75,,2486,36,,,0,35,,2468,36,,,0,75,,2469,36,,,0,80,,2475,36,,,0,43,,2470,36,,,0,70,,2476,36,,,0,30,,2471,36,,,0,70,,2477,36,,,0,30,,2472,36,,,0,85,,2478,36,,,0,70,,2473,36,,,0,30,,2479,36,,,0,70,,2474,36,,,0,30,,2488,36,,,0,70,,2489,36,,,0
400,'100014',545,,2519,36,,,0,70,,2498,36,,,0,30,,2490,36,,,0,57,,2517,36,,,0,13,,2499,36,,,0,30,,2491,36,,,0,70,,2500,36,,,0,40,,2492,36,,,0,69,,2518,36,,,0,31,,2493,36,,,0,70,,2514,36,,,0,30,,2494,36,,,0,70,,2515,36,,,0,30,,2495,36,,,0,70,,2516,36,,,0,79,,2496,36,,,0,35,,2521,36,,,0,75,,2497,36,,,0,35,,2501,36,,,0,75,,2520,36,,,0,35,,2502,36,,,0,75,,2503,36,,,0,80,,2509,36,,,0,43,,2504,36,,,0,70,,2510,36,,,0,30,,2505,36,,,0,70,,2511,36,,,0,30,,2506,36,,,0,85,,2512,36,,,0,70,,2507,36,,,0,30,,2513,36,,,0,70,,2508,36,,,0,30,,2522,36,,,0,70,,2523,36,,,0
400,'100015',752,,2524,36,,,0,70,,2525,36,,,0,30,,2526,36,,,0,70,,2527,36,,,0,30,,2528,36,,,0,70,,2529,36,,,0,30,,2530,36,,,0,70,,2531,36,,,0,30,,2532,36,,,0,70,,2533,36,,,0,85,,2534,36,,,0,30,,2535,36,,,0,70,,2536,36,,,0,30,,2537,36,,,0,70,,2538,36,,,0,30,,2539,36,,,0,70,,2540,36,,,0,45,,2542,36,,,0,70,,2543,36,,,0,30,,2544,36,,,0,70,,2545,36,,,0,30,,2546,36,,,0,70,,2541,36,,,0
800,'100011',752,,2854,37,,,0,100,,2855,37,,,0,100,,2856,37,,,0,100,,2857,37,,,0,100,,2858,37,,,0,155,,2859,37,,,0,100,,2860,37,,,0,100,,2861,37,,,0,100,,2862,37,,,0,115,,2863,37,,,0,100,,2864,37,,,0,100,,2865,37,,,0,100,,2866,37,,,0
800,'100012',752,,2867,37,,,0,100,,2868,37,,,0,100,,2869,37,,,0,100,,2870,37,,,0,100,,2871,37,,,0,155,,2872,37,,,0,100,,2873,37,,,0,100,,2874,37,,,0,100,,2875,37,,,0,115,,2876,37,,,0,100,,2877,37,,,0,100,,2878,37,,,0
800,'100013',616,,2894,37,,,0,30,,2879,37,,,0,70,,2895,37,,,0,30,,2880,37,,,0,70,,2896,37,,,0,40,,2897,37,,,0,69,,2881,37,,,0,30,,2905,37,,,0,70,,2882,37,,,0,30,,2906,37,,,0,70,,2883,37,,,0,30,,2907,37,,,0,70,,2884,37,,,0,82,,2908,37,,,0,35,,2885,37,,,0,75,,2898,37,,,0,35,,2886,37,,,0,75,,2887,37,,,0,75,,2899,37,,,0,35,,2888,37,,,0,80,,2900,37,,,0,41,,2889,37,,,0,70,,2901,37,,,0,30,,2890,37,,,0,70,,2902,37,,,0,30,,2891,37,,,0,85,,2903,37,,,0,70,,2892,37,,,0,30,,2904,37,,,0,70,,2893,37,,,0,29,,2910,37,,,0,68,,2909,37,,,0
800,'100014',616,,2926,37,,,0,30,,2911,37,,,0,70,,2927,37,,,0,30,,2912,37,,,0,70,,2928,37,,,0,40,,2929,37,,,0,69,,2913,37,,,0,30,,2937,37,,,0,70,,2914,37,,,0,30,,2938,37,,,0,70,,2915,37,,,0,30,,2939,37,,,0,70,,2916,37,,,0,82,,2940,37,,,0,35,,2917,37,,,0,75,,2930,37,,,0,35,,2918,37,,,0,75,,2919,37,,,0,75,,2931,37,,,0,35,,2920,37,,,0,80,,2932,37,,,0,41,,2921,37,,,0,70,,2933,37,,,0,30,,2922,37,,,0,70,,2934,37,,,0,30,,2923,37,,,0,85,,2935,37,,,0,70,,2924,37,,,0,30,,2936,37,,,0,70,,2925,37,,,0,29,,2942,37,,,0,68,,2941,37,,,0
800,'100015',752,,2943,37,,,0,100,,2944,37,,,0,100,,2945,37,,,0,100,,2946,37,,,0,100,,2947,37,,,0,155,,2948,37,,,0,100,,2949,37,,,0,100,,2950,37,,,0,100,,2951,37,,,0,115,,2952,37,,,0,100,,2953,37,,,0,100,,2954,37,,,0
5201,'100013',1535,,3205,23,0,5 6,0
5401,'100013',1454,,3210,20,0,7 18,0
