301,'100013',744,,2302,27,0,15 7 16 3 17,0,100,,2303,27,0,15 7 16 3 17,0,100,,2304,27,0,15 7 16 3 17,0,101,,2305,27,0,15 7 16 3 17,0,100,,2306,27,0,15 7 16 3 17,0,155,,2307,27,0,15 7 16 3 17,0,100,,2308,27,0,15 7 16 3 17,0,100,,2309,27,0,15 7 16 3 17,0,100,,2310,27,0,15 7 16 3 17,0,115,,2301,27,0,15 7 16 3 17,0,100,,2299,27,0,15 7 16 3 17,0,100,,2300,27,0,15 7 16 3 17,0,100,,2311,27,0,15 7 16 3 17,0
301,'100014',744,,2315,27,0,15 7 16 3 17,0,100,,2316,27,0,15 7 16 3 17,0,100,,2317,27,0,15 7 16 3 17,0,101,,2318,27,0,15 7 16 3 17,0,100,,2319,27,0,15 7 16 3 17,0,155,,2320,27,0,15 7 16 3 17,0,100,,2321,27,0,15 7 16 3 17,0,100,,2322,27,0,15 7 16 3 17,0,100,,2323,27,0,15 7 16 3 17,0,115,,2314,27,0,15 7 16 3 17,0,100,,2312,27,0,15 7 16 3 17,0,100,,2313,27,0,15 7 16 3 17,0
301,'100015',539,,2324,27,0,15 7 16 3 17,0,70,,2325,27,0,15 7 16 3 17,0,30,,2326,27,0,15 7 16 3 17,0,70,,2327,27,0,15 7 16 3 17,0,30,,2328,27,0,15 7 16 3 17,0,10,,2329,27,0,15 7 16 3 17,0,60,,2334,27,0,15 7 16 3 17,0,40,,2330,27,0,15 7 16 3 17,0,70,,2335,27,0,15 7 16 3 17,0,30,,2331,27,0,15 7 16 3 17,0,70,,2336,27,0,15 7 16 3 17,0,30,,2332,27,0,15 7 16 3 17,0,70,,2337,27,0,15 7 16 3 17,0,30,,2333,27,0,15 7 16 3 17,0,70,,2338,27,0,15 7 16 3 17,0,40,,2339,27,0,15 7 16 3 17,0,75,,2340,27,0,15 7 16 3 17,0,75,,2341,27,0,15 7 16 3 17,0,14,,2342,27,0,15 7 16 3 17,0,21,,2343,27,0,15 7 16 3 17,0,75,,2344,27,0,15 7 16 3 17,0,5,,2359,27,0,15 7 16 3 17,0,30,,2345,27,0,15 7 16 3 17,0,75,,2346,27,0,15 7 16 3 17,0,80,,2347,27,0,15 7 16 3 17,0,43,,2348,27,0,15 7 16 3 17,0,70,,2349,27,0,15 7 16 3 17,0,30,,2350,27,0,15 7 16 3 17,0,70,,2351,27,0,15 7 16 3 17,0,30,,2352,27,0,15 7 16 3 17,0,85,,2353,27,0,15 7 16 3 17,0,70,,2354,27,0,15 7 16 3 17,0,30,,2355,27,0,15 7 16 3 17,0,70,,2356,27,0,15 7 16 3 17,0,30,,2357,27,0,15 7 16 3 17,0,70,,2358,27,0,15 7 16 3 17,0
301,'100016',539,,2360,27,0,15 7 16 3 17,0,70,,2361,27,0,15 7 16 3 17,0,30,,2362,27,0,15 7 16 3 17,0,70,,2363,27,0,15 7 16 3 17,0,30,,2364,27,0,15 7 16 3 17,0,10,,2365,27,0,15 7 16 3 17,0,60,,2370,27,0,15 7 16 3 17,0,40,,2366,27,0,15 7 16 3 17,0,70,,2371,27,0,15 7 16 3 17,0,30,,2367,27,0,15 7 16 3 17,0,70,,2372,27,0,15 7 16 3 17,0,30,,2368,27,0,15 7 16 3 17,0,70,,2373,27,0,15 7 16 3 17,0,30,,2369,27,0,15 7 16 3 17,0,70,,2374,27,0,15 7 16 3 17,0,40,,2375,27,0,15 7 16 3 17,0,75,,2376,27,0,15 7 16 3 17,0,75,,2377,27,0,15 7 16 3 17,0,14,,2378,27,0,15 7 16 3 17,0,21,,2379,27,0,15 7 16 3 17,0,75,,2380,27,0,15 7 16 3 17,0,5,,2395,27,0,15 7 16 3 17,0,30,,2381,27,0,15 7 16 3 17,0,75,,2382,27,0,15 7 16 3 17,0,80,,2383,27,0,15 7 16 3 17,0,43,,2384,27,0,15 7 16 3 17,0,70,,2385,27,0,15 7 16 3 17,0,30,,2386,27,0,15 7 16 3 17,0,70,,2387,27,0,15 7 16 3 17,0,30,,2388,27,0,15 7 16 3 17,0,85,,2389,27,0,15 7 16 3 17,0,70,,2390,27,0,15 7 16 3 17,0,30,,2391,27,0,15 7 16 3 17,0,70,,2392,27,0,15 7 16 3 17,0,30,,2393,27,0,15 7 16 3 17,0,70,,2394,27,0,15 7 16 3 17,0
301,'100017',744,,2399,27,0,15 7 16 3 17,0,100,,2400,27,0,15 7 16 3 17,0,100,,2401,27,0,15 7 16 3 17,0,101,,2402,27,0,15 7 16 3 17,0,100,,2403,27,0,15 7 16 3 17,0,155,,2404,27,0,15 7 16 3 17,0,100,,2405,27,0,15 7 16 3 17,0,100,,2406,27,0,15 7 16 3 17,0,100,,2407,27,0,15 7 16 3 17,0,115,,2396,27,0,15 7 16 3 17,0,100,,2397,27,0,15 7 16 3 17,0,100,,2398,27,0,15 7 16 3 17,0
400,'100013',747,,2408,27,,,0,70,,2421,27,,,0,30,,2409,27,,,0,70,,2422,27,,,0,30,,2410,27,,,0,70,,2423,27,,,0,30,,2411,27,,,0,70,,2424,27,,,0,30,,2412,27,,,0,70,,2425,27,,,0,85,,2413,27,,,0,30,,2426,27,,,0,70,,2414,27,,,0,30,,2427,27,,,0,70,,2415,27,,,0,30,,2428,27,,,0,70,,2416,27,,,0,45,,2429,27,,,0,70,,2417,27,,,0,30,,2430,27,,,0,70,,2418,27,,,0,30,,2420,27,,,0,70,,2419,27,,,0,30,,2431,27,,,0,70,,2432,27,,,0
400,'100014',747,,2433,27,,,0,70,,2446,27,,,0,30,,2434,27,,,0,70,,2447,27,,,0,30,,2435,27,,,0,70,,2448,27,,,0,30,,2436,27,,,0,70,,2449,27,,,0,30,,2437,27,,,0,70,,2450,27,,,0,85,,2438,27,,,0,30,,2451,27,,,0,70,,2439,27,,,0,30,,2452,27,,,0,70,,2440,27,,,0,30,,2453,27,,,0,70,,2441,27,,,0,45,,2454,27,,,0,70,,2442,27,,,0,30,,2455,27,,,0,70,,2443,27,,,0,30,,2445,27,,,0,70,,2444,27,,,0
400,'100015',540,,2485,27,,,0,70,,2464,27,,,0,30,,2456,27,,,0,17,,2483,27,,,0,53,,2465,27,,,0,30,,2457,27,,,0,70,,2466,27,,,0,40,,2458,27,,,0,69,,2484,27,,,0,31,,2459,27,,,0,70,,2480,27,,,0,30,,2460,27,,,0,70,,2481,27,,,0,30,,2461,27,,,0,70,,2482,27,,,0,38,,2462,27,,,0,75,,2487,27,,,0,75,,2463,27,,,0,35,,2467,27,,,0,75,,2486,27,,,0,35,,2468,27,,,0,75,,2469,27,,,0,80,,2475,27,,,0,44,,2470,27,,,0,70,,2476,27,,,0,30,,2471,27,,,0,70,,2477,27,,,0,30,,2472,27,,,0,85,,2478,27,,,0,70,,2473,27,,,0,30,,2479,27,,,0,70,,2474,27,,,0,30,,2488,27,,,0,70,,2489,27,,,0
400,'100016',540,,2519,27,,,0,70,,2498,27,,,0,30,,2490,27,,,0,17,,2517,27,,,0,53,,2499,27,,,0,30,,2491,27,,,0,70,,2500,27,,,0,40,,2492,27,,,0,69,,2518,27,,,0,31,,2493,27,,,0,70,,2514,27,,,0,30,,2494,27,,,0,70,,2515,27,,,0,30,,2495,27,,,0,70,,2516,27,,,0,38,,2496,27,,,0,75,,2521,27,,,0,75,,2497,27,,,0,35,,2501,27,,,0,75,,2520,27,,,0,35,,2502,27,,,0,75,,2503,27,,,0,80,,2509,27,,,0,44,,2504,27,,,0,70,,2510,27,,,0,30,,2505,27,,,0,70,,2511,27,,,0,30,,2506,27,,,0,85,,2512,27,,,0,70,,2507,27,,,0,30,,2513,27,,,0,70,,2508,27,,,0,30,,2522,27,,,0,70,,2523,27,,,0
400,'100017',747,,2524,27,,,0,70,,2525,27,,,0,30,,2526,27,,,0,70,,2527,27,,,0,30,,2528,27,,,0,70,,2529,27,,,0,30,,2530,27,,,0,70,,2531,27,,,0,30,,2532,27,,,0,70,,2533,27,,,0,85,,2534,27,,,0,30,,2535,27,,,0,70,,2536,27,,,0,30,,2537,27,,,0,70,,2538,27,,,0,30,,2539,27,,,0,70,,2540,27,,,0,45,,2542,27,,,0,70,,2543,27,,,0,30,,2544,27,,,0,70,,2545,27,,,0,30,,2546,27,,,0,70,,2541,27,,,0
5201,'100015',751,,3204,45,0,7 8 9,0
5400,'100015',748,,3209,45,0,7 18,0
