500,'100015',819,,3933,37,,,0,100,,3934,37,,,0,100,,3935,37,,,0,100,,3936,37,,,0,100,,3937,37,,,0,115,,3938,37,,,0,100,,3939,37,,,0,100,,3940,37,,,0,115,,3941,37,,,0,100,,3942,37,,,0,100,,3943,37,,,0
500,'100016',819,,3944,37,,,0,100,,3945,37,,,0,100,,3946,37,,,0,100,,3947,37,,,0,100,,3948,37,,,0,115,,3949,37,,,0,100,,3950,37,,,0,100,,3951,37,,,0,115,,3952,37,,,0,100,,3953,37,,,0,100,,3954,37,,,0
500,'100017',611,,3955,37,,,0,30,,3971,37,,,0,70,,3956,37,,,0,30,,3972,37,,,0,70,,3957,37,,,0,40,,3958,37,,,0,70,,3980,37,,,0,30,,3959,37,,,0,70,,3983,37,,,0,30,,3960,37,,,0,70,,3982,37,,,0,30,,3961,37,,,0,70,,3984,37,,,0,82,,3962,37,,,0,35,,3981,37,,,0,75,,3963,37,,,0,35,,3973,37,,,0,75,,3964,37,,,0,35,,3974,37,,,0,75,,3965,37,,,0,80,,3966,37,,,0,41,,3975,37,,,0,70,,3967,37,,,0,30,,3976,37,,,0,70,,3968,37,,,0,30,,3977,37,,,0,85,,3969,37,,,0,70,,3978,37,,,0,30,,3970,37,,,0,70,,3979,37,,,0,30,,3985,37,,,0,70,,3986,37,,,0
700,'100015',821,,4046,34,,,0,100,,4047,34,,,0,100,,4048,34,,,0,100,,4049,34,,,0,100,,4050,34,,,0,115,,4051,34,,,0,100,,4052,34,,,0,100,,4053,34,,,0,115,,4054,34,,,0,100,,4055,34,,,0,100,,4056,34,,,0
700,'100016',821,,4057,34,,,0,100,,4058,34,,,0,100,,4059,34,,,0,100,,4060,34,,,0,100,,4061,34,,,0,115,,4062,34,,,0,100,,4063,34,,,0,100,,4064,34,,,0,115,,4065,34,,,0,100,,4066,34,,,0,100,,4067,34,,,0
700,'100017',544,,4068,34,,,0,70,,4078,34,,,0,30,,4069,34,,,0,58,,4096,34,,,0,12,,4079,34,,,0,30,,4070,34,,,0,70,,4080,34,,,0,40,,4089,34,,,0,70,,4071,34,,,0,30,,4090,34,,,0,70,,4072,34,,,0,30,,4097,34,,,0,70,,4073,34,,,0,30,,4098,34,,,0,70,,4074,34,,,0,83,,4099,34,,,0,35,,4075,34,,,0,75,,4081,34,,,0,35,,4076,34,,,0,75,,4082,34,,,0,75,,4077,34,,,0,35,,4083,34,,,0,80,,4084,34,,,0,40,,4091,34,,,0,70,,4085,34,,,0,30,,4092,34,,,0,70,,4086,34,,,0,30,,4093,34,,,0,86,,4087,34,,,0,70,,4094,34,,,0,30,,4088,34,,,0,70,,4095,34,,,0,30,,4100,34,,,0,70,,4101,34,,,0
1000900,'100015',757,,4298,27,,,0,80,,4299,27,,,0,80,,4300,27,,,0,40,,4301,27,,,0,80,,4302,27,,,0,80,,4303,27,,,0,40,,4304,27,,,0,85,,4305,27,,,0,80,,4306,27,,,0,81,,4307,27,,,0,40,,4308,27,,,0,80,,4309,27,,,0,80,,4310,27,,,0,40,,4311,27,,,0,85,,4312,27,,,0,80,,4313,27,,,0,40,,4314,27,,,0,80,,4315,27,,,0
1000900,'100016',757,,4316,27,,,0,80,,4317,27,,,0,80,,4318,27,,,0,40,,4319,27,,,0,80,,4320,27,,,0,80,,4321,27,,,0,40,,4322,27,,,0,85,,4323,27,,,0,80,,4324,27,,,0,81,,4325,27,,,0,40,,4326,27,,,0,80,,4327,27,,,0,80,,4328,27,,,0,40,,4329,27,,,0,85,,4330,27,,,0,80,,4331,27,,,0,40,,4332,27,,,0,80,,4333,27,,,0
1000900,'100017',544,,4344,27,,,0,70,,4345,27,,,0,30,,4346,27,,,0,70,,4347,27,,,0,30,,4348,27,,,0,70,,4349,27,,,0,22,,4350,27,,,0,68,,4351,27,,,0,35,,4352,27,,,0,20,,4353,27,,,0,70,,4354,27,,,0,30,,4355,27,,,0,70,,4356,27,,,0,30,,4357,27,,,0,70,,4358,27,,,0,30,,4359,27,,,0,70,,4360,27,,,0,30,,4361,27,,,0,73,,4362,27,,,0,70,,4363,27,,,0,34,,4364,27,,,0,64,,4365,27,,,0,32,,4366,27,,,0,70,,4367,27,,,0,18,,4368,27,,,0,85,,4337,27,,,0,30,,4338,27,,,0,70,,4341,27,,,0,30,,4334,27,,,0,67,,4336,27,,,0,44,,4342,27,,,0,85,,4340,27,,,0,75,,4339,27,,,0,35,,4343,27,,,0,75,,4335,27,,,0
2000900,'100015',819,,4369,25,,,0,40,,4370,25,,,0,80,,4371,25,,,0,80,,4372,25,,,0,40,,4373,25,,,0,80,,4374,25,,,0,79,,4375,25,,,0,40,,4376,25,,,0,85,,4377,25,,,0,80,,4378,25,,,0,81,,4379,25,,,0,40,,4380,25,,,0,85,,4381,25,,,0,80,,4382,25,,,0,40,,4383,25,,,0,80,,4384,25,,,0,80,,4385,25,,,0
2000900,'100016',819,,4386,25,,,0,40,,4387,25,,,0,80,,4388,25,,,0,80,,4389,25,,,0,40,,4390,25,,,0,80,,4391,25,,,0,79,,4392,25,,,0,40,,4393,25,,,0,85,,4394,25,,,0,80,,4395,25,,,0,81,,4396,25,,,0,40,,4397,25,,,0,85,,4398,25,,,0,80,,4399,25,,,0,40,,4400,25,,,0,80,,4401,25,,,0,80,,4402,25,,,0
2000900,'100017',609,,4403,25,,,0,20,,4404,25,,,0,30,,4405,25,,,0,70,,4406,25,,,0,30,,4407,25,,,0,60,,4408,25,,,0,40,,4409,25,,,0,62,,4434,25,,,0,28,,4410,25,,,0,70,,4411,25,,,0,20,,4412,25,,,0,70,,4413,25,,,0,30,,4414,25,,,0,70,,4415,25,,,0,30,,4416,25,,,0,70,,4417,25,,,0,30,,4418,25,,,0,70,,4419,25,,,0,32,,4420,25,,,0,71,,4421,25,,,0,30,,4422,25,,,0,74,,4423,25,,,0,24,,4424,25,,,0,72,,4425,25,,,0,38,,4426,25,,,0,70,,4427,25,,,0,30,,4428,25,,,0,70,,4429,25,,,0,30,,4430,25,,,0,65,,4431,25,,,0,32,,4432,25,,,0,74,,4433,25,,,0,85,,4435,25,,,0,35,,4436,25,,,0,76,,4437,25,,,0
