200,'100011',720,,1937,15,0,5 6,0,30,,1936,15,0,5 6,0,70,,1915,15,0,5 6,0,30,,1914,15,0,5 6,0,70,,1916,15,0,5 6,0,30,,1917,15,0,5 6,0,70,,1918,15,0,5 6,0,30,,1919,15,0,5 6,0,70,,1920,15,0,5 6,0,30,,1921,15,0,5 6,0,85,,1922,15,0,5 6,0,70,,1923,15,0,5 6,0,30,,1924,15,0,5 6,0,70,,1925,15,0,5 6,0,30,,1926,15,0,5 6,0,70,,1927,15,0,5 6,0,30,,1928,15,0,5 6,0,85,,1929,15,0,5 6,0,30,,1930,15,0,5 6,0,70,,1931,15,0,5 6,0,30,,1932,15,0,5 6,0,70,,1933,15,0,5 6,0,30,,1934,15,0,5 6,0,70,,1935,15,0,5 6,0,30,,1938,15,0,5 6,0
200,'100012',720,,1962,15,0,5 6,0,30,,1961,15,0,5 6,0,70,,1940,15,0,5 6,0,30,,1939,15,0,5 6,0,70,,1941,15,0,5 6,0,30,,1942,15,0,5 6,0,70,,1943,15,0,5 6,0,30,,1944,15,0,5 6,0,70,,1945,15,0,5 6,0,30,,1946,15,0,5 6,0,85,,1947,15,0,5 6,0,70,,1948,15,0,5 6,0,30,,1949,15,0,5 6,0,70,,1950,15,0,5 6,0,30,,1951,15,0,5 6,0,70,,1952,15,0,5 6,0,30,,1953,15,0,5 6,0,85,,1954,15,0,5 6,0,30,,1955,15,0,5 6,0,70,,1956,15,0,5 6,0,30,,1957,15,0,5 6,0,70,,1958,15,0,5 6,0,30,,1959,15,0,5 6,0,70,,1960,15,0,5 6,0
200,'100013',542,,1963,15,0,5 6,0,70,,1972,15,0,5 6,0,30,,1964,15,0,5 6,0,70,,1973,15,0,5 6,0,30,,1965,15,0,5 6,0,70,,1974,15,0,5 6,0,40,,1966,15,0,5 6,0,70,,1975,15,0,5 6,0,30,,1967,15,0,5 6,0,70,,1976,15,0,5 6,0,30,,1968,15,0,5 6,0,70,,1977,15,0,5 6,0,30,,1969,15,0,5 6,0,70,,1978,15,0,5 6,0,82,,1970,15,0,5 6,0,35,,1979,15,0,5 6,0,75,,1971,15,0,5 6,0,35,,1980,15,0,5 6,0,75,,1988,15,0,5 6,0,35,,1981,15,0,5 6,0,75,,1989,15,0,5 6,0,80,,1982,15,0,5 6,0,41,,1983,15,0,5 6,0,70,,1990,15,0,5 6,0,30,,1984,15,0,5 6,0,70,,1991,15,0,5 6,0,30,,1985,15,0,5 6,0,85,,1992,15,0,5 6,0,70,,1986,15,0,5 6,0,30,,1993,15,0,5 6,0,70,,1987,15,0,5 6,0,30,,1994,15,0,5 6,0,70,,1995,15,0,5 6,0
200,'100014',542,,1996,15,0,5 6,0,70,,2005,15,0,5 6,0,30,,1997,15,0,5 6,0,70,,2006,15,0,5 6,0,30,,1998,15,0,5 6,0,70,,2007,15,0,5 6,0,40,,1999,15,0,5 6,0,70,,2008,15,0,5 6,0,30,,2000,15,0,5 6,0,70,,2009,15,0,5 6,0,30,,2001,15,0,5 6,0,70,,2010,15,0,5 6,0,30,,2002,15,0,5 6,0,70,,2011,15,0,5 6,0,82,,2003,15,0,5 6,0,35,,2012,15,0,5 6,0,75,,2004,15,0,5 6,0,35,,2013,15,0,5 6,0,75,,2021,15,0,5 6,0,35,,2014,15,0,5 6,0,75,,2022,15,0,5 6,0,80,,2015,15,0,5 6,0,41,,2016,15,0,5 6,0,70,,2023,15,0,5 6,0,30,,2017,15,0,5 6,0,70,,2024,15,0,5 6,0,30,,2018,15,0,5 6,0,85,,2025,15,0,5 6,0,70,,2019,15,0,5 6,0,30,,2026,15,0,5 6,0,70,,2020,15,0,5 6,0,30,,2027,15,0,5 6,0,70,,2028,15,0,5 6,0
200,'100015',720,,2052,15,0,5 6,0,30,,2029,15,0,5 6,0,70,,2030,15,0,5 6,0,30,,2031,15,0,5 6,0,70,,2032,15,0,5 6,0,30,,2033,15,0,5 6,0,70,,2034,15,0,5 6,0,30,,2035,15,0,5 6,0,70,,2036,15,0,5 6,0,30,,2037,15,0,5 6,0,85,,2038,15,0,5 6,0,70,,2039,15,0,5 6,0,30,,2040,15,0,5 6,0,70,,2041,15,0,5 6,0,30,,2042,15,0,5 6,0,70,,2043,15,0,5 6,0,30,,2044,15,0,5 6,0,85,,2045,15,0,5 6,0,30,,2047,15,0,5 6,0,70,,2048,15,0,5 6,0,30,,2049,15,0,5 6,0,70,,2050,15,0,5 6,0,30,,2051,15,0,5 6,0,70,,2046,15,0,5 6,0
600,'100011',751,,2645,31,,,0,100,,2646,31,,,0,100,,2647,31,,,0,100,,2648,31,,,0,100,,2649,31,,,0,155,,2650,31,,,0,100,,2651,31,,,0,100,,2652,31,,,0,100,,2653,31,,,0,115,,2654,31,,,0,100,,2655,31,,,0,100,,2656,31,,,0,100,,2657,31,,,0
600,'100012',751,,2658,31,,,0,100,,2659,31,,,0,100,,2660,31,,,0,100,,2661,31,,,0,100,,2662,31,,,0,155,,2663,31,,,0,100,,2664,31,,,0,100,,2665,31,,,0,100,,2666,31,,,0,115,,2667,31,,,0,100,,2668,31,,,0,100,,2669,31,,,0
600,'100013',544,,2680,31,,,0,70,,2670,31,,,0,18,,2698,31,,,0,12,,2681,31,,,0,70,,2671,31,,,0,17,,2699,31,,,0,13,,2682,31,,,0,70,,2672,31,,,0,39,,2673,31,,,0,70,,2690,31,,,0,30,,2674,31,,,0,70,,2691,31,,,0,30,,2675,31,,,0,70,,2700,31,,,0,30,,2676,31,,,0,70,,2701,31,,,0,82,,2677,31,,,0,35,,2702,31,,,0,75,,2678,31,,,0,35,,2683,31,,,0,75,,2679,31,,,0,75,,2692,31,,,0,35,,2684,31,,,0,80,,2693,31,,,0,41,,2685,31,,,0,70,,2694,31,,,0,30,,2686,31,,,0,70,,2695,31,,,0,30,,2687,31,,,0,86,,2696,31,,,0,70,,2688,31,,,0,30,,2697,31,,,0,70,,2689,31,,,0,30,,2704,31,,,0,70,,2703,31,,,0
600,'100014',544,,2715,31,,,0,70,,2705,31,,,0,18,,2733,31,,,0,12,,2716,31,,,0,70,,2706,31,,,0,17,,2734,31,,,0,13,,2717,31,,,0,70,,2707,31,,,0,39,,2708,31,,,0,70,,2725,31,,,0,30,,2709,31,,,0,70,,2726,31,,,0,30,,2710,31,,,0,70,,2735,31,,,0,30,,2711,31,,,0,70,,2736,31,,,0,82,,2712,31,,,0,35,,2737,31,,,0,75,,2713,31,,,0,35,,2718,31,,,0,75,,2714,31,,,0,75,,2727,31,,,0,35,,2719,31,,,0,80,,2728,31,,,0,41,,2720,31,,,0,70,,2729,31,,,0,30,,2721,31,,,0,70,,2730,31,,,0,30,,2722,31,,,0,86,,2731,31,,,0,70,,2723,31,,,0,30,,2732,31,,,0,70,,2724,31,,,0,30,,2739,31,,,0,70,,2738,31,,,0
600,'100015',751,,2740,31,,,0,100,,2741,31,,,0,100,,2742,31,,,0,100,,2743,31,,,0,100,,2744,31,,,0,155,,2745,31,,,0,100,,2746,31,,,0,100,,2747,31,,,0,100,,2748,31,,,0,115,,2749,31,,,0,100,,2750,31,,,0,100,,2751,31,,,0
5301,'100013',1600,,3208,47,,,0
1005300,'100013',805,,3336,26,,,0
1005300,'100014',805,,3337,26,,,0
