100,'100014',853,,3428,26,,,0,100,,3429,26,,,0,100,,3430,26,,,0,100,,3431,26,,,0,100,,3432,26,,,0,100,,3433,26,,,0,100,,3434,26,,,0,100,,3435,26,,,0,100,,3436,26,,,0,100,,3437,26,,,0,100,,3438,26,,,0,100,,3439,26,,,0
100,'100015',823,,3453,26,,,0,30,,3440,26,,,0,70,,3463,26,,,0,30,,3441,26,,,0,70,,3454,26,,,0,30,,3442,26,,,0,70,,3455,26,,,0,30,,3444,26,,,0,70,,3456,26,,,0,30,,3443,26,,,0,70,,3457,26,,,0,30,,3445,26,,,0,70,,3458,26,,,0,30,,3446,26,,,0,70,,3459,26,,,0,30,,3447,26,,,0,70,,3460,26,,,0,30,,3448,26,,,0,70,,3461,26,,,0,30,,3449,26,,,0,70,,3462,26,,,0,30,,3450,26,,,0,70,,3452,26,,,0,30,,3451,26,,,0
100,'100016',615,,3464,26,,,0,30,,3469,26,,,0,70,,3465,26,,,0,30,,3482,26,,,0,70,,3466,26,,,0,30,,3470,26,,,0,80,,3467,26,,,0,28,,3483,26,,,0,70,,3468,26,,,0,30,,3471,26,,,0,70,,3480,26,,,0,30,,3484,26,,,0,70,,3481,26,,,0,31,,3472,26,,,0,70,,3479,26,,,0,30,,3485,26,,,0,70,,3473,26,,,0,80,,3494,26,,,0,20,,3487,26,,,0,78,,3493,26,,,0,30,,3486,26,,,0,70,,3492,26,,,0,30,,3474,26,,,0,68,,3491,26,,,0,30,,3475,26,,,0,70,,3490,26,,,0,30,,3476,26,,,0,70,,3489,26,,,0,40,,3477,26,,,0,70,,3488,26,,,0,30,,3478,26,,,0,70,,3496,26,,,0,27,,3495,26,,,0,69,,3497,26,,,0
200,'100014',727,,3591,24,0,5 6,0,30,,3569,24,0,5 6,0,70,,3570,24,0,5 6,0,30,,3571,24,0,5 6,0,70,,3572,24,0,5 6,0,30,,3573,24,0,5 6,0,70,,3574,24,0,5 6,0,30,,3575,24,0,5 6,0,70,,3576,24,0,5 6,0,30,,3577,24,0,5 6,0,70,,3578,24,0,5 31,0,85,,3579,24,0,5 6,0,30,,3580,24,0,5 6,0,70,,3581,24,0,5 6,0,30,,3582,24,0,5 6,0,70,,3583,24,0,5 6,0,30,,3584,24,0,5 6,0,70,,3594,24,0,5 31,0,45,,3586,24,0,5 6,0,70,,3587,24,0,5 6,0,30,,3588,24,0,5 6,0,70,,3589,24,0,5 6,0,30,,3590,24,0,5 6,0,70,,3585,24,0,5 6,0
200,'100015',727,,3616,24,0,5 6,0,30,,3615,24,0,5 6,0,70,,3596,24,0,5 6,0,30,,3595,24,0,5 6,0,70,,3597,24,0,5 6,0,30,,3598,24,0,5 6,0,70,,3599,24,0,5 6,0,30,,3600,24,0,5 6,0,70,,3601,24,0,5 6,0,30,,3602,24,0,5 6,0,70,,3619,24,0,5 31,0,85,,3603,24,0,5 6,0,30,,3604,24,0,5 6,0,70,,3605,24,0,5 6,0,30,,3606,24,0,5 6,0,70,,3607,24,0,5 6,0,30,,3608,24,0,5 6,0,70,,3617,24,0,5 31,0,45,,3609,24,0,5 6,0,70,,3610,24,0,5 6,0,30,,3611,24,0,5 6,0,70,,3612,24,0,5 6,0,30,,3613,24,0,5 6,0,70,,3614,24,0,5 6,0
200,'100016',549,,3621,24,0,5 6,0,70,,3630,24,0,5 6,0,30,,3622,24,0,5 6,0,70,,3631,24,0,5 6,0,30,,3623,24,0,5 6,0,70,,3632,24,0,5 6,0,40,,3624,24,0,5 6,0,70,,3633,24,0,5 6,0,30,,3625,24,0,5 6,0,70,,3634,24,0,5 6,0,30,,3626,24,0,5 6,0,70,,3635,24,0,5 6,0,30,,3627,24,0,5 6,0,70,,3636,24,0,5 31,0,83,,3628,24,0,5 6,0,35,,3637,24,0,5 6,0,75,,3629,24,0,5 6,0,35,,3638,24,0,5 6,0,75,,3646,24,0,5 6,0,75,,3639,24,0,5 6,0,35,,3647,24,0,5 6,0,80,,3640,24,0,5 6,0,80,,3641,24,0,5 6,0,30,,3648,24,0,5 6,0,70,,3642,24,0,5 6,0,30,,3649,24,0,5 6,0,70,,3643,24,0,5 6,0,45,,3650,24,0,5 6,0,70,,3644,24,0,5 6,0,30,,3651,24,0,5 6,0,70,,3645,24,0,5 6,0,30,,3652,24,0,5 6,0,70,,3653,24,0,5 6,0
201,'100014',758,,3655,17,0,5 6,0,70,,3656,17,0,5 6,0,30,,3657,17,0,5 6,0,70,,3658,17,0,5 6,0,30,,3659,17,0,5 6,0,70,,3660,17,0,5 6,0,30,,3661,17,0,5 6,0,70,,3662,17,0,5 6,0,30,,3663,17,0,5 6,0,70,,3664,17,0,5 6,0,85,,3665,17,0,5 6,0,30,,3666,17,0,5 6,0,70,,3667,17,0,5 6,0,30,,3668,17,0,5 6,0,70,,3669,17,0,5 6,0,30,,3670,17,0,5 6,0,70,,3679,17,0,5 6,0,45,,3672,17,0,5 6,0,70,,3673,17,0,5 6,0,30,,3674,17,0,5 6,0,70,,3675,17,0,5 6,0,30,,3676,17,0,5 6,0,70,,3671,17,0,5 6,0
201,'100015',758,,3685,17,0,5 6,0,70,,3689,17,0,5 6,0,30,,3686,17,0,5 6,0,70,,3698,17,0,5 6,0,30,,3688,17,0,5 6,0,70,,3687,17,0,5 6,0,30,,3690,17,0,5 6,0,70,,3691,17,0,5 6,0,30,,3680,17,0,5 6,0,70,,3703,17,0,5 6,0,85,,3693,17,0,5 6,0,30,,3694,17,0,5 6,0,70,,3695,17,0,5 6,0,30,,3696,17,0,5 6,0,70,,3697,17,0,5 6,0,30,,3700,17,0,5 6,0,70,,3701,17,0,5 6,0,45,,3699,17,0,5 6,0,70,,3681,17,0,5 6,0,30,,3684,17,0,5 6,0,70,,3683,17,0,5 6,0,30,,3682,17,0,5 6,0,70,,3692,17,0,5 6,0
201,'100016',550,,3738,17,0,5 6,0,70,,3705,17,0,5 6,0,30,,3713,17,0,5 6,0,70,,3706,17,0,5 6,0,30,,3714,17,0,5 6,0,70,,3707,17,0,5 6,0,80,,3715,17,0,5 6,0,30,,3708,17,0,5 6,0,70,,3716,17,0,5 6,0,30,,3709,17,0,5 6,0,70,,3717,17,0,5 6,0,30,,3710,17,0,5 6,0,70,,3718,17,0,5 6,0,30,,3711,17,0,5 6,0,79,,3736,17,0,5 6,0,35,,3712,17,0,5 6,0,75,,3719,17,0,5 6,0,35,,3726,17,0,5 6,0,75,,3720,17,0,5 6,0,75,,3727,17,0,5 6,0,35,,3721,17,0,5 6,0,79,,3737,17,0,5 6,0,84,,3728,17,0,5 6,0,30,,3722,17,0,5 6,0,70,,3729,17,0,5 6,0,30,,3723,17,0,5 6,0,70,,3730,17,0,5 6,0,45,,3724,17,0,5 6,0,70,,3731,17,0,5 6,0,30,,3725,17,0,5 6,0,70,,3732,17,0,5 6,0,30,,3733,17,0,5 6,0,72,,3734,17,0,5 6,0
500,'100014',828,,3933,49,,,0,100,,3934,49,,,0,100,,3935,49,,,0,100,,3936,49,,,0,100,,3937,49,,,0,115,,3938,49,,,0,100,,3939,49,,,0,100,,3940,49,,,0,115,,3941,49,,,0,100,,3942,49,,,0,100,,3943,49,,,0
500,'100015',828,,3944,49,,,0,100,,3945,49,,,0,100,,3946,49,,,0,100,,3947,49,,,0,100,,3948,49,,,0,115,,3949,49,,,0,100,,3950,49,,,0,100,,3951,49,,,0,115,,3952,49,,,0,100,,3953,49,,,0,100,,3954,49,,,0
500,'100016',620,,3955,49,,,0,30,,3971,49,,,0,70,,3956,49,,,0,30,,3972,49,,,0,70,,3957,49,,,0,80,,3958,49,,,0,30,,3980,49,,,0,70,,3959,49,,,0,30,,3983,49,,,0,70,,3960,49,,,0,30,,3982,49,,,0,70,,3961,49,,,0,30,,3984,49,,,0,83,,3962,49,,,0,35,,3981,49,,,0,75,,3963,49,,,0,35,,3973,49,,,0,75,,3964,49,,,0,75,,3974,49,,,0,35,,3965,49,,,0,80,,3966,49,,,0,80,,3975,49,,,0,30,,3967,49,,,0,70,,3976,49,,,0,30,,3968,49,,,0,70,,3977,49,,,0,45,,3969,49,,,0,70,,3978,49,,,0,30,,3970,49,,,0,70,,3979,49,,,0,30,,3985,49,,,0,70,,3986,49,,,0
600,'100014',757,,3987,38,,,0,100,,3988,38,,,0,100,,3989,38,,,0,100,,3990,38,,,0,100,,3991,38,,,0,155,,3992,38,,,0,100,,3993,38,,,0,100,,3994,38,,,0,100,,3995,38,,,0,115,,3996,38,,,0,100,,3997,38,,,0,100,,3998,38,,,0
600,'100015',757,,3999,38,,,0,100,,4000,38,,,0,100,,4001,38,,,0,100,,4002,38,,,0,100,,4003,38,,,0,155,,4004,38,,,0,100,,4005,38,,,0,100,,4006,38,,,0,100,,4007,38,,,0,115,,4008,38,,,0,100,,4009,38,,,0,100,,4010,38,,,0
600,'100016',550,,4021,38,,,0,70,,4011,38,,,0,18,,4039,38,,,0,12,,4022,38,,,0,70,,4012,38,,,0,17,,4040,38,,,0,13,,4023,38,,,0,70,,4013,38,,,0,39,,4014,38,,,0,70,,4031,38,,,0,30,,4015,38,,,0,70,,4032,38,,,0,30,,4016,38,,,0,70,,4041,38,,,0,30,,4017,38,,,0,70,,4042,38,,,0,83,,4018,38,,,0,35,,4043,38,,,0,75,,4019,38,,,0,35,,4024,38,,,0,75,,4020,38,,,0,75,,4033,38,,,0,35,,4025,38,,,0,80,,4034,38,,,0,80,,4026,38,,,0,30,,4035,38,,,0,70,,4027,38,,,0,30,,4036,38,,,0,70,,4028,38,,,0,46,,4037,38,,,0,70,,4029,38,,,0,30,,4038,38,,,0,70,,4030,38,,,0,30,,4045,38,,,0,70,,4044,38,,,0
700,'100014',827,,4046,43,,,0,100,,4047,43,,,0,100,,4048,43,,,0,100,,4049,43,,,0,100,,4050,43,,,0,115,,4051,43,,,0,100,,4052,43,,,0,100,,4053,43,,,0,115,,4054,43,,,0,100,,4055,43,,,0,100,,4056,43,,,0
700,'100015',827,,4057,43,,,0,100,,4058,43,,,0,100,,4059,43,,,0,100,,4060,43,,,0,100,,4061,43,,,0,115,,4062,43,,,0,100,,4063,43,,,0,100,,4064,43,,,0,115,,4065,43,,,0,100,,4066,43,,,0,100,,4067,43,,,0
700,'100016',550,,4068,43,,,0,70,,4078,43,,,0,30,,4069,43,,,0,58,,4096,43,,,0,12,,4079,43,,,0,30,,4070,43,,,0,70,,4080,43,,,0,80,,4089,43,,,0,30,,4071,43,,,0,70,,4090,43,,,0,30,,4072,43,,,0,70,,4097,43,,,0,30,,4073,43,,,0,70,,4098,43,,,0,30,,4074,43,,,0,83,,4099,43,,,0,35,,4075,43,,,0,75,,4081,43,,,0,35,,4076,43,,,0,75,,4082,43,,,0,75,,4077,43,,,0,35,,4083,43,,,0,80,,4084,43,,,0,80,,4091,43,,,0,30,,4085,43,,,0,70,,4092,43,,,0,30,,4086,43,,,0,70,,4093,43,,,0,45,,4087,43,,,0,70,,4094,43,,,0,30,,4088,43,,,0,70,,4095,43,,,0,30,,4100,43,,,0,70,,4101,43,,,0
800,'100014',758,,4102,42,,,0,100,,4103,42,,,0,100,,4104,42,,,0,100,,4105,42,,,0,100,,4106,42,,,0,155,,4107,42,,,0,100,,4108,42,,,0,100,,4109,42,,,0,100,,4110,42,,,0,115,,4111,42,,,0,100,,4112,42,,,0,100,,4113,42,,,0
800,'100015',758,,4114,42,,,0,100,,4115,42,,,0,100,,4116,42,,,0,100,,4117,42,,,0,100,,4118,42,,,0,155,,4119,42,,,0,100,,4120,42,,,0,100,,4121,42,,,0,100,,4122,42,,,0,115,,4123,42,,,0,100,,4124,42,,,0,100,,4125,42,,,0
800,'100016',620,,4141,42,,,0,30,,4126,42,,,0,70,,4142,42,,,0,30,,4127,42,,,0,70,,4143,42,,,0,80,,4144,42,,,0,29,,4128,42,,,0,30,,4152,42,,,0,70,,4129,42,,,0,30,,4153,42,,,0,70,,4130,42,,,0,30,,4154,42,,,0,70,,4131,42,,,0,84,,4155,42,,,0,35,,4132,42,,,0,75,,4145,42,,,0,35,,4133,42,,,0,75,,4134,42,,,0,75,,4146,42,,,0,35,,4135,42,,,0,80,,4147,42,,,0,80,,4136,42,,,0,30,,4148,42,,,0,70,,4137,42,,,0,30,,4149,42,,,0,70,,4138,42,,,0,45,,4150,42,,,0,70,,4139,42,,,0,30,,4151,42,,,0,70,,4140,42,,,0,28,,4157,42,,,0,68,,4156,42,,,0
2100,'100014',835,,4158,20,,,0,75,,4159,20,,,0,35,,4160,20,,,0,75,,4161,20,,,0,35,,4162,20,,,0,75,,4163,20,,,0,75,,4164,20,,,0,35,,4165,20,,,0,75,,4166,20,,,0,35,,4167,20,,,0,75,,4168,20,,,0,75,,4169,20,,,0,35,,4170,20,,,0,75,,4171,20,,,0,35,,4172,20,,,0,75,,4173,20,,,0,35,,4174,20,,,0,80,,4175,20,,,0,75,,4176,20,,,0,35,,4177,20,,,0
2100,'100015',835,,4186,20,,,0,75,,4179,20,,,0,35,,4187,20,,,0,75,,4180,20,,,0,35,,4196,20,,,0,75,,4195,20,,,0,75,,4188,20,,,0,35,,4181,20,,,0,75,,4189,20,,,0,35,,4182,20,,,0,75,,4190,20,,,0,75,,4183,20,,,0,35,,4197,20,,,0,75,,4194,20,,,0,35,,4191,20,,,0,75,,4184,20,,,0,35,,4192,20,,,0,80,,4185,20,,,0,75,,4193,20,,,0,35,,4178,20,,,0
2100,'100016',656,,4212,20,,,0,75,,4198,20,,,0,75,,4213,20,,,0,35,,4199,20,,,0,75,,4214,20,,,0,34,,4200,20,,,0,75,,4215,20,,,0,75,,4201,20,,,0,35,,4216,20,,,0,75,,4202,20,,,0,38,,4217,20,,,0,75,,4203,20,,,0,35,,4218,20,,,0,75,,4204,20,,,0,75,,4219,20,,,0,35,,4205,20,,,0,76,,4220,20,,,0,34,,4206,20,,,0,75,,4221,20,,,0,79,,4207,20,,,0,37,,4222,20,,,0,73,,4208,20,,,0,39,,4223,20,,,0,71,,4209,20,,,0,79,,4224,20,,,0,40,,4210,20,,,0,70,,4211,20,,,0,30,,4225,20,,,0,70,,4226,20,,,0,30,,4227,20,,,0
1000900,'100014',803,,4298,36,,,0,40,,4299,36,,,0,80,,4300,36,,,0,80,,4301,36,,,0,40,,4302,36,,,0,82,,4303,36,,,0,80,,4304,36,,,0,45,,4305,36,,,0,80,,4306,36,,,0,81,,4307,36,,,0,40,,4308,36,,,0,80,,4309,36,,,0,80,,4310,36,,,0,40,,4311,36,,,0,85,,4312,36,,,0,80,,4313,36,,,0,40,,4314,36,,,0,80,,4315,36,,,0
1000900,'100015',803,,4316,36,,,0,40,,4317,36,,,0,80,,4318,36,,,0,80,,4319,36,,,0,40,,4320,36,,,0,82,,4321,36,,,0,80,,4322,36,,,0,45,,4323,36,,,0,80,,4324,36,,,0,81,,4325,36,,,0,40,,4326,36,,,0,80,,4327,36,,,0,80,,4328,36,,,0,40,,4329,36,,,0,85,,4330,36,,,0,80,,4331,36,,,0,40,,4332,36,,,0,80,,4333,36,,,0
1000900,'100016',550,,4344,36,,,0,70,,4345,36,,,0,30,,4346,36,,,0,70,,4347,36,,,0,30,,4348,36,,,0,70,,4349,36,,,0,22,,4350,36,,,0,68,,4351,36,,,0,35,,4352,36,,,0,60,,4353,36,,,0,30,,4354,36,,,0,70,,4355,36,,,0,30,,4356,36,,,0,70,,4357,36,,,0,30,,4358,36,,,0,70,,4359,36,,,0,30,,4360,36,,,0,70,,4361,36,,,0,34,,4362,36,,,0,70,,4363,36,,,0,34,,4364,36,,,0,64,,4365,36,,,0,32,,4366,36,,,0,70,,4367,36,,,0,18,,4368,36,,,0,85,,4337,36,,,0,30,,4338,36,,,0,70,,4341,36,,,0,30,,4334,36,,,0,67,,4336,36,,,0,43,,4342,36,,,0,85,,4340,36,,,0,75,,4339,36,,,0,35,,4343,36,,,0,75,,4335,36,,,0
2000900,'100014',824,,4369,34,,,0,80,,4370,34,,,0,40,,4371,34,,,0,80,,4372,34,,,0,80,,4373,34,,,0,40,,4374,34,,,0,81,,4375,34,,,0,80,,4376,34,,,0,45,,4377,34,,,0,80,,4378,34,,,0,81,,4379,34,,,0,40,,4380,34,,,0,85,,4381,34,,,0,80,,4382,34,,,0,40,,4383,34,,,0,80,,4384,34,,,0,80,,4385,34,,,0
2000900,'100015',824,,4386,34,,,0,80,,4387,34,,,0,40,,4388,34,,,0,80,,4389,34,,,0,80,,4390,34,,,0,40,,4391,34,,,0,81,,4392,34,,,0,80,,4393,34,,,0,45,,4394,34,,,0,80,,4395,34,,,0,81,,4396,34,,,0,40,,4397,34,,,0,85,,4398,34,,,0,80,,4399,34,,,0,40,,4400,34,,,0,80,,4401,34,,,0,80,,4402,34,,,0
2000900,'100016',615,,4403,34,,,0,20,,4404,34,,,0,70,,4405,34,,,0,30,,4406,34,,,0,70,,4407,34,,,0,20,,4408,34,,,0,80,,4409,34,,,0,22,,4434,34,,,0,28,,4410,34,,,0,70,,4411,34,,,0,20,,4412,34,,,0,70,,4413,34,,,0,30,,4414,34,,,0,70,,4415,34,,,0,30,,4416,34,,,0,70,,4417,34,,,0,30,,4418,34,,,0,70,,4419,34,,,0,33,,4420,34,,,0,71,,4421,34,,,0,30,,4422,34,,,0,74,,4423,34,,,0,24,,4424,34,,,0,72,,4425,34,,,0,38,,4426,34,,,0,70,,4427,34,,,0,30,,4428,34,,,0,70,,4429,34,,,0,30,,4430,34,,,0,65,,4431,34,,,0,31,,4432,34,,,0,74,,4433,34,,,0,85,,4435,34,,,0,35,,4436,34,,,0,76,,4437,34,,,0
