100,'100014',823,,1667,27,4,,0,30,,1654,27,4,,0,70,,1677,27,4,,0,30,,1655,27,4,,0,70,,1668,27,4,,0,30,,1656,27,4,,0,70,,1669,27,4,,0,30,,1658,27,4,,0,70,,1670,27,4,,0,30,,1657,27,4,,0,70,,1671,27,4,,0,30,,1659,27,4,,0,70,,1672,27,4,,0,30,,1660,27,4,,0,70,,1673,27,4,,0,30,,1661,27,4,,0,70,,1674,27,4,,0,30,,1662,27,4,,0,70,,1675,27,4,,0,30,,1663,27,4,,0,70,,1676,27,4,,0,30,,1664,27,4,,0,70,,1666,27,4,,0,30,,1665,27,4,,0,70,,1678,27,4,,0
100,'100015',823,,1692,27,4,,0,30,,1679,27,4,,0,70,,1702,27,4,,0,30,,1680,27,4,,0,70,,1693,27,4,,0,30,,1681,27,4,,0,70,,1694,27,4,,0,30,,1683,27,4,,0,70,,1695,27,4,,0,30,,1682,27,4,,0,70,,1696,27,4,,0,30,,1684,27,4,,0,70,,1697,27,4,,0,30,,1685,27,4,,0,70,,1698,27,4,,0,30,,1686,27,4,,0,70,,1699,27,4,,0,30,,1687,27,4,,0,70,,1700,27,4,,0,30,,1688,27,4,,0,70,,1701,27,4,,0,30,,1689,27,4,,0,70,,1691,27,4,,0,30,,1690,27,4,,0
100,'100016',615,,1703,27,4,,0,30,,1708,27,4,,0,70,,1704,27,4,,0,30,,1721,27,4,,0,70,,1705,27,4,,0,30,,1709,27,4,,0,80,,1706,27,4,,0,28,,1722,27,4,,0,70,,1707,27,4,,0,30,,1710,27,4,,0,70,,1719,27,4,,0,30,,1723,27,4,,0,70,,1720,27,4,,0,31,,1711,27,4,,0,70,,1718,27,4,,0,30,,1724,27,4,,0,70,,1712,27,4,,0,30,,1733,27,4,,0,70,,1726,27,4,,0,78,,1732,27,4,,0,30,,1725,27,4,,0,70,,1731,27,4,,0,30,,1713,27,4,,0,68,,1730,27,4,,0,30,,1714,27,4,,0,70,,1729,27,4,,0,30,,1715,27,4,,0,70,,1728,27,4,,0,40,,1716,27,4,,0,70,,1727,27,4,,0,30,,1717,27,4,,0,70,,1735,27,4,,0,27,,1734,27,4,,0,69,,1736,27,4,,0
100,'100017',615,,1737,27,4,,0,30,,1742,27,4,,0,70,,1738,27,4,,0,30,,1755,27,4,,0,70,,1739,27,4,,0,30,,1743,27,4,,0,80,,1740,27,4,,0,28,,1756,27,4,,0,70,,1741,27,4,,0,30,,1744,27,4,,0,70,,1753,27,4,,0,30,,1757,27,4,,0,70,,1754,27,4,,0,31,,1745,27,4,,0,70,,1752,27,4,,0,30,,1758,27,4,,0,70,,1746,27,4,,0,30,,1767,27,4,,0,70,,1760,27,4,,0,78,,1766,27,4,,0,30,,1759,27,4,,0,70,,1765,27,4,,0,30,,1747,27,4,,0,68,,1764,27,4,,0,30,,1748,27,4,,0,70,,1763,27,4,,0,30,,1749,27,4,,0,70,,1762,27,4,,0,40,,1750,27,4,,0,70,,1761,27,4,,0,30,,1751,27,4,,0,70,,1769,27,4,,0,27,,1768,27,4,,0,69,,1770,27,4,,0
100,'100018',853,,1771,27,4,,0,100,,1772,27,4,,0,100,,1773,27,4,,0,100,,1774,27,4,,0,100,,1775,27,4,,0,100,,1776,27,4,,0,100,,1777,27,4,,0,100,,1778,27,4,,0,100,,1779,27,4,,0,100,,1780,27,4,,0,100,,1781,27,4,,0,100,,1782,27,4,,0
101,'100014',730,,1806,1,,,0,70,,1783,1,,,0,30,,1795,1,,,0,70,,1784,1,,,0,30,,1796,1,,,0,70,,1785,1,,,0,30,,1797,1,,,0,70,,1786,1,,,0,30,,1798,1,,,0,70,,1787,1,,,0,30,,1799,1,,,0,70,,1789,1,,,0,30,,1800,1,,,0,70,,1788,1,,,0,30,,1801,1,,,0,70,,1791,1,,,0,30,,1802,1,,,0,70,,1790,1,,,0,30,,1803,1,,,0,70,,1792,1,,,0,30,,1804,1,,,0,70,,1793,1,,,0,30,,1805,1,,,0,70,,1794,1,,,0,30,,1807,1,,,0
101,'100015',730,,1831,1,,,0,70,,1808,1,,,0,30,,1820,1,,,0,70,,1809,1,,,0,30,,1821,1,,,0,70,,1810,1,,,0,30,,1822,1,,,0,70,,1811,1,,,0,30,,1823,1,,,0,70,,1812,1,,,0,30,,1824,1,,,0,70,,1814,1,,,0,30,,1825,1,,,0,70,,1813,1,,,0,30,,1826,1,,,0,70,,1816,1,,,0,30,,1827,1,,,0,70,,1815,1,,,0,30,,1828,1,,,0,70,,1817,1,,,0,30,,1829,1,,,0,70,,1818,1,,,0,30,,1830,1,,,0,70,,1819,1,,,0
101,'100016',522,,1833,1,,,0,30,,1837,1,,,0,70,,1836,1,,,0,30,,1838,1,,,0,70,,1835,1,,,0,30,,1839,1,,,0,80,,1832,1,,,0,70,,1840,1,,,0,30,,1834,1,,,0,70,,1841,1,,,0,30,,1852,1,,,0,70,,1842,1,,,0,30,,1853,1,,,0,70,,1843,1,,,0,30,,1854,1,,,0,70,,1844,1,,,0,30,,1845,1,,,0,70,,1862,1,,,0,30,,1846,1,,,0,78,,1861,1,,,0,30,,1847,1,,,0,70,,1860,1,,,0,30,,1848,1,,,0,70,,1859,1,,,0,30,,1849,1,,,0,70,,1858,1,,,0,30,,1850,1,,,0,70,,1857,1,,,0,40,,1851,1,,,0,70,,1856,1,,,0,30,,1855,1,,,0,70,,1863,1,,,0,30,,1864,1,,,0,70,,1866,1,,,0,30,,1865,1,,,0
101,'100017',522,,1868,1,,,0,30,,1872,1,,,0,70,,1871,1,,,0,30,,1873,1,,,0,70,,1870,1,,,0,30,,1874,1,,,0,80,,1867,1,,,0,70,,1875,1,,,0,30,,1869,1,,,0,70,,1876,1,,,0,30,,1887,1,,,0,70,,1877,1,,,0,30,,1888,1,,,0,70,,1878,1,,,0,30,,1889,1,,,0,70,,1879,1,,,0,30,,1880,1,,,0,70,,1897,1,,,0,30,,1881,1,,,0,78,,1896,1,,,0,30,,1882,1,,,0,70,,1895,1,,,0,30,,1883,1,,,0,70,,1894,1,,,0,30,,1884,1,,,0,70,,1893,1,,,0,30,,1885,1,,,0,70,,1892,1,,,0,40,,1886,1,,,0,70,,1891,1,,,0,30,,1890,1,,,0,70,,1898,1,,,0,30,,1899,1,,,0,70,,1901,1,,,0,30,,1900,1,,,0
101,'100018',800,,1902,1,,,0,100,,1903,1,,,0,100,,1904,1,,,0,100,,1905,1,,,0,100,,1906,1,,,0,100,,1907,1,,,0,100,,1908,1,,,0,100,,1909,1,,,0,100,,1910,1,,,0,100,,1911,1,,,0,100,,1912,1,,,0,100,,1913,1,,,0
1005300,'100016',811,,3336,34,4,,0
1005300,'100017',811,,3337,34,4,,0
