101,'100014',733,,2880,,,0,70,,2857,,,0,30,,2869,,,0,70,,2858,,,0,30,,2870,,,0,70,,2859,,,0,30,,2871,,,0,70,,2860,,,0,30,,2872,,,0,70,,2861,,,0,30,,2873,,,0,70,,2863,,,0,30,,2874,,,0,70,,2862,,,0,30,,2875,,,0,70,,2865,,,0,30,,2876,,,0,70,,2864,,,0,30,,2877,,,0,70,,2866,,,0,30,,2878,,,0,70,,2867,,,0,30,,2879,,,0,70,,2868,,,0,30,,2881,,,0
101,'100015',733,,2905,,,0,70,,2882,,,0,30,,2894,,,0,70,,2883,,,0,30,,2895,,,0,70,,2884,,,0,30,,2896,,,0,70,,2885,,,0,30,,2897,,,0,70,,2886,,,0,30,,2898,,,0,70,,2888,,,0,30,,2899,,,0,70,,2887,,,0,30,,2900,,,0,70,,2890,,,0,30,,2901,,,0,70,,2889,,,0,30,,2902,,,0,70,,2891,,,0,30,,2903,,,0,70,,2892,,,0,30,,2904,,,0,70,,2893,,,0
101,'100016',527,,2907,,,0,30,,2911,,,0,70,,2910,,,0,30,,2912,,,0,70,,2909,,,0,30,,2913,,,0,80,,2906,,,0,70,,2914,,,0,30,,2908,,,0,70,,2915,,,0,30,,2926,,,0,70,,2916,,,0,30,,2927,,,0,70,,2917,,,0,30,,2928,,,0,70,,2918,,,0,30,,2919,,,0,70,,2936,,,0,30,,2920,,,0,78,,2935,,,0,30,,2921,,,0,70,,2934,,,0,30,,2922,,,0,70,,2933,,,0,30,,2923,,,0,70,,2932,,,0,30,,2924,,,0,70,,2931,,,0,40,,2925,,,0,70,,2930,,,0,30,,2929,,,0,70,,2937,,,0,30,,2938,,,0,69,,2940,,,0,30,,2939,,,0
101,'100017',527,,2942,,,0,30,,2946,,,0,70,,2945,,,0,30,,2947,,,0,70,,2944,,,0,30,,2948,,,0,80,,2941,,,0,70,,2949,,,0,30,,2943,,,0,70,,2950,,,0,30,,2961,,,0,70,,2951,,,0,30,,2962,,,0,70,,2952,,,0,30,,2963,,,0,70,,2953,,,0,30,,2954,,,0,70,,2971,,,0,30,,2955,,,0,78,,2970,,,0,30,,2956,,,0,70,,2969,,,0,30,,2957,,,0,70,,2968,,,0,30,,2958,,,0,70,,2967,,,0,30,,2959,,,0,70,,2966,,,0,40,,2960,,,0,70,,2965,,,0,30,,2964,,,0,70,,2972,,,0,30,,2973,,,0,69,,2975,,,0,30,,2974,,,0
101,'100018',803,,2976,,,0,100,,2977,,,0,100,,2978,,,0,100,,2979,,,0,100,,2980,,,0,100,,2981,,,0,100,,2982,,,0,100,,2983,,,0,100,,2984,,,0,100,,2985,,,0,100,,2986,,,0,100,,2987,,,0
201,'100014',804,,3132,,,0,30,,3136,,,0,70,,3133,,,0,30,,3146,,,0,70,,3135,,,0,30,,3134,,,0,70,,3137,,,0,30,,3138,,,0,70,,3127,,,0,45,,3140,,,0,70,,3141,,,0,30,,3142,,,0,70,,3143,,,0,30,,3144,,,0,70,,3145,,,0,30,,3149,,,0,85,,3147,,,0,70,,3148,,,0,30,,3128,,,0,70,,3131,,,0,30,,3130,,,0,70,,3129,,,0,30,,3139,,,0,70,,3150,,,0
201,'100015',804,,3156,,,0,30,,3160,,,0,70,,3157,,,0,30,,3170,,,0,70,,3159,,,0,30,,3158,,,0,70,,3161,,,0,30,,3162,,,0,70,,3151,,,0,45,,3164,,,0,70,,3165,,,0,30,,3166,,,0,70,,3167,,,0,30,,3168,,,0,70,,3169,,,0,30,,3173,,,0,85,,3171,,,0,70,,3172,,,0,30,,3152,,,0,70,,3155,,,0,30,,3154,,,0,70,,3153,,,0,30,,3163,,,0
201,'100016',526,,3204,,,0,30,,3207,,,0,70,,3174,,,0,30,,3182,,,0,70,,3175,,,0,30,,3183,,,0,80,,3176,,,0,70,,3184,,,0,30,,3177,,,0,70,,3185,,,0,30,,3178,,,0,70,,3186,,,0,30,,3179,,,0,70,,3187,,,0,30,,3180,,,0,83,,3205,,,0,35,,3181,,,0,75,,3188,,,0,75,,3195,,,0,35,,3189,,,0,75,,3196,,,0,40,,3190,,,0,85,,3206,,,0,70,,3197,,,0,30,,3191,,,0,70,,3198,,,0,30,,3192,,,0,85,,3199,,,0,30,,3193,,,0,70,,3200,,,0,30,,3194,,,0,70,,3201,,,0,30,,3202,,,0,71,,3203,,,0
201,'100017',526,,3238,,,0,30,,3241,,,0,70,,3208,,,0,30,,3216,,,0,70,,3209,,,0,30,,3217,,,0,80,,3210,,,0,70,,3218,,,0,30,,3211,,,0,70,,3219,,,0,30,,3212,,,0,70,,3220,,,0,30,,3213,,,0,70,,3221,,,0,30,,3214,,,0,83,,3239,,,0,35,,3215,,,0,75,,3222,,,0,75,,3229,,,0,35,,3223,,,0,75,,3230,,,0,40,,3224,,,0,85,,3240,,,0,70,,3231,,,0,30,,3225,,,0,70,,3232,,,0,30,,3226,,,0,85,,3233,,,0,30,,3227,,,0,70,,3234,,,0,30,,3228,,,0,70,,3235,,,0,30,,3236,,,0,71,,3237,,,0
201,'100018',804,,3242,,,0,30,,3243,,,0,70,,3244,,,0,30,,3245,,,0,70,,3246,,,0,30,,3247,,,0,70,,3248,,,0,30,,3249,,,0,70,,3250,,,0,45,,3251,,,0,70,,3252,,,0,30,,3253,,,0,70,,3254,,,0,30,,3255,,,0,70,,3256,,,0,30,,3257,,,0,85,,3258,,,0,70,,3260,,,0,30,,3261,,,0,70,,3262,,,0,30,,3263,,,0,70,,3264,,,0,30,,3259,,,0
600,'100014',733,,3719,,,0,100,,3720,,,0,100,,3721,,,0,100,,3722,,,0,100,,3723,,,0,115,,3724,,,0,100,,3725,,,0,100,,3726,,,0,100,,3727,,,0,155,,3728,,,0,100,,3729,,,0,100,,3730,,,0,100,,3731,,,0
600,'100015',733,,3732,,,0,100,,3733,,,0,100,,3734,,,0,100,,3735,,,0,100,,3736,,,0,115,,3737,,,0,100,,3738,,,0,100,,3739,,,0,100,,3740,,,0,155,,3741,,,0,100,,3742,,,0,100,,3743,,,0
600,'100016',525,,3754,,,0,30,,3744,,,0,58,,3772,,,0,12,,3755,,,0,30,,3745,,,0,58,,3773,,,0,12,,3756,,,0,30,,3746,,,0,80,,3747,,,0,70,,3764,,,0,30,,3748,,,0,70,,3765,,,0,30,,3749,,,0,70,,3774,,,0,30,,3750,,,0,70,,3775,,,0,39,,3751,,,0,75,,3776,,,0,35,,3752,,,0,75,,3757,,,0,75,,3753,,,0,35,,3766,,,0,75,,3758,,,0,40,,3767,,,0,84,,3759,,,0,70,,3768,,,0,30,,3760,,,0,70,,3769,,,0,30,,3761,,,0,85,,3770,,,0,30,,3762,,,0,70,,3771,,,0,30,,3763,,,0,70,,3778,,,0,30,,3777,,,0
600,'100017',525,,3789,,,0,30,,3779,,,0,58,,3807,,,0,12,,3790,,,0,30,,3780,,,0,58,,3808,,,0,12,,3791,,,0,30,,3781,,,0,80,,3782,,,0,70,,3799,,,0,30,,3783,,,0,70,,3800,,,0,30,,3784,,,0,70,,3809,,,0,30,,3785,,,0,70,,3810,,,0,39,,3786,,,0,75,,3811,,,0,35,,3787,,,0,75,,3792,,,0,75,,3788,,,0,35,,3801,,,0,75,,3793,,,0,40,,3802,,,0,84,,3794,,,0,70,,3803,,,0,30,,3795,,,0,70,,3804,,,0,30,,3796,,,0,85,,3805,,,0,30,,3797,,,0,70,,3806,,,0,30,,3798,,,0,70,,3813,,,0,30,,3812,,,0
600,'100018',733,,3814,,,0,100,,3815,,,0,100,,3816,,,0,100,,3817,,,0,100,,3818,,,0,115,,3819,,,0,100,,3820,,,0,100,,3821,,,0,100,,3822,,,0,155,,3823,,,0,100,,3824,,,0,100,,3825,,,0
5300,'100016',752,,4280,,,0
