201,'100011',755,,2058,13,0,5 6,0,70,,2062,13,0,5 6,0,30,,2059,13,0,5 6,0,70,,2072,13,0,5 6,0,30,,2061,13,0,5 6,0,70,,2060,13,0,5 6,0,30,,2063,13,0,5 6,0,70,,2064,13,0,5 6,0,30,,2053,13,0,5 6,0,85,,2066,13,0,5 6,0,70,,2067,13,0,5 6,0,30,,2068,13,0,5 6,0,70,,2069,13,0,5 6,0,30,,2070,13,0,5 6,0,70,,2071,13,0,5 6,0,30,,2075,13,0,5 6,0,85,,2073,13,0,5 6,0,30,,2074,13,0,5 6,0,70,,2054,13,0,5 6,0,30,,2057,13,0,5 6,0,70,,2056,13,0,5 6,0,30,,2055,13,0,5 6,0,70,,2065,13,0,5 6,0,30,,2076,13,0,5 6,0
201,'100012',755,,2082,13,0,5 6,0,70,,2086,13,0,5 6,0,30,,2083,13,0,5 6,0,70,,2096,13,0,5 6,0,30,,2085,13,0,5 6,0,70,,2084,13,0,5 6,0,30,,2087,13,0,5 6,0,70,,2088,13,0,5 6,0,30,,2077,13,0,5 6,0,85,,2090,13,0,5 6,0,70,,2091,13,0,5 6,0,30,,2092,13,0,5 6,0,70,,2093,13,0,5 6,0,30,,2094,13,0,5 6,0,70,,2095,13,0,5 6,0,30,,2099,13,0,5 6,0,85,,2097,13,0,5 6,0,30,,2098,13,0,5 6,0,70,,2078,13,0,5 6,0,30,,2081,13,0,5 6,0,70,,2080,13,0,5 6,0,30,,2079,13,0,5 6,0,70,,2089,13,0,5 6,0
201,'100013',547,,2133,13,0,5 6,0,70,,2100,13,0,5 6,0,30,,2108,13,0,5 6,0,70,,2101,13,0,5 6,0,30,,2109,13,0,5 6,0,70,,2102,13,0,5 6,0,40,,2110,13,0,5 6,0,70,,2103,13,0,5 6,0,30,,2111,13,0,5 6,0,70,,2104,13,0,5 6,0,30,,2112,13,0,5 6,0,70,,2105,13,0,5 6,0,30,,2113,13,0,5 6,0,70,,2106,13,0,5 6,0,79,,2131,13,0,5 6,0,35,,2107,13,0,5 6,0,75,,2114,13,0,5 6,0,35,,2121,13,0,5 6,0,75,,2115,13,0,5 6,0,75,,2122,13,0,5 6,0,35,,2116,13,0,5 6,0,79,,2132,13,0,5 6,0,44,,2123,13,0,5 6,0,70,,2117,13,0,5 6,0,30,,2124,13,0,5 6,0,70,,2118,13,0,5 6,0,30,,2125,13,0,5 6,0,85,,2119,13,0,5 6,0,70,,2126,13,0,5 6,0,30,,2120,13,0,5 6,0,70,,2127,13,0,5 6,0,30,,2128,13,0,5 6,0,72,,2129,13,0,5 6,0
201,'100014',547,,2167,13,0,5 6,0,70,,2134,13,0,5 6,0,30,,2142,13,0,5 6,0,70,,2135,13,0,5 6,0,30,,2143,13,0,5 6,0,70,,2136,13,0,5 6,0,40,,2144,13,0,5 6,0,70,,2137,13,0,5 6,0,30,,2145,13,0,5 6,0,70,,2138,13,0,5 6,0,30,,2146,13,0,5 6,0,70,,2139,13,0,5 6,0,30,,2147,13,0,5 6,0,70,,2140,13,0,5 6,0,79,,2165,13,0,5 6,0,35,,2141,13,0,5 6,0,75,,2148,13,0,5 6,0,35,,2155,13,0,5 6,0,75,,2149,13,0,5 6,0,75,,2156,13,0,5 6,0,35,,2150,13,0,5 6,0,79,,2166,13,0,5 6,0,44,,2157,13,0,5 6,0,70,,2151,13,0,5 6,0,30,,2158,13,0,5 6,0,70,,2152,13,0,5 6,0,30,,2159,13,0,5 6,0,85,,2153,13,0,5 6,0,70,,2160,13,0,5 6,0,30,,2154,13,0,5 6,0,70,,2161,13,0,5 6,0,30,,2162,13,0,5 6,0,72,,2163,13,0,5 6,0
201,'100015',755,,2168,13,0,5 6,0,70,,2169,13,0,5 6,0,30,,2170,13,0,5 6,0,70,,2171,13,0,5 6,0,30,,2172,13,0,5 6,0,70,,2173,13,0,5 6,0,30,,2174,13,0,5 6,0,70,,2175,13,0,5 6,0,30,,2176,13,0,5 6,0,85,,2177,13,0,5 6,0,70,,2178,13,0,5 6,0,30,,2179,13,0,5 6,0,70,,2180,13,0,5 6,0,30,,2181,13,0,5 6,0,70,,2182,13,0,5 6,0,30,,2183,13,0,5 6,0,85,,2184,13,0,5 6,0,30,,2186,13,0,5 6,0,70,,2187,13,0,5 6,0,30,,2188,13,0,5 6,0,70,,2189,13,0,5 6,0,30,,2190,13,0,5 6,0,70,,2185,13,0,5 6,0
2100,'100011',832,,2963,16,,,0,75,,2956,16,,,0,35,,2964,16,,,0,75,,2957,16,,,0,35,,2973,16,,,0,75,,2972,16,,,0,75,,2965,16,,,0,35,,2958,16,,,0,75,,2966,16,,,0,35,,2959,16,,,0,75,,2967,16,,,0,35,,2960,16,,,0,75,,2974,16,,,0,75,,2971,16,,,0,35,,2968,16,,,0,75,,2961,16,,,0,35,,2969,16,,,0,80,,2962,16,,,0,75,,2970,16,,,0,35,,2955,16,,,0,110,,2975,16,,,0
2100,'100012',832,,2984,16,,,0,75,,2977,16,,,0,35,,2985,16,,,0,75,,2978,16,,,0,35,,2994,16,,,0,75,,2993,16,,,0,75,,2986,16,,,0,35,,2979,16,,,0,75,,2987,16,,,0,35,,2980,16,,,0,75,,2988,16,,,0,35,,2981,16,,,0,75,,2995,16,,,0,75,,2992,16,,,0,35,,2989,16,,,0,75,,2982,16,,,0,35,,2990,16,,,0,80,,2983,16,,,0,75,,2991,16,,,0,35,,2976,16,,,0
2100,'100013',653,,3010,16,,,0,75,,2996,16,,,0,75,,3011,16,,,0,35,,2997,16,,,0,75,,3012,16,,,0,34,,2998,16,,,0,75,,3013,16,,,0,35,,2999,16,,,0,75,,3014,16,,,0,75,,3000,16,,,0,38,,3015,16,,,0,75,,3001,16,,,0,35,,3016,16,,,0,75,,3002,16,,,0,75,,3017,16,,,0,35,,3003,16,,,0,76,,3018,16,,,0,34,,3004,16,,,0,75,,3019,16,,,0,79,,3005,16,,,0,37,,3020,16,,,0,73,,3006,16,,,0,39,,3021,16,,,0,71,,3007,16,,,0,79,,3022,16,,,0,40,,3008,16,,,0,70,,3009,16,,,0,30,,3023,16,,,0,70,,3024,16,,,0,30,,3025,16,,,0
2100,'100014',653,,3040,16,,,0,75,,3026,16,,,0,75,,3041,16,,,0,35,,3027,16,,,0,75,,3042,16,,,0,34,,3028,16,,,0,75,,3043,16,,,0,35,,3029,16,,,0,75,,3044,16,,,0,75,,3030,16,,,0,38,,3045,16,,,0,75,,3031,16,,,0,35,,3046,16,,,0,75,,3032,16,,,0,75,,3047,16,,,0,35,,3033,16,,,0,76,,3048,16,,,0,34,,3034,16,,,0,75,,3049,16,,,0,79,,3035,16,,,0,37,,3050,16,,,0,73,,3036,16,,,0,39,,3051,16,,,0,71,,3037,16,,,0,79,,3052,16,,,0,40,,3038,16,,,0,70,,3039,16,,,0,30,,3053,16,,,0,70,,3054,16,,,0,30,,3055,16,,,0
2100,'100015',832,,3056,16,,,0,75,,3057,16,,,0,35,,3058,16,,,0,75,,3059,16,,,0,35,,3060,16,,,0,75,,3061,16,,,0,75,,3062,16,,,0,35,,3063,16,,,0,75,,3064,16,,,0,35,,3065,16,,,0,75,,3066,16,,,0,35,,3067,16,,,0,75,,3068,16,,,0,75,,3069,16,,,0,35,,3070,16,,,0,75,,3071,16,,,0,35,,3072,16,,,0,80,,3073,16,,,0,75,,3074,16,,,0,35,,3075,16,,,0
