300,'100014',802,,2191,7,0,15 7 16 3 17,0,100,,2192,7,0,15 7 16 3 17,0,100,,2193,7,0,15 7 16 3 17,0,100,,2194,7,0,15 7 16 3 17,0,100,,2195,7,0,15 7 16 3 17,0,115,,2201,7,0,15 7 16 3 17,0,100,,2196,7,0,15 7 16 3 17,0,100,,2197,7,0,15 7 16 3 17,0,100,,2198,7,0,15 7 16 3 17,0,115,,2199,7,0,15 7 16 3 17,0,100,,2200,7,0,15 7 16 3 17,0,100,,2202,7,0,15 7 16 3 17,0
300,'100015',802,,2203,7,0,15 7 16 3 17,0,100,,2204,7,0,15 7 16 3 17,0,100,,2205,7,0,15 7 16 3 17,0,100,,2206,7,0,15 7 16 3 17,0,100,,2207,7,0,15 7 16 3 17,0,115,,2213,7,0,15 7 16 3 17,0,100,,2208,7,0,15 7 16 3 17,0,100,,2209,7,0,15 7 16 3 17,0,100,,2210,7,0,15 7 16 3 17,0,115,,2211,7,0,15 7 16 3 17,0,100,,2212,7,0,15 7 16 3 17,0
300,'100016',526,,2214,7,0,15 7 16 3 17,0,30,,2215,7,0,15 7 16 3 17,0,55,,2221,7,0,15 7 16 3 17,0,15,,2216,7,0,15 7 16 3 17,0,30,,2217,7,0,15 7 16 3 17,0,70,,2218,7,0,15 7 16 3 17,0,30,,2219,7,0,15 7 16 3 17,0,50,,2222,7,0,15 7 16 3 17,0,20,,2220,7,0,15 7 16 3 17,0,80,,2223,7,0,15 7 16 3 17,0,30,,2227,7,0,15 7 16 3 17,0,70,,2224,7,0,15 7 16 3 17,0,30,,2228,7,0,15 7 16 3 17,0,70,,2225,7,0,15 7 16 3 17,0,30,,2229,7,0,15 7 16 3 17,0,71,,2226,7,0,15 7 16 3 17,0,30,,2230,7,0,15 7 16 3 17,0,83,,2231,7,0,15 7 16 3 17,0,35,,2232,7,0,15 7 16 3 17,0,75,,2233,7,0,15 7 16 3 17,0,1,,2234,7,0,15 7 16 3 17,0,13,,2235,7,0,15 7 16 3 17,0,61,,2236,7,0,15 7 16 3 17,0,35,,2237,7,0,15 7 16 3 17,0,5,,2238,7,0,15 7 16 3 17,0,70,,2239,7,0,15 7 16 3 17,0,35,,2240,7,0,15 7 16 3 17,0,80,,2241,7,0,15 7 16 3 17,0,79,,2242,7,0,15 7 16 3 17,0,30,,2243,7,0,15 7 16 3 17,0,70,,2244,7,0,15 7 16 3 17,0,30,,2245,7,0,15 7 16 3 17,0,70,,2246,7,0,15 7 16 3 17,0,45,,2247,7,0,15 7 16 3 17,0,70,,2248,7,0,15 7 16 3 17,0,30,,2249,7,0,15 7 16 3 17,0,70,,2250,7,0,15 7 16 3 17,0
300,'100017',526,,2251,7,0,15 7 16 3 17,0,30,,2252,7,0,15 7 16 3 17,0,55,,2258,7,0,15 7 16 3 17,0,15,,2253,7,0,15 7 16 3 17,0,30,,2254,7,0,15 7 16 3 17,0,70,,2255,7,0,15 7 16 3 17,0,30,,2256,7,0,15 7 16 3 17,0,50,,2259,7,0,15 7 16 3 17,0,20,,2257,7,0,15 7 16 3 17,0,80,,2260,7,0,15 7 16 3 17,0,30,,2264,7,0,15 7 16 3 17,0,70,,2261,7,0,15 7 16 3 17,0,30,,2265,7,0,15 7 16 3 17,0,70,,2262,7,0,15 7 16 3 17,0,30,,2266,7,0,15 7 16 3 17,0,71,,2263,7,0,15 7 16 3 17,0,30,,2267,7,0,15 7 16 3 17,0,83,,2268,7,0,15 7 16 3 17,0,35,,2269,7,0,15 7 16 3 17,0,75,,2270,7,0,15 7 16 3 17,0,1,,2271,7,0,15 7 16 3 17,0,13,,2272,7,0,15 7 16 3 17,0,61,,2273,7,0,15 7 16 3 17,0,35,,2274,7,0,15 7 16 3 17,0,5,,2275,7,0,15 7 16 3 17,0,70,,2276,7,0,15 7 16 3 17,0,35,,2277,7,0,15 7 16 3 17,0,80,,2278,7,0,15 7 16 3 17,0,79,,2279,7,0,15 7 16 3 17,0,30,,2280,7,0,15 7 16 3 17,0,70,,2281,7,0,15 7 16 3 17,0,30,,2282,7,0,15 7 16 3 17,0,70,,2283,7,0,15 7 16 3 17,0,45,,2284,7,0,15 7 16 3 17,0,70,,2285,7,0,15 7 16 3 17,0,30,,2286,7,0,15 7 16 3 17,0,70,,2287,7,0,15 7 16 3 17,0
300,'100018',802,,2288,7,0,15 7 16 3 17,0,100,,2289,7,0,15 7 16 3 17,0,100,,2290,7,0,15 7 16 3 17,0,100,,2291,7,0,15 7 16 3 17,0,100,,2292,7,0,15 7 16 3 17,0,115,,2293,7,0,15 7 16 3 17,0,100,,2294,7,0,15 7 16 3 17,0,100,,2295,7,0,15 7 16 3 17,0,100,,2296,7,0,15 7 16 3 17,0,115,,2297,7,0,15 7 16 3 17,0,100,,2298,7,0,15 7 16 3 17,0
5000,'100016',755,,3197,21,,,0
5100,'100016',753,,3200,22,0,5 28,0
5200,'100016',1435,,3203,3,0,5 6,0
5201,'100016',1506,,3205,6,0,5 6,0
5300,'100016',818,,3206,34,,,0
5301,'100016',1550,,3208,27,,,0
