101,'100015',801,,3498,2,,,0,100,,3499,2,,,0,100,,3500,2,,,0,100,,3501,2,,,0,100,,3502,2,,,0,100,,3503,2,,,0,100,,3504,2,,,0,100,,3505,2,,,0,100,,3506,2,,,0,100,,3507,2,,,0,100,,3508,2,,,0,100,,3509,2,,,0
101,'100016',731,,3533,2,,,0,70,,3510,2,,,0,30,,3522,2,,,0,70,,3511,2,,,0,30,,3523,2,,,0,70,,3512,2,,,0,30,,3524,2,,,0,70,,3513,2,,,0,30,,3525,2,,,0,70,,3514,2,,,0,30,,3526,2,,,0,70,,3516,2,,,0,30,,3527,2,,,0,70,,3515,2,,,0,30,,3528,2,,,0,70,,3518,2,,,0,30,,3529,2,,,0,70,,3517,2,,,0,30,,3530,2,,,0,70,,3519,2,,,0,30,,3531,2,,,0,70,,3520,2,,,0,30,,3532,2,,,0,70,,3521,2,,,0
101,'100017',523,,3535,2,,,0,30,,3539,2,,,0,70,,3538,2,,,0,30,,3540,2,,,0,70,,3537,2,,,0,30,,3541,2,,,0,80,,3534,2,,,0,70,,3542,2,,,0,30,,3536,2,,,0,70,,3543,2,,,0,30,,3554,2,,,0,70,,3544,2,,,0,30,,3555,2,,,0,70,,3545,2,,,0,30,,3556,2,,,0,70,,3546,2,,,0,30,,3547,2,,,0,70,,3564,2,,,0,30,,3548,2,,,0,78,,3563,2,,,0,30,,3549,2,,,0,70,,3562,2,,,0,30,,3550,2,,,0,70,,3561,2,,,0,30,,3551,2,,,0,70,,3560,2,,,0,30,,3552,2,,,0,70,,3559,2,,,0,40,,3553,2,,,0,70,,3558,2,,,0,30,,3557,2,,,0,70,,3565,2,,,0,30,,3566,2,,,0,70,,3568,2,,,0,30,,3567,2,,,0
500,'100015',825,,3933,48,,,0,100,,3934,48,,,0,100,,3935,48,,,0,100,,3936,48,,,0,100,,3937,48,,,0,115,,3938,48,,,0,100,,3939,48,,,0,100,,3940,48,,,0,115,,3941,48,,,0,100,,3942,48,,,0,100,,3943,48,,,0
500,'100016',825,,3944,48,,,0,100,,3945,48,,,0,100,,3946,48,,,0,100,,3947,48,,,0,100,,3948,48,,,0,115,,3949,48,,,0,100,,3950,48,,,0,100,,3951,48,,,0,115,,3952,48,,,0,100,,3953,48,,,0,100,,3954,48,,,0
500,'100017',617,,3955,48,,,0,30,,3971,48,,,0,70,,3956,48,,,0,30,,3972,48,,,0,70,,3957,48,,,0,40,,3958,48,,,0,70,,3980,48,,,0,30,,3959,48,,,0,70,,3983,48,,,0,30,,3960,48,,,0,70,,3982,48,,,0,30,,3961,48,,,0,70,,3984,48,,,0,83,,3962,48,,,0,35,,3981,48,,,0,75,,3963,48,,,0,35,,3973,48,,,0,75,,3964,48,,,0,75,,3974,48,,,0,35,,3965,48,,,0,80,,3966,48,,,0,80,,3975,48,,,0,30,,3967,48,,,0,70,,3976,48,,,0,30,,3968,48,,,0,70,,3977,48,,,0,45,,3969,48,,,0,70,,3978,48,,,0,30,,3970,48,,,0,70,,3979,48,,,0,30,,3985,48,,,0,70,,3986,48,,,0
800,'100015',755,,4102,41,,,0,100,,4103,41,,,0,100,,4104,41,,,0,100,,4105,41,,,0,100,,4106,41,,,0,155,,4107,41,,,0,100,,4108,41,,,0,100,,4109,41,,,0,100,,4110,41,,,0,115,,4111,41,,,0,100,,4112,41,,,0,100,,4113,41,,,0
800,'100016',755,,4114,41,,,0,100,,4115,41,,,0,100,,4116,41,,,0,100,,4117,41,,,0,100,,4118,41,,,0,155,,4119,41,,,0,100,,4120,41,,,0,100,,4121,41,,,0,100,,4122,41,,,0,115,,4123,41,,,0,100,,4124,41,,,0,100,,4125,41,,,0
800,'100017',618,,4141,41,,,0,30,,4126,41,,,0,70,,4142,41,,,0,30,,4127,41,,,0,70,,4143,41,,,0,40,,4144,41,,,0,69,,4128,41,,,0,30,,4152,41,,,0,70,,4129,41,,,0,30,,4153,41,,,0,70,,4130,41,,,0,30,,4154,41,,,0,70,,4131,41,,,0,83,,4155,41,,,0,35,,4132,41,,,0,75,,4145,41,,,0,35,,4133,41,,,0,75,,4134,41,,,0,75,,4146,41,,,0,35,,4135,41,,,0,80,,4147,41,,,0,81,,4136,41,,,0,30,,4148,41,,,0,70,,4137,41,,,0,30,,4149,41,,,0,70,,4138,41,,,0,45,,4150,41,,,0,70,,4139,41,,,0,30,,4151,41,,,0,70,,4140,41,,,0,28,,4157,41,,,0,68,,4156,41,,,0
2101,'100015',731,,4228,2,,,0,75,,4229,2,,,0,35,,4230,2,,,0,75,,4231,2,,,0,35,,4232,2,,,0,75,,4233,2,,,0,75,,4234,2,,,0,35,,4235,2,,,0,75,,4236,2,,,0,35,,4237,2,,,0,75,,4238,2,,,0,35,,4239,2,,,0,75,,4240,2,,,0,75,,4241,2,,,0,35,,4242,2,,,0,75,,4243,2,,,0,35,,4244,2,,,0,80,,4245,2,,,0,75,,4246,2,,,0,35,,4247,2,,,0
2101,'100016',731,,4255,2,,,0,75,,4248,2,,,0,35,,4256,2,,,0,75,,4249,2,,,0,35,,4266,2,,,0,75,,4264,2,,,0,75,,4257,2,,,0,36,,4250,2,,,0,74,,4258,2,,,0,35,,4251,2,,,0,75,,4259,2,,,0,35,,4252,2,,,0,75,,4260,2,,,0,75,,4253,2,,,0,35,,4267,2,,,0,75,,4263,2,,,0,35,,4261,2,,,0,80,,4254,2,,,0,75,,4262,2,,,0,35,,4265,2,,,0
2101,'100017',553,,4281,2,,,0,73,,4268,2,,,0,77,,4282,2,,,0,35,,4269,2,,,0,74,,4283,2,,,0,36,,4270,2,,,0,75,,4284,2,,,0,35,,4271,2,,,0,75,,4285,2,,,0,75,,4272,2,,,0,35,,4286,2,,,0,75,,4273,2,,,0,35,,4287,2,,,0,75,,4274,2,,,0,75,,4288,2,,,0,35,,4275,2,,,0,75,,4289,2,,,0,35,,4276,2,,,0,75,,4290,2,,,0,80,,4277,2,,,0,35,,4291,2,,,0,75,,4278,2,,,0,37,,4292,2,,,0,73,,4279,2,,,0,79,,4293,2,,,0,49,,4280,2,,,0,70,,4294,2,,,0,30,,4297,2,,,0,70,,4296,2,,,0,30,,4295,2,,,0
1000900,'100015',731,,4298,3,,,0,80,,4299,3,,,0,40,,4300,3,,,0,80,,4301,3,,,0,80,,4302,3,,,0,40,,4303,3,,,0,80,,4304,3,,,0,85,,4305,3,,,0,40,,4306,3,,,0,80,,4307,3,,,0,80,,4308,3,,,0,40,,4309,3,,,0,80,,4310,3,,,0,80,,4311,3,,,0,85,,4312,3,,,0,40,,4313,3,,,0,80,,4314,3,,,0,80,,4315,3,,,0
1000900,'100016',731,,4316,3,,,0,80,,4317,3,,,0,40,,4318,3,,,0,80,,4319,3,,,0,80,,4320,3,,,0,40,,4321,3,,,0,80,,4322,3,,,0,85,,4323,3,,,0,40,,4324,3,,,0,80,,4325,3,,,0,80,,4326,3,,,0,40,,4327,3,,,0,80,,4328,3,,,0,80,,4329,3,,,0,85,,4330,3,,,0,40,,4331,3,,,0,80,,4332,3,,,0,80,,4333,3,,,0
1000900,'100017',519,,4344,3,,,0,30,,4345,3,,,0,70,,4346,3,,,0,30,,4347,3,,,0,70,,4348,3,,,0,30,,4349,3,,,0,62,,4350,3,,,0,28,,4351,3,,,0,74,,4352,3,,,0,20,,4353,3,,,0,70,,4354,3,,,0,30,,4355,3,,,0,70,,4356,3,,,0,30,,4357,3,,,0,70,,4358,3,,,0,30,,4359,3,,,0,70,,4360,3,,,0,30,,4361,3,,,0,70,,4362,3,,,0,30,,4363,3,,,0,70,,4364,3,,,0,28,,4365,3,,,0,72,,4366,3,,,0,30,,4367,3,,,0,18,,4368,3,,,0,85,,4337,3,,,0,70,,4338,3,,,0,30,,4341,3,,,0,70,,4334,3,,,0,30,,4336,3,,,0,85,,4342,3,,,0,85,,4340,3,,,0,35,,4339,3,,,0,75,,4343,3,,,0,35,,4335,3,,,0
2000900,'100015',751,,4369,3,,,0,80,,4370,3,,,0,80,,4371,3,,,0,40,,4372,3,,,0,80,,4373,3,,,0,80,,4374,3,,,0,40,,4375,3,,,0,80,,4376,3,,,0,85,,4377,3,,,0,40,,4378,3,,,0,80,,4379,3,,,0,80,,4380,3,,,0,85,,4381,3,,,0,40,,4382,3,,,0,80,,4383,3,,,0,80,,4384,3,,,0,40,,4385,3,,,0
2000900,'100016',751,,4386,3,,,0,80,,4387,3,,,0,80,,4388,3,,,0,40,,4389,3,,,0,80,,4390,3,,,0,80,,4391,3,,,0,40,,4392,3,,,0,80,,4393,3,,,0,85,,4394,3,,,0,40,,4395,3,,,0,80,,4396,3,,,0,80,,4397,3,,,0,85,,4398,3,,,0,40,,4399,3,,,0,80,,4400,3,,,0,80,,4401,3,,,0,40,,4402,3,,,0
2000900,'100017',543,,4403,3,,,0,60,,4404,3,,,0,30,,4405,3,,,0,70,,4406,3,,,0,30,,4407,3,,,0,20,,4408,3,,,0,80,,4409,3,,,0,22,,4434,3,,,0,68,,4410,3,,,0,29,,4411,3,,,0,60,,4412,3,,,0,30,,4413,3,,,0,70,,4414,3,,,0,30,,4415,3,,,0,70,,4416,3,,,0,30,,4417,3,,,0,70,,4418,3,,,0,30,,4419,3,,,0,70,,4420,3,,,0,31,,4421,3,,,0,70,,4422,3,,,0,34,,4423,3,,,0,64,,4424,3,,,0,32,,4425,3,,,0,78,,4426,3,,,0,30,,4427,3,,,0,70,,4428,3,,,0,30,,4429,3,,,0,70,,4430,3,,,0,26,,4431,3,,,0,74,,4432,3,,,0,34,,4433,3,,,0,85,,4435,3,,,0,75,,4436,3,,,0,36,,4437,3,,,0
