100,'100015',849,,3428,24,,,0,100,,3429,24,,,0,100,,3430,24,,,0,100,,3431,24,,,0,100,,3432,24,,,0,100,,3433,24,,,0,100,,3434,24,,,0,100,,3435,24,,,0,100,,3436,24,,,0,100,,3437,24,,,0,100,,3438,24,,,0,100,,3439,24,,,0
100,'100016',819,,3453,24,,,0,30,,3440,24,,,0,70,,3463,24,,,0,30,,3441,24,,,0,70,,3454,24,,,0,30,,3442,24,,,0,70,,3455,24,,,0,30,,3444,24,,,0,70,,3456,24,,,0,30,,3443,24,,,0,70,,3457,24,,,0,30,,3445,24,,,0,70,,3458,24,,,0,30,,3446,24,,,0,70,,3459,24,,,0,30,,3447,24,,,0,70,,3460,24,,,0,30,,3448,24,,,0,70,,3461,24,,,0,30,,3449,24,,,0,70,,3462,24,,,0,30,,3450,24,,,0,70,,3452,24,,,0,30,,3451,24,,,0
100,'100017',611,,3464,24,,,0,30,,3469,24,,,0,70,,3465,24,,,0,30,,3482,24,,,0,70,,3466,24,,,0,30,,3470,24,,,0,80,,3467,24,,,0,28,,3483,24,,,0,70,,3468,24,,,0,30,,3471,24,,,0,70,,3480,24,,,0,30,,3484,24,,,0,70,,3481,24,,,0,31,,3472,24,,,0,70,,3479,24,,,0,30,,3485,24,,,0,70,,3473,24,,,0,80,,3494,24,,,0,20,,3487,24,,,0,38,,3493,24,,,0,70,,3486,24,,,0,30,,3492,24,,,0,70,,3474,24,,,0,28,,3491,24,,,0,70,,3475,24,,,0,30,,3490,24,,,0,70,,3476,24,,,0,30,,3489,24,,,0,80,,3477,24,,,0,70,,3488,24,,,0,30,,3478,24,,,0,70,,3496,24,,,0,28,,3495,24,,,0,69,,3497,24,,,0
200,'100015',724,,3591,22,0,5 6,0,30,,3569,22,0,5 6,0,70,,3570,22,0,5 6,0,30,,3571,22,0,5 6,0,70,,3572,22,0,5 6,0,30,,3573,22,0,5 6,0,70,,3574,22,0,5 6,0,30,,3575,22,0,5 6,0,70,,3576,22,0,5 6,0,30,,3577,22,0,5 6,0,70,,3578,22,0,5 31,0,85,,3579,22,0,5 6,0,30,,3580,22,0,5 6,0,70,,3581,22,0,5 6,0,30,,3582,22,0,5 6,0,70,,3583,22,0,5 6,0,30,,3584,22,0,5 6,0,70,,3594,22,0,5 31,0,45,,3586,22,0,5 6,0,70,,3587,22,0,5 6,0,30,,3588,22,0,5 6,0,70,,3589,22,0,5 6,0,30,,3590,22,0,5 6,0,70,,3585,22,0,5 6,0
200,'100016',724,,3616,22,0,5 6,0,30,,3615,22,0,5 6,0,70,,3596,22,0,5 6,0,30,,3595,22,0,5 6,0,70,,3597,22,0,5 6,0,30,,3598,22,0,5 6,0,70,,3599,22,0,5 6,0,30,,3600,22,0,5 6,0,70,,3601,22,0,5 6,0,30,,3602,22,0,5 6,0,70,,3619,22,0,5 31,0,85,,3603,22,0,5 6,0,30,,3604,22,0,5 6,0,70,,3605,22,0,5 6,0,30,,3606,22,0,5 6,0,70,,3607,22,0,5 6,0,30,,3608,22,0,5 6,0,70,,3617,22,0,5 31,0,45,,3609,22,0,5 6,0,70,,3610,22,0,5 6,0,30,,3611,22,0,5 6,0,70,,3612,22,0,5 6,0,30,,3613,22,0,5 6,0,70,,3614,22,0,5 6,0
200,'100017',546,,3621,22,0,5 6,0,70,,3630,22,0,5 6,0,30,,3622,22,0,5 6,0,70,,3631,22,0,5 6,0,30,,3623,22,0,5 6,0,70,,3632,22,0,5 6,0,40,,3624,22,0,5 6,0,70,,3633,22,0,5 6,0,30,,3625,22,0,5 6,0,70,,3634,22,0,5 6,0,30,,3626,22,0,5 6,0,70,,3635,22,0,5 6,0,30,,3627,22,0,5 6,0,70,,3636,22,0,5 31,0,83,,3628,22,0,5 6,0,35,,3637,22,0,5 6,0,75,,3629,22,0,5 6,0,35,,3638,22,0,5 6,0,75,,3646,22,0,5 6,0,75,,3639,22,0,5 6,0,35,,3647,22,0,5 6,0,80,,3640,22,0,5 6,0,40,,3641,22,0,5 6,0,70,,3648,22,0,5 6,0,30,,3642,22,0,5 6,0,70,,3649,22,0,5 6,0,30,,3643,22,0,5 6,0,85,,3650,22,0,5 6,0,70,,3644,22,0,5 6,0,30,,3651,22,0,5 6,0,70,,3645,22,0,5 6,0,30,,3652,22,0,5 6,0,70,,3653,22,0,5 6,0
600,'100015',755,,3987,36,,,0,100,,3988,36,,,0,100,,3989,36,,,0,100,,3990,36,,,0,100,,3991,36,,,0,155,,3992,36,,,0,100,,3993,36,,,0,100,,3994,36,,,0,100,,3995,36,,,0,115,,3996,36,,,0,100,,3997,36,,,0,100,,3998,36,,,0
600,'100016',755,,3999,36,,,0,100,,4000,36,,,0,100,,4001,36,,,0,100,,4002,36,,,0,100,,4003,36,,,0,155,,4004,36,,,0,100,,4005,36,,,0,100,,4006,36,,,0,100,,4007,36,,,0,115,,4008,36,,,0,100,,4009,36,,,0,100,,4010,36,,,0
600,'100017',547,,4021,36,,,0,70,,4011,36,,,0,18,,4039,36,,,0,12,,4022,36,,,0,70,,4012,36,,,0,18,,4040,36,,,0,12,,4023,36,,,0,70,,4013,36,,,0,39,,4014,36,,,0,70,,4031,36,,,0,30,,4015,36,,,0,70,,4032,36,,,0,30,,4016,36,,,0,70,,4041,36,,,0,30,,4017,36,,,0,70,,4042,36,,,0,83,,4018,36,,,0,35,,4043,36,,,0,75,,4019,36,,,0,35,,4024,36,,,0,75,,4020,36,,,0,75,,4033,36,,,0,35,,4025,36,,,0,80,,4034,36,,,0,81,,4026,36,,,0,30,,4035,36,,,0,70,,4027,36,,,0,30,,4036,36,,,0,70,,4028,36,,,0,45,,4037,36,,,0,70,,4029,36,,,0,30,,4038,36,,,0,70,,4030,36,,,0,30,,4045,36,,,0,70,,4044,36,,,0
700,'100015',825,,4046,41,,,0,100,,4047,41,,,0,100,,4048,41,,,0,100,,4049,41,,,0,100,,4050,41,,,0,115,,4051,41,,,0,100,,4052,41,,,0,100,,4053,41,,,0,115,,4054,41,,,0,100,,4055,41,,,0,100,,4056,41,,,0
700,'100016',825,,4057,41,,,0,100,,4058,41,,,0,100,,4059,41,,,0,100,,4060,41,,,0,100,,4061,41,,,0,115,,4062,41,,,0,100,,4063,41,,,0,100,,4064,41,,,0,115,,4065,41,,,0,100,,4066,41,,,0,100,,4067,41,,,0
700,'100017',547,,4068,41,,,0,70,,4078,41,,,0,30,,4069,41,,,0,58,,4096,41,,,0,12,,4079,41,,,0,30,,4070,41,,,0,70,,4080,41,,,0,40,,4089,41,,,0,70,,4071,41,,,0,30,,4090,41,,,0,70,,4072,41,,,0,30,,4097,41,,,0,70,,4073,41,,,0,30,,4098,41,,,0,70,,4074,41,,,0,83,,4099,41,,,0,35,,4075,41,,,0,75,,4081,41,,,0,35,,4076,41,,,0,75,,4082,41,,,0,75,,4077,41,,,0,35,,4083,41,,,0,80,,4084,41,,,0,80,,4091,41,,,0,30,,4085,41,,,0,70,,4092,41,,,0,30,,4086,41,,,0,70,,4093,41,,,0,46,,4087,41,,,0,70,,4094,41,,,0,30,,4088,41,,,0,70,,4095,41,,,0,30,,4100,41,,,0,70,,4101,41,,,0
1000900,'100015',800,,4298,34,,,0,40,,4299,34,,,0,80,,4300,34,,,0,80,,4301,34,,,0,40,,4302,34,,,0,81,,4303,34,,,0,80,,4304,34,,,0,45,,4305,34,,,0,80,,4306,34,,,0,81,,4307,34,,,0,40,,4308,34,,,0,80,,4309,34,,,0,80,,4310,34,,,0,40,,4311,34,,,0,85,,4312,34,,,0,80,,4313,34,,,0,40,,4314,34,,,0,80,,4315,34,,,0
1000900,'100016',800,,4316,34,,,0,40,,4317,34,,,0,80,,4318,34,,,0,80,,4319,34,,,0,40,,4320,34,,,0,81,,4321,34,,,0,80,,4322,34,,,0,45,,4323,34,,,0,80,,4324,34,,,0,81,,4325,34,,,0,40,,4326,34,,,0,80,,4327,34,,,0,80,,4328,34,,,0,40,,4329,34,,,0,85,,4330,34,,,0,80,,4331,34,,,0,40,,4332,34,,,0,80,,4333,34,,,0
1000900,'100017',547,,4344,34,,,0,70,,4345,34,,,0,30,,4346,34,,,0,70,,4347,34,,,0,30,,4348,34,,,0,70,,4349,34,,,0,22,,4350,34,,,0,68,,4351,34,,,0,35,,4352,34,,,0,60,,4353,34,,,0,30,,4354,34,,,0,70,,4355,34,,,0,30,,4356,34,,,0,70,,4357,34,,,0,30,,4358,34,,,0,70,,4359,34,,,0,30,,4360,34,,,0,70,,4361,34,,,0,34,,4362,34,,,0,70,,4363,34,,,0,34,,4364,34,,,0,64,,4365,34,,,0,32,,4366,34,,,0,70,,4367,34,,,0,18,,4368,34,,,0,85,,4337,34,,,0,30,,4338,34,,,0,70,,4341,34,,,0,30,,4334,34,,,0,67,,4336,34,,,0,43,,4342,34,,,0,85,,4340,34,,,0,75,,4339,34,,,0,35,,4343,34,,,0,75,,4335,34,,,0
2000900,'100015',822,,4369,32,,,0,80,,4370,32,,,0,40,,4371,32,,,0,80,,4372,32,,,0,80,,4373,32,,,0,40,,4374,32,,,0,80,,4375,32,,,0,80,,4376,32,,,0,45,,4377,32,,,0,80,,4378,32,,,0,81,,4379,32,,,0,40,,4380,32,,,0,85,,4381,32,,,0,80,,4382,32,,,0,40,,4383,32,,,0,80,,4384,32,,,0,80,,4385,32,,,0
2000900,'100016',822,,4386,32,,,0,80,,4387,32,,,0,40,,4388,32,,,0,80,,4389,32,,,0,80,,4390,32,,,0,40,,4391,32,,,0,80,,4392,32,,,0,80,,4393,32,,,0,45,,4394,32,,,0,80,,4395,32,,,0,81,,4396,32,,,0,40,,4397,32,,,0,85,,4398,32,,,0,80,,4399,32,,,0,40,,4400,32,,,0,80,,4401,32,,,0,80,,4402,32,,,0
2000900,'100017',612,,4403,32,,,0,20,,4404,32,,,0,70,,4405,32,,,0,30,,4406,32,,,0,70,,4407,32,,,0,20,,4408,32,,,0,80,,4409,32,,,0,22,,4434,32,,,0,28,,4410,32,,,0,70,,4411,32,,,0,20,,4412,32,,,0,70,,4413,32,,,0,30,,4414,32,,,0,70,,4415,32,,,0,30,,4416,32,,,0,70,,4417,32,,,0,30,,4418,32,,,0,70,,4419,32,,,0,33,,4420,32,,,0,71,,4421,32,,,0,30,,4422,32,,,0,74,,4423,32,,,0,24,,4424,32,,,0,72,,4425,32,,,0,38,,4426,32,,,0,70,,4427,32,,,0,30,,4428,32,,,0,70,,4429,32,,,0,30,,4430,32,,,0,65,,4431,32,,,0,31,,4432,32,,,0,74,,4433,32,,,0,85,,4435,32,,,0,35,,4436,32,,,0,76,,4437,32,,,0
