200,'100011',714,,1937,3,0,5 6,0,30,,1936,3,0,5 6,0,70,,1915,3,0,5 6,0,30,,1914,3,0,5 6,0,70,,1916,3,0,5 6,0,30,,1917,3,0,5 6,0,70,,1918,3,0,5 6,0,30,,1919,3,0,5 6,0,70,,1920,3,0,5 6,0,30,,1921,3,0,5 6,0,85,,1922,3,0,5 6,0,30,,1923,3,0,5 6,0,70,,1924,3,0,5 6,0,30,,1925,3,0,5 6,0,70,,1926,3,0,5 6,0,30,,1927,3,0,5 6,0,70,,1928,3,0,5 6,0,85,,1929,3,0,5 6,0,30,,1930,3,0,5 6,0,70,,1931,3,0,5 6,0,30,,1932,3,0,5 6,0,70,,1933,3,0,5 6,0,30,,1934,3,0,5 6,0,70,,1935,3,0,5 6,0,30,,1938,3,0,5 6,0
200,'100012',714,,1962,3,0,5 6,0,30,,1961,3,0,5 6,0,70,,1940,3,0,5 6,0,30,,1939,3,0,5 6,0,70,,1941,3,0,5 6,0,30,,1942,3,0,5 6,0,70,,1943,3,0,5 6,0,30,,1944,3,0,5 6,0,70,,1945,3,0,5 6,0,30,,1946,3,0,5 6,0,85,,1947,3,0,5 6,0,30,,1948,3,0,5 6,0,70,,1949,3,0,5 6,0,30,,1950,3,0,5 6,0,70,,1951,3,0,5 6,0,30,,1952,3,0,5 6,0,70,,1953,3,0,5 6,0,85,,1954,3,0,5 6,0,30,,1955,3,0,5 6,0,70,,1956,3,0,5 6,0,30,,1957,3,0,5 6,0,70,,1958,3,0,5 6,0,30,,1959,3,0,5 6,0,70,,1960,3,0,5 6,0
200,'100013',536,,1963,3,0,5 6,0,70,,1972,3,0,5 6,0,30,,1964,3,0,5 6,0,70,,1973,3,0,5 6,0,30,,1965,3,0,5 6,0,70,,1974,3,0,5 6,0,40,,1966,3,0,5 6,0,70,,1975,3,0,5 6,0,30,,1967,3,0,5 6,0,70,,1976,3,0,5 6,0,30,,1968,3,0,5 6,0,70,,1977,3,0,5 6,0,30,,1969,3,0,5 6,0,70,,1978,3,0,5 6,0,42,,1970,3,0,5 6,0,75,,1979,3,0,5 6,0,75,,1971,3,0,5 6,0,35,,1980,3,0,5 6,0,75,,1988,3,0,5 6,0,35,,1981,3,0,5 6,0,75,,1989,3,0,5 6,0,80,,1982,3,0,5 6,0,41,,1983,3,0,5 6,0,70,,1990,3,0,5 6,0,30,,1984,3,0,5 6,0,70,,1991,3,0,5 6,0,30,,1985,3,0,5 6,0,85,,1992,3,0,5 6,0,70,,1986,3,0,5 6,0,30,,1993,3,0,5 6,0,70,,1987,3,0,5 6,0,30,,1994,3,0,5 6,0,70,,1995,3,0,5 6,0
200,'100014',536,,1996,3,0,5 6,0,70,,2005,3,0,5 6,0,30,,1997,3,0,5 6,0,70,,2006,3,0,5 6,0,30,,1998,3,0,5 6,0,70,,2007,3,0,5 6,0,40,,1999,3,0,5 6,0,70,,2008,3,0,5 6,0,30,,2000,3,0,5 6,0,70,,2009,3,0,5 6,0,30,,2001,3,0,5 6,0,70,,2010,3,0,5 6,0,30,,2002,3,0,5 6,0,70,,2011,3,0,5 6,0,42,,2003,3,0,5 6,0,75,,2012,3,0,5 6,0,75,,2004,3,0,5 6,0,35,,2013,3,0,5 6,0,75,,2021,3,0,5 6,0,35,,2014,3,0,5 6,0,75,,2022,3,0,5 6,0,80,,2015,3,0,5 6,0,41,,2016,3,0,5 6,0,70,,2023,3,0,5 6,0,30,,2017,3,0,5 6,0,70,,2024,3,0,5 6,0,30,,2018,3,0,5 6,0,85,,2025,3,0,5 6,0,70,,2019,3,0,5 6,0,30,,2026,3,0,5 6,0,70,,2020,3,0,5 6,0,30,,2027,3,0,5 6,0,70,,2028,3,0,5 6,0
200,'100015',714,,2052,3,0,5 6,0,30,,2029,3,0,5 6,0,70,,2030,3,0,5 6,0,30,,2031,3,0,5 6,0,70,,2032,3,0,5 6,0,30,,2033,3,0,5 6,0,70,,2034,3,0,5 6,0,30,,2035,3,0,5 6,0,70,,2036,3,0,5 6,0,30,,2037,3,0,5 6,0,85,,2038,3,0,5 6,0,30,,2039,3,0,5 6,0,70,,2040,3,0,5 6,0,30,,2041,3,0,5 6,0,70,,2042,3,0,5 6,0,30,,2043,3,0,5 6,0,70,,2044,3,0,5 6,0,85,,2045,3,0,5 6,0,30,,2047,3,0,5 6,0,70,,2048,3,0,5 6,0,30,,2049,3,0,5 6,0,70,,2050,3,0,5 6,0,30,,2051,3,0,5 6,0,70,,2046,3,0,5 6,0
5000,'100013',800,,3197,31,,,0
5100,'100013',757,,3200,31,0,5 28,0
5101,'100013',1452,,3202,23,0,5 28,0
1005300,'100013',759,,3336,14,,,0
1005300,'100014',759,,3337,14,,,0
