500,'100015',807,,3933,14,0,12 3 13,0,100,,3934,14,0,12 3 13,0,100,,3935,14,0,12 3 13,0,100,,3936,14,0,12 3 13,0,100,,3937,14,0,12 3 13,0,115,,3938,14,0,12 3 13,0,100,,3939,14,0,12 3 13,0,100,,3940,14,0,12 3 13,0,115,,3941,14,0,12 3 13,0,100,,3942,14,0,12 3 13,0,100,,3943,14,0,12 3 13,0
500,'100016',807,,3944,14,0,12 3 13,0,100,,3945,14,0,12 3 13,0,100,,3946,14,0,12 3 13,0,100,,3947,14,0,12 3 13,0,100,,3948,14,0,12 3 13,0,115,,3949,14,0,12 3 13,0,100,,3950,14,0,12 3 13,0,100,,3951,14,0,12 3 13,0,115,,3952,14,0,12 3 13,0,100,,3953,14,0,12 3 13,0,100,,3954,14,0,12 3 13,0
500,'100017',559,,3955,14,0,12 3 13,0,70,,3971,14,0,12 3 13,0,30,,3956,14,0,12 3 13,0,70,,3972,14,0,12 3 13,0,30,,3957,14,0,12 3 13,0,80,,3958,14,0,12 3 13,0,70,,3980,14,0,12 3 13,0,30,,3959,14,0,12 3 13,0,70,,3983,14,0,12 3 13,0,30,,3960,14,0,12 3 13,0,70,,3982,14,0,12 3 13,0,30,,3961,14,0,12 3 13,0,70,,3984,14,0,12 3 13,0,40,,3962,14,0,12 3 13,0,75,,3981,14,0,12 3 13,0,35,,3963,14,0,12 3 13,0,75,,3973,14,0,12 3 13,0,75,,3964,14,0,12 3 13,0,35,,3974,14,0,12 3 13,0,75,,3965,14,0,12 3 13,0,40,,3966,14,0,12 3 13,0,83,,3975,14,0,12 3 13,0,70,,3967,14,0,12 3 13,0,30,,3976,14,0,12 3 13,0,70,,3968,14,0,12 3 13,0,30,,3977,14,0,12 3 13,0,85,,3969,14,0,12 3 13,0,30,,3978,14,0,12 3 13,0,70,,3970,14,0,12 3 13,0,30,,3979,14,0,12 3 13,0,70,,3985,14,0,12 3 13,0,30,,3986,14,0,12 3 13,0
700,'100015',806,,4046,10,0,24 3 25,0,100,,4047,10,0,24 3 25,0,100,,4048,10,0,24 3 25,0,100,,4049,10,0,24 3 25,0,100,,4050,10,0,24 3 25,0,115,,4051,10,0,24 3 25,0,100,,4052,10,0,24 3 25,0,100,,4053,10,0,24 3 25,0,115,,4054,10,0,24 3 25,0,100,,4055,10,0,24 3 25,0,100,,4056,10,0,24 3 25,0
700,'100016',806,,4057,10,0,24 3 25,0,100,,4058,10,0,24 3 25,0,100,,4059,10,0,24 3 25,0,100,,4060,10,0,24 3 25,0,100,,4061,10,0,24 3 25,0,115,,4062,10,0,24 3 25,0,100,,4063,10,0,24 3 25,0,100,,4064,10,0,24 3 25,0,115,,4065,10,0,24 3 25,0,100,,4066,10,0,24 3 25,0,100,,4067,10,0,24 3 25,0
700,'100017',528,,4068,10,0,24 3 25,0,30,,4078,10,0,24 3 25,0,70,,4069,10,0,24 3 25,0,18,,4096,10,0,24 3 25,0,12,,4079,10,0,24 3 25,0,70,,4070,10,0,24 3 25,0,30,,4080,10,0,24 3 25,0,80,,4089,10,0,24 3 25,0,70,,4071,10,0,24 3 25,0,30,,4090,10,0,24 3 25,0,70,,4072,10,0,24 3 25,0,30,,4097,10,0,24 3 25,0,70,,4073,10,0,24 3 25,0,30,,4098,10,0,24 3 25,0,70,,4074,10,0,24 3 25,0,39,,4099,10,0,24 3 25,0,75,,4075,10,0,24 3 25,0,35,,4081,10,0,24 3 25,0,75,,4076,10,0,24 3 25,0,75,,4082,10,0,24 3 25,0,35,,4077,10,0,24 3 25,0,75,,4083,10,0,24 3 25,0,40,,4084,10,0,24 3 25,0,84,,4091,10,0,24 3 25,0,70,,4085,10,0,24 3 25,0,30,,4092,10,0,24 3 25,0,70,,4086,10,0,24 3 25,0,30,,4093,10,0,24 3 25,0,85,,4087,10,0,24 3 25,0,30,,4094,10,0,24 3 25,0,70,,4088,10,0,24 3 25,0,30,,4095,10,0,24 3 25,0,70,,4100,10,0,24 3 25,0,30,,4101,10,0,24 3 25,0
1000900,'100015',738,,4298,11,,,0,80,,4299,11,,,0,40,,4300,11,,,0,80,,4301,11,,,0,80,,4302,11,,,0,40,,4303,11,,,0,80,,4304,11,,,0,85,,4305,11,,,0,80,,4306,11,,,0,41,,4307,11,,,0,80,,4308,11,,,0,80,,4309,11,,,0,40,,4310,11,,,0,80,,4311,11,,,0,85,,4312,11,,,0,40,,4313,11,,,0,80,,4314,11,,,0,80,,4315,11,,,0
1000900,'100016',738,,4316,11,,,0,80,,4317,11,,,0,40,,4318,11,,,0,80,,4319,11,,,0,80,,4320,11,,,0,40,,4321,11,,,0,80,,4322,11,,,0,85,,4323,11,,,0,80,,4324,11,,,0,41,,4325,11,,,0,80,,4326,11,,,0,80,,4327,11,,,0,40,,4328,11,,,0,80,,4329,11,,,0,85,,4330,11,,,0,40,,4331,11,,,0,80,,4332,11,,,0,80,,4333,11,,,0
1000900,'100017',525,,4344,11,,,0,30,,4345,11,,,0,70,,4346,11,,,0,30,,4347,11,,,0,70,,4348,11,,,0,30,,4349,11,,,0,62,,4350,11,,,0,28,,4351,11,,,0,74,,4352,11,,,0,20,,4353,11,,,0,70,,4354,11,,,0,30,,4355,11,,,0,70,,4356,11,,,0,30,,4357,11,,,0,70,,4358,11,,,0,30,,4359,11,,,0,70,,4360,11,,,0,30,,4361,11,,,0,72,,4362,11,,,0,30,,4363,11,,,0,70,,4364,11,,,0,28,,4365,11,,,0,72,,4366,11,,,0,30,,4367,11,,,0,18,,4368,11,,,0,85,,4337,11,,,0,70,,4338,11,,,0,30,,4341,11,,,0,70,,4334,11,,,0,29,,4336,11,,,0,84,,4342,11,,,0,85,,4340,11,,,0,35,,4339,11,,,0,75,,4343,11,,,0,35,,4335,11,,,0
2000900,'100015',758,,4369,11,,,0,80,,4370,11,,,0,80,,4371,11,,,0,40,,4372,11,,,0,80,,4373,11,,,0,80,,4374,11,,,0,40,,4375,11,,,0,80,,4376,11,,,0,85,,4377,11,,,0,80,,4378,11,,,0,41,,4379,11,,,0,80,,4380,11,,,0,85,,4381,11,,,0,40,,4382,11,,,0,80,,4383,11,,,0,80,,4384,11,,,0,40,,4385,11,,,0
2000900,'100016',758,,4386,11,,,0,80,,4387,11,,,0,80,,4388,11,,,0,40,,4389,11,,,0,80,,4390,11,,,0,80,,4391,11,,,0,40,,4392,11,,,0,80,,4393,11,,,0,85,,4394,11,,,0,80,,4395,11,,,0,41,,4396,11,,,0,80,,4397,11,,,0,85,,4398,11,,,0,40,,4399,11,,,0,80,,4400,11,,,0,80,,4401,11,,,0,40,,4402,11,,,0
2000900,'100017',549,,4403,11,,,0,60,,4404,11,,,0,30,,4405,11,,,0,70,,4406,11,,,0,30,,4407,11,,,0,20,,4408,11,,,0,80,,4409,11,,,0,62,,4434,11,,,0,28,,4410,11,,,0,29,,4411,11,,,0,60,,4412,11,,,0,30,,4413,11,,,0,70,,4414,11,,,0,30,,4415,11,,,0,70,,4416,11,,,0,30,,4417,11,,,0,70,,4418,11,,,0,30,,4419,11,,,0,72,,4420,11,,,0,31,,4421,11,,,0,70,,4422,11,,,0,34,,4423,11,,,0,64,,4424,11,,,0,32,,4425,11,,,0,78,,4426,11,,,0,30,,4427,11,,,0,70,,4428,11,,,0,30,,4429,11,,,0,70,,4430,11,,,0,25,,4431,11,,,0,73,,4432,11,,,0,74,,4433,11,,,0,45,,4435,11,,,0,75,,4436,11,,,0,36,,4437,11,,,0
