301,'100014',743,,2302,24,0,15 7 16 3 17,0,100,,2303,24,0,15 7 16 3 17,0,100,,2304,24,0,15 7 16 3 17,0,101,,2305,24,0,15 7 16 3 17,0,100,,2306,24,0,15 7 16 3 17,0,115,,2307,24,0,15 7 16 3 17,0,100,,2308,24,0,15 7 16 3 17,0,100,,2309,24,0,15 7 16 3 17,0,100,,2310,24,0,15 7 16 3 17,0,155,,2301,24,0,15 7 16 3 17,0,100,,2299,24,0,15 7 16 3 17,0,100,,2300,24,0,15 7 16 3 17,0,100,,2311,24,0,15 7 16 3 17,0
301,'100015',743,,2315,24,0,15 7 16 3 17,0,100,,2316,24,0,15 7 16 3 17,0,100,,2317,24,0,15 7 16 3 17,0,101,,2318,24,0,15 7 16 3 17,0,100,,2319,24,0,15 7 16 3 17,0,115,,2320,24,0,15 7 16 3 17,0,100,,2321,24,0,15 7 16 3 17,0,100,,2322,24,0,15 7 16 3 17,0,100,,2323,24,0,15 7 16 3 17,0,155,,2314,24,0,15 7 16 3 17,0,100,,2312,24,0,15 7 16 3 17,0,100,,2313,24,0,15 7 16 3 17,0
301,'100016',538,,2324,24,0,15 7 16 3 17,0,70,,2325,24,0,15 7 16 3 17,0,30,,2326,24,0,15 7 16 3 17,0,70,,2327,24,0,15 7 16 3 17,0,30,,2328,24,0,15 7 16 3 17,0,10,,2329,24,0,15 7 16 3 17,0,60,,2334,24,0,15 7 16 3 17,0,40,,2330,24,0,15 7 16 3 17,0,70,,2335,24,0,15 7 16 3 17,0,30,,2331,24,0,15 7 16 3 17,0,70,,2336,24,0,15 7 16 3 17,0,30,,2332,24,0,15 7 16 3 17,0,70,,2337,24,0,15 7 16 3 17,0,30,,2333,24,0,15 7 16 3 17,0,70,,2338,24,0,15 7 16 3 17,0,39,,2339,24,0,15 7 16 3 17,0,75,,2340,24,0,15 7 16 3 17,0,75,,2341,24,0,15 7 16 3 17,0,14,,2342,24,0,15 7 16 3 17,0,21,,2343,24,0,15 7 16 3 17,0,75,,2344,24,0,15 7 16 3 17,0,5,,2359,24,0,15 7 16 3 17,0,30,,2345,24,0,15 7 16 3 17,0,75,,2346,24,0,15 7 16 3 17,0,80,,2347,24,0,15 7 16 3 17,0,44,,2348,24,0,15 7 16 3 17,0,70,,2349,24,0,15 7 16 3 17,0,30,,2350,24,0,15 7 16 3 17,0,70,,2351,24,0,15 7 16 3 17,0,30,,2352,24,0,15 7 16 3 17,0,85,,2353,24,0,15 7 16 3 17,0,70,,2354,24,0,15 7 16 3 17,0,30,,2355,24,0,15 7 16 3 17,0,70,,2356,24,0,15 7 16 3 17,0,30,,2357,24,0,15 7 16 3 17,0,70,,2358,24,0,15 7 16 3 17,0
301,'100017',538,,2360,24,0,15 7 16 3 17,0,70,,2361,24,0,15 7 16 3 17,0,30,,2362,24,0,15 7 16 3 17,0,70,,2363,24,0,15 7 16 3 17,0,30,,2364,24,0,15 7 16 3 17,0,10,,2365,24,0,15 7 16 3 17,0,60,,2370,24,0,15 7 16 3 17,0,40,,2366,24,0,15 7 16 3 17,0,70,,2371,24,0,15 7 16 3 17,0,30,,2367,24,0,15 7 16 3 17,0,70,,2372,24,0,15 7 16 3 17,0,30,,2368,24,0,15 7 16 3 17,0,70,,2373,24,0,15 7 16 3 17,0,30,,2369,24,0,15 7 16 3 17,0,70,,2374,24,0,15 7 16 3 17,0,39,,2375,24,0,15 7 16 3 17,0,75,,2376,24,0,15 7 16 3 17,0,75,,2377,24,0,15 7 16 3 17,0,14,,2378,24,0,15 7 16 3 17,0,21,,2379,24,0,15 7 16 3 17,0,75,,2380,24,0,15 7 16 3 17,0,5,,2395,24,0,15 7 16 3 17,0,30,,2381,24,0,15 7 16 3 17,0,75,,2382,24,0,15 7 16 3 17,0,80,,2383,24,0,15 7 16 3 17,0,44,,2384,24,0,15 7 16 3 17,0,70,,2385,24,0,15 7 16 3 17,0,30,,2386,24,0,15 7 16 3 17,0,70,,2387,24,0,15 7 16 3 17,0,30,,2388,24,0,15 7 16 3 17,0,85,,2389,24,0,15 7 16 3 17,0,70,,2390,24,0,15 7 16 3 17,0,30,,2391,24,0,15 7 16 3 17,0,70,,2392,24,0,15 7 16 3 17,0,30,,2393,24,0,15 7 16 3 17,0,70,,2394,24,0,15 7 16 3 17,0
301,'100018',743,,2399,24,0,15 7 16 3 17,0,100,,2400,24,0,15 7 16 3 17,0,100,,2401,24,0,15 7 16 3 17,0,101,,2402,24,0,15 7 16 3 17,0,100,,2403,24,0,15 7 16 3 17,0,115,,2404,24,0,15 7 16 3 17,0,100,,2405,24,0,15 7 16 3 17,0,100,,2406,24,0,15 7 16 3 17,0,100,,2407,24,0,15 7 16 3 17,0,155,,2396,24,0,15 7 16 3 17,0,100,,2397,24,0,15 7 16 3 17,0,100,,2398,24,0,15 7 16 3 17,0
400,'100014',745,,2408,24,,,0,70,,2421,24,,,0,30,,2409,24,,,0,70,,2422,24,,,0,30,,2410,24,,,0,70,,2423,24,,,0,30,,2411,24,,,0,70,,2424,24,,,0,30,,2412,24,,,0,70,,2425,24,,,0,85,,2413,24,,,0,30,,2426,24,,,0,70,,2414,24,,,0,30,,2427,24,,,0,70,,2415,24,,,0,30,,2428,24,,,0,70,,2416,24,,,0,45,,2429,24,,,0,70,,2417,24,,,0,30,,2430,24,,,0,70,,2418,24,,,0,30,,2420,24,,,0,70,,2419,24,,,0,30,,2431,24,,,0,70,,2432,24,,,0
400,'100015',745,,2433,24,,,0,70,,2446,24,,,0,30,,2434,24,,,0,70,,2447,24,,,0,30,,2435,24,,,0,70,,2448,24,,,0,30,,2436,24,,,0,70,,2449,24,,,0,30,,2437,24,,,0,70,,2450,24,,,0,85,,2438,24,,,0,30,,2451,24,,,0,70,,2439,24,,,0,30,,2452,24,,,0,70,,2440,24,,,0,30,,2453,24,,,0,70,,2441,24,,,0,45,,2454,24,,,0,70,,2442,24,,,0,30,,2455,24,,,0,70,,2443,24,,,0,30,,2445,24,,,0,70,,2444,24,,,0
400,'100016',538,,2485,24,,,0,70,,2464,24,,,0,30,,2456,24,,,0,17,,2483,24,,,0,53,,2465,24,,,0,30,,2457,24,,,0,70,,2466,24,,,0,40,,2458,24,,,0,69,,2484,24,,,0,31,,2459,24,,,0,70,,2480,24,,,0,30,,2460,24,,,0,70,,2481,24,,,0,30,,2461,24,,,0,70,,2482,24,,,0,38,,2462,24,,,0,75,,2487,24,,,0,75,,2463,24,,,0,35,,2467,24,,,0,75,,2486,24,,,0,35,,2468,24,,,0,75,,2469,24,,,0,80,,2475,24,,,0,44,,2470,24,,,0,70,,2476,24,,,0,30,,2471,24,,,0,70,,2477,24,,,0,30,,2472,24,,,0,85,,2478,24,,,0,70,,2473,24,,,0,30,,2479,24,,,0,70,,2474,24,,,0,30,,2488,24,,,0,70,,2489,24,,,0
400,'100017',538,,2519,24,,,0,70,,2498,24,,,0,30,,2490,24,,,0,17,,2517,24,,,0,53,,2499,24,,,0,30,,2491,24,,,0,70,,2500,24,,,0,40,,2492,24,,,0,69,,2518,24,,,0,31,,2493,24,,,0,70,,2514,24,,,0,30,,2494,24,,,0,70,,2515,24,,,0,30,,2495,24,,,0,70,,2516,24,,,0,38,,2496,24,,,0,75,,2521,24,,,0,75,,2497,24,,,0,35,,2501,24,,,0,75,,2520,24,,,0,35,,2502,24,,,0,75,,2503,24,,,0,80,,2509,24,,,0,44,,2504,24,,,0,70,,2510,24,,,0,30,,2505,24,,,0,70,,2511,24,,,0,30,,2506,24,,,0,85,,2512,24,,,0,70,,2507,24,,,0,30,,2513,24,,,0,70,,2508,24,,,0,30,,2522,24,,,0,70,,2523,24,,,0
400,'100018',745,,2524,24,,,0,70,,2525,24,,,0,30,,2526,24,,,0,70,,2527,24,,,0,30,,2528,24,,,0,70,,2529,24,,,0,30,,2530,24,,,0,70,,2531,24,,,0,30,,2532,24,,,0,70,,2533,24,,,0,85,,2534,24,,,0,30,,2535,24,,,0,70,,2536,24,,,0,30,,2537,24,,,0,70,,2538,24,,,0,30,,2539,24,,,0,70,,2540,24,,,0,45,,2542,24,,,0,70,,2543,24,,,0,30,,2544,24,,,0,70,,2545,24,,,0,30,,2546,24,,,0,70,,2541,24,,,0
5201,'100016',749,,3204,42,0,7 8 9,0
5400,'100016',746,,3209,42,0,7 18,0
