700,'100014',820,,3826,,,0,100,,3827,,,0,100,,3828,,,0,100,,3829,,,0,100,,3830,,,0,115,,3831,,,0,100,,3832,,,0,100,,3833,,,0,115,,3834,,,0,100,,3835,,,0,100,,3836,,,0,100,,3837,,,0
700,'100015',820,,3838,,,0,100,,3839,,,0,100,,3840,,,0,100,,3841,,,0,100,,3842,,,0,115,,3843,,,0,100,,3844,,,0,100,,3845,,,0,115,,3846,,,0,100,,3847,,,0,100,,3848,,,0
700,'100016',543,,3849,,,0,70,,3859,,,0,30,,3850,,,0,58,,3877,,,0,12,,3860,,,0,30,,3851,,,0,70,,3861,,,0,40,,3870,,,0,70,,3852,,,0,30,,3871,,,0,70,,3853,,,0,30,,3878,,,0,70,,3854,,,0,30,,3879,,,0,70,,3855,,,0,82,,3880,,,0,35,,3856,,,0,75,,3862,,,0,35,,3857,,,0,75,,3863,,,0,75,,3858,,,0,35,,3864,,,0,80,,3865,,,0,41,,3872,,,0,70,,3866,,,0,30,,3873,,,0,70,,3867,,,0,30,,3874,,,0,86,,3868,,,0,70,,3875,,,0,30,,3869,,,0,70,,3876,,,0,30,,3881,,,0,70,,3882,,,0
700,'100017',543,,3883,,,0,70,,3893,,,0,30,,3884,,,0,58,,3911,,,0,12,,3894,,,0,30,,3885,,,0,70,,3895,,,0,40,,3904,,,0,70,,3886,,,0,30,,3905,,,0,70,,3887,,,0,30,,3912,,,0,70,,3888,,,0,30,,3913,,,0,70,,3889,,,0,82,,3914,,,0,35,,3890,,,0,75,,3896,,,0,35,,3891,,,0,75,,3897,,,0,75,,3892,,,0,35,,3898,,,0,80,,3899,,,0,41,,3906,,,0,70,,3900,,,0,30,,3907,,,0,70,,3901,,,0,30,,3908,,,0,86,,3902,,,0,70,,3909,,,0,30,,3903,,,0,70,,3910,,,0,30,,3915,,,0,70,,3916,,,0
700,'100018',820,,3917,,,0,100,,3918,,,0,100,,3919,,,0,100,,3920,,,0,100,,3921,,,0,115,,3922,,,0,100,,3923,,,0,100,,3924,,,0,115,,3925,,,0,100,,3926,,,0,100,,3927,,,0
800,'100014',747,,3928,,,0,100,,3929,,,0,100,,3930,,,0,100,,3931,,,0,100,,3932,,,0,155,,3933,,,0,100,,3934,,,0,100,,3935,,,0,100,,3936,,,0,115,,3937,,,0,100,,3938,,,0,100,,3939,,,0,100,,3940,,,0
800,'100015',747,,3941,,,0,100,,3942,,,0,100,,3943,,,0,100,,3944,,,0,100,,3945,,,0,155,,3946,,,0,100,,3947,,,0,100,,3948,,,0,100,,3949,,,0,115,,3950,,,0,100,,3951,,,0,100,,3952,,,0
800,'100016',611,,3968,,,0,30,,3953,,,0,70,,3969,,,0,30,,3954,,,0,70,,3970,,,0,40,,3971,,,0,69,,3955,,,0,30,,3979,,,0,70,,3956,,,0,30,,3980,,,0,70,,3957,,,0,30,,3981,,,0,70,,3958,,,0,82,,3982,,,0,35,,3959,,,0,75,,3972,,,0,35,,3960,,,0,75,,3961,,,0,35,,3973,,,0,75,,3962,,,0,80,,3974,,,0,41,,3963,,,0,70,,3975,,,0,30,,3964,,,0,70,,3976,,,0,30,,3965,,,0,85,,3977,,,0,70,,3966,,,0,30,,3978,,,0,70,,3967,,,0,29,,3984,,,0,68,,3983,,,0
800,'100017',611,,4000,,,0,30,,3985,,,0,70,,4001,,,0,30,,3986,,,0,70,,4002,,,0,40,,4003,,,0,69,,3987,,,0,30,,4011,,,0,70,,3988,,,0,30,,4012,,,0,70,,3989,,,0,30,,4013,,,0,70,,3990,,,0,82,,4014,,,0,35,,3991,,,0,75,,4004,,,0,35,,3992,,,0,75,,3993,,,0,35,,4005,,,0,75,,3994,,,0,80,,4006,,,0,41,,3995,,,0,70,,4007,,,0,30,,3996,,,0,70,,4008,,,0,30,,3997,,,0,85,,4009,,,0,70,,3998,,,0,30,,4010,,,0,70,,3999,,,0,29,,4016,,,0,68,,4015,,,0
800,'100018',747,,4017,,,0,100,,4018,,,0,100,,4019,,,0,100,,4020,,,0,100,,4021,,,0,155,,4022,,,0,100,,4023,,,0,100,,4024,,,0,100,,4025,,,0,115,,4026,,,0,100,,4027,,,0,100,,4028,,,0
