301,'100011',743,,2302,25,0,15 7 16 3 17,0,100,,2303,25,0,15 7 16 3 17,0,100,,2304,25,0,15 7 16 3 17,0,101,,2305,25,0,15 7 16 3 17,0,100,,2306,25,0,15 7 16 3 17,0,115,,2307,25,0,15 7 16 3 17,0,100,,2308,25,0,15 7 16 3 17,0,100,,2309,25,0,15 7 16 3 17,0,100,,2310,25,0,15 7 16 3 17,0,155,,2301,25,0,15 7 16 3 17,0,100,,2299,25,0,15 7 16 3 17,0,100,,2300,25,0,15 7 16 3 17,0,100,,2311,25,0,15 7 16 3 17,0
301,'100012',743,,2315,25,0,15 7 16 3 17,0,100,,2316,25,0,15 7 16 3 17,0,100,,2317,25,0,15 7 16 3 17,0,101,,2318,25,0,15 7 16 3 17,0,100,,2319,25,0,15 7 16 3 17,0,115,,2320,25,0,15 7 16 3 17,0,100,,2321,25,0,15 7 16 3 17,0,100,,2322,25,0,15 7 16 3 17,0,100,,2323,25,0,15 7 16 3 17,0,155,,2314,25,0,15 7 16 3 17,0,100,,2312,25,0,15 7 16 3 17,0,100,,2313,25,0,15 7 16 3 17,0
301,'100013',538,,2324,25,0,15 7 16 3 17,0,70,,2325,25,0,15 7 16 3 17,0,30,,2326,25,0,15 7 16 3 17,0,70,,2327,25,0,15 7 16 3 17,0,30,,2328,25,0,15 7 16 3 17,0,10,,2329,25,0,15 7 16 3 17,0,60,,2334,25,0,15 7 16 3 17,0,40,,2330,25,0,15 7 16 3 17,0,70,,2335,25,0,15 7 16 3 17,0,30,,2331,25,0,15 7 16 3 17,0,70,,2336,25,0,15 7 16 3 17,0,30,,2332,25,0,15 7 16 3 17,0,70,,2337,25,0,15 7 16 3 17,0,30,,2333,25,0,15 7 16 3 17,0,70,,2338,25,0,15 7 16 3 17,0,40,,2339,25,0,15 7 16 3 17,0,75,,2340,25,0,15 7 16 3 17,0,75,,2341,25,0,15 7 16 3 17,0,14,,2342,25,0,15 7 16 3 17,0,21,,2343,25,0,15 7 16 3 17,0,75,,2344,25,0,15 7 16 3 17,0,5,,2359,25,0,15 7 16 3 17,0,30,,2345,25,0,15 7 16 3 17,0,75,,2346,25,0,15 7 16 3 17,0,80,,2347,25,0,15 7 16 3 17,0,43,,2348,25,0,15 7 16 3 17,0,70,,2349,25,0,15 7 16 3 17,0,30,,2350,25,0,15 7 16 3 17,0,70,,2351,25,0,15 7 16 3 17,0,30,,2352,25,0,15 7 16 3 17,0,85,,2353,25,0,15 7 16 3 17,0,70,,2354,25,0,15 7 16 3 17,0,30,,2355,25,0,15 7 16 3 17,0,70,,2356,25,0,15 7 16 3 17,0,30,,2357,25,0,15 7 16 3 17,0,70,,2358,25,0,15 7 16 3 17,0
301,'100014',538,,2360,25,0,15 7 16 3 17,0,70,,2361,25,0,15 7 16 3 17,0,30,,2362,25,0,15 7 16 3 17,0,70,,2363,25,0,15 7 16 3 17,0,30,,2364,25,0,15 7 16 3 17,0,10,,2365,25,0,15 7 16 3 17,0,60,,2370,25,0,15 7 16 3 17,0,40,,2366,25,0,15 7 16 3 17,0,70,,2371,25,0,15 7 16 3 17,0,30,,2367,25,0,15 7 16 3 17,0,70,,2372,25,0,15 7 16 3 17,0,30,,2368,25,0,15 7 16 3 17,0,70,,2373,25,0,15 7 16 3 17,0,30,,2369,25,0,15 7 16 3 17,0,70,,2374,25,0,15 7 16 3 17,0,40,,2375,25,0,15 7 16 3 17,0,75,,2376,25,0,15 7 16 3 17,0,75,,2377,25,0,15 7 16 3 17,0,14,,2378,25,0,15 7 16 3 17,0,21,,2379,25,0,15 7 16 3 17,0,75,,2380,25,0,15 7 16 3 17,0,5,,2395,25,0,15 7 16 3 17,0,30,,2381,25,0,15 7 16 3 17,0,75,,2382,25,0,15 7 16 3 17,0,80,,2383,25,0,15 7 16 3 17,0,43,,2384,25,0,15 7 16 3 17,0,70,,2385,25,0,15 7 16 3 17,0,30,,2386,25,0,15 7 16 3 17,0,70,,2387,25,0,15 7 16 3 17,0,30,,2388,25,0,15 7 16 3 17,0,85,,2389,25,0,15 7 16 3 17,0,70,,2390,25,0,15 7 16 3 17,0,30,,2391,25,0,15 7 16 3 17,0,70,,2392,25,0,15 7 16 3 17,0,30,,2393,25,0,15 7 16 3 17,0,70,,2394,25,0,15 7 16 3 17,0
301,'100015',743,,2399,25,0,15 7 16 3 17,0,100,,2400,25,0,15 7 16 3 17,0,100,,2401,25,0,15 7 16 3 17,0,101,,2402,25,0,15 7 16 3 17,0,100,,2403,25,0,15 7 16 3 17,0,115,,2404,25,0,15 7 16 3 17,0,100,,2405,25,0,15 7 16 3 17,0,100,,2406,25,0,15 7 16 3 17,0,100,,2407,25,0,15 7 16 3 17,0,155,,2396,25,0,15 7 16 3 17,0,100,,2397,25,0,15 7 16 3 17,0,100,,2398,25,0,15 7 16 3 17,0
400,'100011',745,,2408,25,,,0,70,,2421,25,,,0,30,,2409,25,,,0,70,,2422,25,,,0,30,,2410,25,,,0,70,,2423,25,,,0,30,,2411,25,,,0,70,,2424,25,,,0,30,,2412,25,,,0,70,,2425,25,,,0,85,,2413,25,,,0,30,,2426,25,,,0,70,,2414,25,,,0,30,,2427,25,,,0,70,,2415,25,,,0,30,,2428,25,,,0,70,,2416,25,,,0,45,,2429,25,,,0,70,,2417,25,,,0,30,,2430,25,,,0,70,,2418,25,,,0,30,,2420,25,,,0,70,,2419,25,,,0,30,,2431,25,,,0,70,,2432,25,,,0
400,'100012',745,,2433,25,,,0,70,,2446,25,,,0,30,,2434,25,,,0,70,,2447,25,,,0,30,,2435,25,,,0,70,,2448,25,,,0,30,,2436,25,,,0,70,,2449,25,,,0,30,,2437,25,,,0,70,,2450,25,,,0,85,,2438,25,,,0,30,,2451,25,,,0,70,,2439,25,,,0,30,,2452,25,,,0,70,,2440,25,,,0,30,,2453,25,,,0,70,,2441,25,,,0,45,,2454,25,,,0,70,,2442,25,,,0,30,,2455,25,,,0,70,,2443,25,,,0,30,,2445,25,,,0,70,,2444,25,,,0
400,'100013',538,,2485,25,,,0,70,,2464,25,,,0,30,,2456,25,,,0,17,,2483,25,,,0,53,,2465,25,,,0,30,,2457,25,,,0,70,,2466,25,,,0,40,,2458,25,,,0,69,,2484,25,,,0,31,,2459,25,,,0,70,,2480,25,,,0,30,,2460,25,,,0,70,,2481,25,,,0,30,,2461,25,,,0,70,,2482,25,,,0,38,,2462,25,,,0,75,,2487,25,,,0,75,,2463,25,,,0,35,,2467,25,,,0,75,,2486,25,,,0,35,,2468,25,,,0,75,,2469,25,,,0,80,,2475,25,,,0,44,,2470,25,,,0,70,,2476,25,,,0,30,,2471,25,,,0,70,,2477,25,,,0,30,,2472,25,,,0,85,,2478,25,,,0,70,,2473,25,,,0,30,,2479,25,,,0,70,,2474,25,,,0,30,,2488,25,,,0,70,,2489,25,,,0
400,'100014',538,,2519,25,,,0,70,,2498,25,,,0,30,,2490,25,,,0,17,,2517,25,,,0,53,,2499,25,,,0,30,,2491,25,,,0,70,,2500,25,,,0,40,,2492,25,,,0,69,,2518,25,,,0,31,,2493,25,,,0,70,,2514,25,,,0,30,,2494,25,,,0,70,,2515,25,,,0,30,,2495,25,,,0,70,,2516,25,,,0,38,,2496,25,,,0,75,,2521,25,,,0,75,,2497,25,,,0,35,,2501,25,,,0,75,,2520,25,,,0,35,,2502,25,,,0,75,,2503,25,,,0,80,,2509,25,,,0,44,,2504,25,,,0,70,,2510,25,,,0,30,,2505,25,,,0,70,,2511,25,,,0,30,,2506,25,,,0,85,,2512,25,,,0,70,,2507,25,,,0,30,,2513,25,,,0,70,,2508,25,,,0,30,,2522,25,,,0,70,,2523,25,,,0
400,'100015',745,,2524,25,,,0,70,,2525,25,,,0,30,,2526,25,,,0,70,,2527,25,,,0,30,,2528,25,,,0,70,,2529,25,,,0,30,,2530,25,,,0,70,,2531,25,,,0,30,,2532,25,,,0,70,,2533,25,,,0,85,,2534,25,,,0,30,,2535,25,,,0,70,,2536,25,,,0,30,,2537,25,,,0,70,,2538,25,,,0,30,,2539,25,,,0,70,,2540,25,,,0,45,,2542,25,,,0,70,,2543,25,,,0,30,,2544,25,,,0,70,,2545,25,,,0,30,,2546,25,,,0,70,,2541,25,,,0
5201,'100013',750,,3204,43,0,7 8 9,0
5400,'100013',747,,3209,43,0,7 18,0
