500,'100015',819,,3933,38,,,0,100,,3934,38,,,0,100,,3935,38,,,0,100,,3936,38,,,0,100,,3937,38,,,0,115,,3938,38,,,0,100,,3939,38,,,0,100,,3940,38,,,0,115,,3941,38,,,0,100,,3942,38,,,0,100,,3943,38,,,0
500,'100016',819,,3944,38,,,0,100,,3945,38,,,0,100,,3946,38,,,0,100,,3947,38,,,0,100,,3948,38,,,0,115,,3949,38,,,0,100,,3950,38,,,0,100,,3951,38,,,0,115,,3952,38,,,0,100,,3953,38,,,0,100,,3954,38,,,0
500,'100017',611,,3955,38,,,0,30,,3971,38,,,0,70,,3956,38,,,0,30,,3972,38,,,0,70,,3957,38,,,0,40,,3958,38,,,0,70,,3980,38,,,0,30,,3959,38,,,0,70,,3983,38,,,0,30,,3960,38,,,0,70,,3982,38,,,0,30,,3961,38,,,0,70,,3984,38,,,0,82,,3962,38,,,0,35,,3981,38,,,0,75,,3963,38,,,0,35,,3973,38,,,0,75,,3964,38,,,0,35,,3974,38,,,0,75,,3965,38,,,0,80,,3966,38,,,0,41,,3975,38,,,0,70,,3967,38,,,0,30,,3976,38,,,0,70,,3968,38,,,0,30,,3977,38,,,0,85,,3969,38,,,0,70,,3978,38,,,0,30,,3970,38,,,0,70,,3979,38,,,0,30,,3985,38,,,0,70,,3986,38,,,0
700,'100015',822,,4046,35,,,0,100,,4047,35,,,0,100,,4048,35,,,0,100,,4049,35,,,0,100,,4050,35,,,0,115,,4051,35,,,0,100,,4052,35,,,0,100,,4053,35,,,0,115,,4054,35,,,0,100,,4055,35,,,0,100,,4056,35,,,0
700,'100016',822,,4057,35,,,0,100,,4058,35,,,0,100,,4059,35,,,0,100,,4060,35,,,0,100,,4061,35,,,0,115,,4062,35,,,0,100,,4063,35,,,0,100,,4064,35,,,0,115,,4065,35,,,0,100,,4066,35,,,0,100,,4067,35,,,0
700,'100017',544,,4068,35,,,0,70,,4078,35,,,0,30,,4069,35,,,0,58,,4096,35,,,0,12,,4079,35,,,0,30,,4070,35,,,0,70,,4080,35,,,0,40,,4089,35,,,0,70,,4071,35,,,0,30,,4090,35,,,0,70,,4072,35,,,0,30,,4097,35,,,0,70,,4073,35,,,0,30,,4098,35,,,0,70,,4074,35,,,0,83,,4099,35,,,0,35,,4075,35,,,0,75,,4081,35,,,0,35,,4076,35,,,0,75,,4082,35,,,0,75,,4077,35,,,0,35,,4083,35,,,0,80,,4084,35,,,0,40,,4091,35,,,0,70,,4085,35,,,0,30,,4092,35,,,0,70,,4086,35,,,0,30,,4093,35,,,0,86,,4087,35,,,0,70,,4094,35,,,0,30,,4088,35,,,0,70,,4095,35,,,0,30,,4100,35,,,0,70,,4101,35,,,0
1000900,'100015',758,,4298,28,,,0,80,,4299,28,,,0,80,,4300,28,,,0,40,,4301,28,,,0,80,,4302,28,,,0,80,,4303,28,,,0,40,,4304,28,,,0,85,,4305,28,,,0,80,,4306,28,,,0,81,,4307,28,,,0,40,,4308,28,,,0,80,,4309,28,,,0,80,,4310,28,,,0,40,,4311,28,,,0,85,,4312,28,,,0,80,,4313,28,,,0,40,,4314,28,,,0,80,,4315,28,,,0
1000900,'100016',758,,4316,28,,,0,80,,4317,28,,,0,80,,4318,28,,,0,40,,4319,28,,,0,80,,4320,28,,,0,80,,4321,28,,,0,40,,4322,28,,,0,85,,4323,28,,,0,80,,4324,28,,,0,81,,4325,28,,,0,40,,4326,28,,,0,80,,4327,28,,,0,80,,4328,28,,,0,40,,4329,28,,,0,85,,4330,28,,,0,80,,4331,28,,,0,40,,4332,28,,,0,80,,4333,28,,,0
1000900,'100017',545,,4344,28,,,0,70,,4345,28,,,0,30,,4346,28,,,0,70,,4347,28,,,0,30,,4348,28,,,0,70,,4349,28,,,0,22,,4350,28,,,0,68,,4351,28,,,0,35,,4352,28,,,0,60,,4353,28,,,0,30,,4354,28,,,0,70,,4355,28,,,0,30,,4356,28,,,0,70,,4357,28,,,0,30,,4358,28,,,0,70,,4359,28,,,0,30,,4360,28,,,0,70,,4361,28,,,0,33,,4362,28,,,0,70,,4363,28,,,0,34,,4364,28,,,0,64,,4365,28,,,0,32,,4366,28,,,0,70,,4367,28,,,0,18,,4368,28,,,0,85,,4337,28,,,0,30,,4338,28,,,0,70,,4341,28,,,0,30,,4334,28,,,0,67,,4336,28,,,0,44,,4342,28,,,0,85,,4340,28,,,0,75,,4339,28,,,0,35,,4343,28,,,0,75,,4335,28,,,0
2000900,'100015',820,,4369,26,,,0,80,,4370,26,,,0,40,,4371,26,,,0,80,,4372,26,,,0,80,,4373,26,,,0,40,,4374,26,,,0,79,,4375,26,,,0,40,,4376,26,,,0,85,,4377,26,,,0,80,,4378,26,,,0,81,,4379,26,,,0,40,,4380,26,,,0,85,,4381,26,,,0,80,,4382,26,,,0,40,,4383,26,,,0,80,,4384,26,,,0,80,,4385,26,,,0
2000900,'100016',820,,4386,26,,,0,80,,4387,26,,,0,40,,4388,26,,,0,80,,4389,26,,,0,80,,4390,26,,,0,40,,4391,26,,,0,79,,4392,26,,,0,40,,4393,26,,,0,85,,4394,26,,,0,80,,4395,26,,,0,81,,4396,26,,,0,40,,4397,26,,,0,85,,4398,26,,,0,80,,4399,26,,,0,40,,4400,26,,,0,80,,4401,26,,,0,80,,4402,26,,,0
2000900,'100017',610,,4403,26,,,0,20,,4404,26,,,0,70,,4405,26,,,0,30,,4406,26,,,0,70,,4407,26,,,0,20,,4408,26,,,0,80,,4409,26,,,0,22,,4434,26,,,0,28,,4410,26,,,0,70,,4411,26,,,0,20,,4412,26,,,0,70,,4413,26,,,0,30,,4414,26,,,0,70,,4415,26,,,0,30,,4416,26,,,0,70,,4417,26,,,0,30,,4418,26,,,0,70,,4419,26,,,0,32,,4420,26,,,0,71,,4421,26,,,0,30,,4422,26,,,0,74,,4423,26,,,0,24,,4424,26,,,0,72,,4425,26,,,0,38,,4426,26,,,0,70,,4427,26,,,0,30,,4428,26,,,0,70,,4429,26,,,0,30,,4430,26,,,0,65,,4431,26,,,0,32,,4432,26,,,0,74,,4433,26,,,0,85,,4435,26,,,0,35,,4436,26,,,0,76,,4437,26,,,0
