2100,'100014',805,,4037,,,0,35,,4030,,,0,75,,4038,,,0,35,,4031,,,0,75,,4047,,,0,75,,4046,,,0,35,,4039,,,0,75,,4032,,,0,35,,4040,,,0,75,,4033,,,0,35,,4041,,,0,75,,4034,,,0,75,,4048,,,0,35,,4045,,,0,75,,4042,,,0,35,,4035,,,0,75,,4043,,,0,80,,4036,,,0,35,,4044,,,0,75,,4029,,,0,110,,4049,,,0
2100,'100015',805,,4058,,,0,35,,4051,,,0,75,,4059,,,0,35,,4052,,,0,75,,4068,,,0,75,,4067,,,0,35,,4060,,,0,75,,4053,,,0,35,,4061,,,0,75,,4054,,,0,35,,4062,,,0,75,,4055,,,0,75,,4069,,,0,35,,4066,,,0,75,,4063,,,0,35,,4056,,,0,75,,4064,,,0,80,,4057,,,0,35,,4065,,,0,75,,4050,,,0
2100,'100016',627,,4084,,,0,75,,4070,,,0,35,,4085,,,0,75,,4071,,,0,35,,4086,,,0,75,,4072,,,0,35,,4087,,,0,75,,4073,,,0,75,,4088,,,0,35,,4074,,,0,75,,4089,,,0,35,,4075,,,0,75,,4090,,,0,75,,4076,,,0,35,,4091,,,0,75,,4077,,,0,36,,4092,,,0,74,,4078,,,0,35,,4093,,,0,80,,4079,,,0,77,,4094,,,0,33,,4080,,,0,79,,4095,,,0,31,,4081,,,0,79,,4096,,,0,83,,4082,,,0,30,,4083,,,0,70,,4097,,,0,30,,4098,,,0,70,,4099,,,0
2100,'100017',627,,4114,,,0,75,,4100,,,0,35,,4115,,,0,75,,4101,,,0,35,,4116,,,0,75,,4102,,,0,35,,4117,,,0,75,,4103,,,0,75,,4118,,,0,35,,4104,,,0,75,,4119,,,0,35,,4105,,,0,75,,4120,,,0,75,,4106,,,0,35,,4121,,,0,75,,4107,,,0,36,,4122,,,0,74,,4108,,,0,35,,4123,,,0,80,,4109,,,0,77,,4124,,,0,33,,4110,,,0,79,,4125,,,0,31,,4111,,,0,79,,4126,,,0,83,,4112,,,0,30,,4113,,,0,70,,4127,,,0,30,,4128,,,0,70,,4129,,,0
2100,'100018',805,,4130,,,0,35,,4131,,,0,75,,4132,,,0,35,,4133,,,0,75,,4134,,,0,75,,4135,,,0,35,,4136,,,0,75,,4137,,,0,35,,4138,,,0,75,,4139,,,0,35,,4140,,,0,75,,4141,,,0,75,,4142,,,0,35,,4143,,,0,75,,4144,,,0,35,,4145,,,0,75,,4146,,,0,80,,4147,,,0,35,,4148,,,0,75,,4149,,,0
2101,'100014',800,,4157,4,,0,35,,4150,4,,0,75,,4158,4,,0,35,,4151,4,,0,75,,4168,4,,0,35,,4166,4,,0,75,,4159,4,,0,76,,4152,4,,0,34,,4160,4,,0,75,,4153,4,,0,35,,4161,4,,0,75,,4154,4,,0,75,,4162,4,,0,35,,4155,4,,0,75,,4169,4,,0,35,,4165,4,,0,75,,4163,4,,0,80,,4156,4,,0,35,,4164,4,,0,75,,4167,4,,0,110,,4170,4,,0
2101,'100015',800,,4178,4,,0,35,,4171,4,,0,75,,4179,4,,0,35,,4172,4,,0,75,,4189,4,,0,35,,4187,4,,0,75,,4180,4,,0,76,,4173,4,,0,34,,4181,4,,0,75,,4174,4,,0,35,,4182,4,,0,75,,4175,4,,0,75,,4183,4,,0,35,,4176,4,,0,75,,4190,4,,0,35,,4186,4,,0,75,,4184,4,,0,80,,4177,4,,0,35,,4185,4,,0,75,,4188,4,,0
2101,'100016',622,,4204,4,,0,33,,4191,4,,0,77,,4205,4,,0,75,,4192,4,,0,34,,4206,4,,0,76,,4193,4,,0,35,,4207,4,,0,75,,4194,4,,0,75,,4208,4,,0,35,,4195,4,,0,75,,4209,4,,0,35,,4196,4,,0,75,,4210,4,,0,35,,4197,4,,0,75,,4211,4,,0,75,,4198,4,,0,35,,4212,4,,0,75,,4199,4,,0,35,,4213,4,,0,80,,4200,4,,0,75,,4214,4,,0,35,,4201,4,,0,77,,4215,4,,0,33,,4202,4,,0,79,,4216,4,,0,84,,4203,4,,0,30,,4217,4,,0,70,,4220,4,,0,30,,4219,4,,0,70,,4218,4,,0
2101,'100017',622,,4234,4,,0,33,,4221,4,,0,77,,4235,4,,0,75,,4222,4,,0,34,,4236,4,,0,76,,4223,4,,0,35,,4237,4,,0,75,,4224,4,,0,75,,4238,4,,0,35,,4225,4,,0,75,,4239,4,,0,35,,4226,4,,0,75,,4240,4,,0,35,,4227,4,,0,75,,4241,4,,0,75,,4228,4,,0,35,,4242,4,,0,75,,4229,4,,0,35,,4243,4,,0,80,,4230,4,,0,75,,4244,4,,0,35,,4231,4,,0,77,,4245,4,,0,33,,4232,4,,0,79,,4246,4,,0,84,,4233,4,,0,30,,4247,4,,0,70,,4250,4,,0,30,,4249,4,,0,70,,4248,4,,0
2101,'100018',800,,4251,4,,0,35,,4252,4,,0,75,,4253,4,,0,35,,4254,4,,0,75,,4255,4,,0,35,,4256,4,,0,75,,4257,4,,0,75,,4258,4,,0,35,,4259,4,,0,75,,4260,4,,0,35,,4261,4,,0,75,,4262,4,,0,75,,4263,4,,0,35,,4264,4,,0,75,,4265,4,,0,35,,4266,4,,0,75,,4267,4,,0,80,,4268,4,,0,35,,4269,4,,0,75,,4270,4,,0
