300,'100011',826,,2191,33,0,15 7 16 3 17,0,100,,2192,33,0,15 7 16 3 17,0,100,,2193,33,0,15 7 16 3 17,0,100,,2194,33,0,15 7 16 3 17,0,100,,2195,33,0,15 7 16 3 17,0,115,,2201,33,0,15 7 16 3 17,0,100,,2196,33,0,15 7 16 3 17,0,100,,2197,33,0,15 7 16 3 17,0,100,,2198,33,0,15 7 16 3 17,0,115,,2199,33,0,15 7 16 3 17,0,100,,2200,33,0,15 7 16 3 17,0,100,,2202,33,0,15 7 16 3 17,0
300,'100012',826,,2203,33,0,15 7 16 3 17,0,100,,2204,33,0,15 7 16 3 17,0,100,,2205,33,0,15 7 16 3 17,0,100,,2206,33,0,15 7 16 3 17,0,100,,2207,33,0,15 7 16 3 17,0,115,,2213,33,0,15 7 16 3 17,0,100,,2208,33,0,15 7 16 3 17,0,100,,2209,33,0,15 7 16 3 17,0,100,,2210,33,0,15 7 16 3 17,0,115,,2211,33,0,15 7 16 3 17,0,100,,2212,33,0,15 7 16 3 17,0
300,'100013',549,,2214,33,0,15 7 16 3 17,0,70,,2215,33,0,15 7 16 3 17,0,15,,2221,33,0,15 7 16 3 17,0,15,,2216,33,0,15 7 16 3 17,0,70,,2217,33,0,15 7 16 3 17,0,30,,2218,33,0,15 7 16 3 17,0,70,,2219,33,0,15 7 16 3 17,0,10,,2222,33,0,15 7 16 3 17,0,20,,2220,33,0,15 7 16 3 17,0,80,,2223,33,0,15 7 16 3 17,0,30,,2227,33,0,15 7 16 3 17,0,70,,2224,33,0,15 7 16 3 17,0,30,,2228,33,0,15 7 16 3 17,0,70,,2225,33,0,15 7 16 3 17,0,30,,2229,33,0,15 7 16 3 17,0,74,,2226,33,0,15 7 16 3 17,0,70,,2230,33,0,15 7 16 3 17,0,43,,2231,33,0,15 7 16 3 17,0,75,,2232,33,0,15 7 16 3 17,0,35,,2233,33,0,15 7 16 3 17,0,1,,2234,33,0,15 7 16 3 17,0,53,,2235,33,0,15 7 16 3 17,0,21,,2236,33,0,15 7 16 3 17,0,75,,2237,33,0,15 7 16 3 17,0,5,,2238,33,0,15 7 16 3 17,0,30,,2239,33,0,15 7 16 3 17,0,75,,2240,33,0,15 7 16 3 17,0,40,,2241,33,0,15 7 16 3 17,0,76,,2242,33,0,15 7 16 3 17,0,70,,2243,33,0,15 7 16 3 17,0,30,,2244,33,0,15 7 16 3 17,0,70,,2245,33,0,15 7 16 3 17,0,30,,2246,33,0,15 7 16 3 17,0,85,,2247,33,0,15 7 16 3 17,0,30,,2248,33,0,15 7 16 3 17,0,70,,2249,33,0,15 7 16 3 17,0,30,,2250,33,0,15 7 16 3 17,0
300,'100014',549,,2251,33,0,15 7 16 3 17,0,70,,2252,33,0,15 7 16 3 17,0,15,,2258,33,0,15 7 16 3 17,0,15,,2253,33,0,15 7 16 3 17,0,70,,2254,33,0,15 7 16 3 17,0,30,,2255,33,0,15 7 16 3 17,0,70,,2256,33,0,15 7 16 3 17,0,10,,2259,33,0,15 7 16 3 17,0,20,,2257,33,0,15 7 16 3 17,0,80,,2260,33,0,15 7 16 3 17,0,30,,2264,33,0,15 7 16 3 17,0,70,,2261,33,0,15 7 16 3 17,0,30,,2265,33,0,15 7 16 3 17,0,70,,2262,33,0,15 7 16 3 17,0,30,,2266,33,0,15 7 16 3 17,0,74,,2263,33,0,15 7 16 3 17,0,70,,2267,33,0,15 7 16 3 17,0,43,,2268,33,0,15 7 16 3 17,0,75,,2269,33,0,15 7 16 3 17,0,35,,2270,33,0,15 7 16 3 17,0,1,,2271,33,0,15 7 16 3 17,0,53,,2272,33,0,15 7 16 3 17,0,21,,2273,33,0,15 7 16 3 17,0,75,,2274,33,0,15 7 16 3 17,0,5,,2275,33,0,15 7 16 3 17,0,30,,2276,33,0,15 7 16 3 17,0,75,,2277,33,0,15 7 16 3 17,0,40,,2278,33,0,15 7 16 3 17,0,76,,2279,33,0,15 7 16 3 17,0,70,,2280,33,0,15 7 16 3 17,0,30,,2281,33,0,15 7 16 3 17,0,70,,2282,33,0,15 7 16 3 17,0,30,,2283,33,0,15 7 16 3 17,0,85,,2284,33,0,15 7 16 3 17,0,30,,2285,33,0,15 7 16 3 17,0,70,,2286,33,0,15 7 16 3 17,0,30,,2287,33,0,15 7 16 3 17,0
300,'100015',826,,2288,33,0,15 7 16 3 17,0,100,,2289,33,0,15 7 16 3 17,0,100,,2290,33,0,15 7 16 3 17,0,100,,2291,33,0,15 7 16 3 17,0,100,,2292,33,0,15 7 16 3 17,0,115,,2293,33,0,15 7 16 3 17,0,100,,2294,33,0,15 7 16 3 17,0,100,,2295,33,0,15 7 16 3 17,0,100,,2296,33,0,15 7 16 3 17,0,115,,2297,33,0,15 7 16 3 17,0,100,,2298,33,0,15 7 16 3 17,0
400,'100011',757,,2408,41,,,0,70,,2421,41,,,0,30,,2409,41,,,0,70,,2422,41,,,0,30,,2410,41,,,0,70,,2423,41,,,0,30,,2411,41,,,0,70,,2424,41,,,0,30,,2412,41,,,0,70,,2425,41,,,0,85,,2413,41,,,0,30,,2426,41,,,0,70,,2414,41,,,0,30,,2427,41,,,0,70,,2415,41,,,0,30,,2428,41,,,0,70,,2416,41,,,0,45,,2429,41,,,0,70,,2417,41,,,0,30,,2430,41,,,0,70,,2418,41,,,0,30,,2420,41,,,0,70,,2419,41,,,0,30,,2431,41,,,0,70,,2432,41,,,0
400,'100012',757,,2433,41,,,0,70,,2446,41,,,0,30,,2434,41,,,0,70,,2447,41,,,0,30,,2435,41,,,0,70,,2448,41,,,0,30,,2436,41,,,0,70,,2449,41,,,0,30,,2437,41,,,0,70,,2450,41,,,0,85,,2438,41,,,0,30,,2451,41,,,0,70,,2439,41,,,0,30,,2452,41,,,0,70,,2440,41,,,0,30,,2453,41,,,0,70,,2441,41,,,0,45,,2454,41,,,0,70,,2442,41,,,0,30,,2455,41,,,0,70,,2443,41,,,0,30,,2445,41,,,0,70,,2444,41,,,0
400,'100013',549,,2485,41,,,0,70,,2464,41,,,0,30,,2456,41,,,0,58,,2483,41,,,0,12,,2465,41,,,0,30,,2457,41,,,0,70,,2466,41,,,0,40,,2458,41,,,0,70,,2484,41,,,0,30,,2459,41,,,0,70,,2480,41,,,0,30,,2460,41,,,0,70,,2481,41,,,0,30,,2461,41,,,0,70,,2482,41,,,0,80,,2462,41,,,0,35,,2487,41,,,0,75,,2463,41,,,0,35,,2467,41,,,0,75,,2486,41,,,0,75,,2468,41,,,0,35,,2469,41,,,0,80,,2475,41,,,0,83,,2470,41,,,0,30,,2476,41,,,0,70,,2471,41,,,0,30,,2477,41,,,0,70,,2472,41,,,0,45,,2478,41,,,0,70,,2473,41,,,0,30,,2479,41,,,0,70,,2474,41,,,0,30,,2488,41,,,0,70,,2489,41,,,0
400,'100014',549,,2519,41,,,0,70,,2498,41,,,0,30,,2490,41,,,0,58,,2517,41,,,0,12,,2499,41,,,0,30,,2491,41,,,0,70,,2500,41,,,0,40,,2492,41,,,0,70,,2518,41,,,0,30,,2493,41,,,0,70,,2514,41,,,0,30,,2494,41,,,0,70,,2515,41,,,0,30,,2495,41,,,0,70,,2516,41,,,0,80,,2496,41,,,0,35,,2521,41,,,0,75,,2497,41,,,0,35,,2501,41,,,0,75,,2520,41,,,0,75,,2502,41,,,0,35,,2503,41,,,0,80,,2509,41,,,0,83,,2504,41,,,0,30,,2510,41,,,0,70,,2505,41,,,0,30,,2511,41,,,0,70,,2506,41,,,0,45,,2512,41,,,0,70,,2507,41,,,0,30,,2513,41,,,0,70,,2508,41,,,0,30,,2522,41,,,0,70,,2523,41,,,0
400,'100015',757,,2524,41,,,0,70,,2525,41,,,0,30,,2526,41,,,0,70,,2527,41,,,0,30,,2528,41,,,0,70,,2529,41,,,0,30,,2530,41,,,0,70,,2531,41,,,0,30,,2532,41,,,0,70,,2533,41,,,0,85,,2534,41,,,0,30,,2535,41,,,0,70,,2536,41,,,0,30,,2537,41,,,0,70,,2538,41,,,0,30,,2539,41,,,0,70,,2540,41,,,0,45,,2542,41,,,0,70,,2543,41,,,0,30,,2544,41,,,0,70,,2545,41,,,0,30,,2546,41,,,0,70,,2541,41,,,0
