200,'100011',722,,1937,20,0,5 6,0,30,,1936,20,0,5 6,0,70,,1915,20,0,5 6,0,30,,1914,20,0,5 6,0,70,,1916,20,0,5 6,0,30,,1917,20,0,5 6,0,70,,1918,20,0,5 6,0,30,,1919,20,0,5 6,0,70,,1920,20,0,5 6,0,30,,1921,20,0,5 6,0,85,,1922,20,0,5 6,0,70,,1923,20,0,5 6,0,30,,1924,20,0,5 6,0,70,,1925,20,0,5 6,0,30,,1926,20,0,5 6,0,70,,1927,20,0,5 6,0,30,,1928,20,0,5 6,0,85,,1929,20,0,5 6,0,30,,1930,20,0,5 6,0,70,,1931,20,0,5 6,0,30,,1932,20,0,5 6,0,70,,1933,20,0,5 6,0,30,,1934,20,0,5 6,0,70,,1935,20,0,5 6,0,30,,1938,20,0,5 6,0
200,'100012',722,,1962,20,0,5 6,0,30,,1961,20,0,5 6,0,70,,1940,20,0,5 6,0,30,,1939,20,0,5 6,0,70,,1941,20,0,5 6,0,30,,1942,20,0,5 6,0,70,,1943,20,0,5 6,0,30,,1944,20,0,5 6,0,70,,1945,20,0,5 6,0,30,,1946,20,0,5 6,0,85,,1947,20,0,5 6,0,70,,1948,20,0,5 6,0,30,,1949,20,0,5 6,0,70,,1950,20,0,5 6,0,30,,1951,20,0,5 6,0,70,,1952,20,0,5 6,0,30,,1953,20,0,5 6,0,85,,1954,20,0,5 6,0,30,,1955,20,0,5 6,0,70,,1956,20,0,5 6,0,30,,1957,20,0,5 6,0,70,,1958,20,0,5 6,0,30,,1959,20,0,5 6,0,70,,1960,20,0,5 6,0
200,'100013',544,,1963,20,0,5 6,0,70,,1972,20,0,5 6,0,30,,1964,20,0,5 6,0,70,,1973,20,0,5 6,0,30,,1965,20,0,5 6,0,70,,1974,20,0,5 6,0,40,,1966,20,0,5 6,0,70,,1975,20,0,5 6,0,30,,1967,20,0,5 6,0,70,,1976,20,0,5 6,0,30,,1968,20,0,5 6,0,70,,1977,20,0,5 6,0,30,,1969,20,0,5 6,0,70,,1978,20,0,5 6,0,83,,1970,20,0,5 6,0,35,,1979,20,0,5 6,0,75,,1971,20,0,5 6,0,35,,1980,20,0,5 6,0,75,,1988,20,0,5 6,0,75,,1981,20,0,5 6,0,35,,1989,20,0,5 6,0,80,,1982,20,0,5 6,0,40,,1983,20,0,5 6,0,70,,1990,20,0,5 6,0,30,,1984,20,0,5 6,0,70,,1991,20,0,5 6,0,30,,1985,20,0,5 6,0,85,,1992,20,0,5 6,0,70,,1986,20,0,5 6,0,30,,1993,20,0,5 6,0,70,,1987,20,0,5 6,0,30,,1994,20,0,5 6,0,70,,1995,20,0,5 6,0
200,'100014',544,,1996,20,0,5 6,0,70,,2005,20,0,5 6,0,30,,1997,20,0,5 6,0,70,,2006,20,0,5 6,0,30,,1998,20,0,5 6,0,70,,2007,20,0,5 6,0,40,,1999,20,0,5 6,0,70,,2008,20,0,5 6,0,30,,2000,20,0,5 6,0,70,,2009,20,0,5 6,0,30,,2001,20,0,5 6,0,70,,2010,20,0,5 6,0,30,,2002,20,0,5 6,0,70,,2011,20,0,5 6,0,83,,2003,20,0,5 6,0,35,,2012,20,0,5 6,0,75,,2004,20,0,5 6,0,35,,2013,20,0,5 6,0,75,,2021,20,0,5 6,0,75,,2014,20,0,5 6,0,35,,2022,20,0,5 6,0,80,,2015,20,0,5 6,0,40,,2016,20,0,5 6,0,70,,2023,20,0,5 6,0,30,,2017,20,0,5 6,0,70,,2024,20,0,5 6,0,30,,2018,20,0,5 6,0,85,,2025,20,0,5 6,0,70,,2019,20,0,5 6,0,30,,2026,20,0,5 6,0,70,,2020,20,0,5 6,0,30,,2027,20,0,5 6,0,70,,2028,20,0,5 6,0
200,'100015',722,,2052,20,0,5 6,0,30,,2029,20,0,5 6,0,70,,2030,20,0,5 6,0,30,,2031,20,0,5 6,0,70,,2032,20,0,5 6,0,30,,2033,20,0,5 6,0,70,,2034,20,0,5 6,0,30,,2035,20,0,5 6,0,70,,2036,20,0,5 6,0,30,,2037,20,0,5 6,0,85,,2038,20,0,5 6,0,70,,2039,20,0,5 6,0,30,,2040,20,0,5 6,0,70,,2041,20,0,5 6,0,30,,2042,20,0,5 6,0,70,,2043,20,0,5 6,0,30,,2044,20,0,5 6,0,85,,2045,20,0,5 6,0,30,,2047,20,0,5 6,0,70,,2048,20,0,5 6,0,30,,2049,20,0,5 6,0,70,,2050,20,0,5 6,0,30,,2051,20,0,5 6,0,70,,2046,20,0,5 6,0
600,'100011',754,,2645,34,,,0,100,,2646,34,,,0,100,,2647,34,,,0,100,,2648,34,,,0,100,,2649,34,,,0,155,,2650,34,,,0,100,,2651,34,,,0,100,,2652,34,,,0,100,,2653,34,,,0,115,,2654,34,,,0,100,,2655,34,,,0,100,,2656,34,,,0,100,,2657,34,,,0
600,'100012',754,,2658,34,,,0,100,,2659,34,,,0,100,,2660,34,,,0,100,,2661,34,,,0,100,,2662,34,,,0,155,,2663,34,,,0,100,,2664,34,,,0,100,,2665,34,,,0,100,,2666,34,,,0,115,,2667,34,,,0,100,,2668,34,,,0,100,,2669,34,,,0
600,'100013',546,,2680,34,,,0,70,,2670,34,,,0,18,,2698,34,,,0,12,,2681,34,,,0,70,,2671,34,,,0,18,,2699,34,,,0,12,,2682,34,,,0,70,,2672,34,,,0,39,,2673,34,,,0,70,,2690,34,,,0,30,,2674,34,,,0,70,,2691,34,,,0,30,,2675,34,,,0,70,,2700,34,,,0,30,,2676,34,,,0,70,,2701,34,,,0,83,,2677,34,,,0,35,,2702,34,,,0,75,,2678,34,,,0,35,,2683,34,,,0,75,,2679,34,,,0,75,,2692,34,,,0,35,,2684,34,,,0,80,,2693,34,,,0,41,,2685,34,,,0,70,,2694,34,,,0,30,,2686,34,,,0,70,,2695,34,,,0,30,,2687,34,,,0,85,,2696,34,,,0,70,,2688,34,,,0,30,,2697,34,,,0,70,,2689,34,,,0,30,,2704,34,,,0,70,,2703,34,,,0
600,'100014',546,,2715,34,,,0,70,,2705,34,,,0,18,,2733,34,,,0,12,,2716,34,,,0,70,,2706,34,,,0,18,,2734,34,,,0,12,,2717,34,,,0,70,,2707,34,,,0,39,,2708,34,,,0,70,,2725,34,,,0,30,,2709,34,,,0,70,,2726,34,,,0,30,,2710,34,,,0,70,,2735,34,,,0,30,,2711,34,,,0,70,,2736,34,,,0,83,,2712,34,,,0,35,,2737,34,,,0,75,,2713,34,,,0,35,,2718,34,,,0,75,,2714,34,,,0,75,,2727,34,,,0,35,,2719,34,,,0,80,,2728,34,,,0,41,,2720,34,,,0,70,,2729,34,,,0,30,,2721,34,,,0,70,,2730,34,,,0,30,,2722,34,,,0,85,,2731,34,,,0,70,,2723,34,,,0,30,,2732,34,,,0,70,,2724,34,,,0,30,,2739,34,,,0,70,,2738,34,,,0
600,'100015',754,,2740,34,,,0,100,,2741,34,,,0,100,,2742,34,,,0,100,,2743,34,,,0,100,,2744,34,,,0,155,,2745,34,,,0,100,,2746,34,,,0,100,,2747,34,,,0,100,,2748,34,,,0,115,,2749,34,,,0,100,,2750,34,,,0,100,,2751,34,,,0
5301,'100013',1603,,3208,50,,,0
1005300,'100013',807,,3336,29,,,0
1005300,'100014',807,,3337,29,,,0
