200,'100011',732,,1937,28,,,0,70,,1936,28,,,0,30,,1915,28,,,0,70,,1914,28,,,0,30,,1916,28,,,0,70,,1917,28,,,0,30,,1918,28,,,0,70,,1919,28,,,0,30,,1920,28,,,0,70,,1921,28,,,0,45,,1922,28,,,0,70,,1923,28,,,0,30,,1924,28,,,0,70,,1925,28,,,0,30,,1926,28,,,0,70,,1927,28,,,0,30,,1928,28,,,0,85,,1929,28,,,0,70,,1930,28,,,0,30,,1931,28,,,0,70,,1932,28,,,0,30,,1933,28,,,0,70,,1934,28,,,0,30,,1935,28,,,0,70,,1938,28,,,0
200,'100012',732,,1962,28,,,0,70,,1961,28,,,0,30,,1940,28,,,0,70,,1939,28,,,0,30,,1941,28,,,0,70,,1942,28,,,0,30,,1943,28,,,0,70,,1944,28,,,0,30,,1945,28,,,0,70,,1946,28,,,0,45,,1947,28,,,0,70,,1948,28,,,0,30,,1949,28,,,0,70,,1950,28,,,0,30,,1951,28,,,0,70,,1952,28,,,0,30,,1953,28,,,0,85,,1954,28,,,0,70,,1955,28,,,0,30,,1956,28,,,0,70,,1957,28,,,0,30,,1958,28,,,0,70,,1959,28,,,0,30,,1960,28,,,0
200,'100013',554,,1963,28,,,0,70,,1972,28,,,0,30,,1964,28,,,0,70,,1973,28,,,0,30,,1965,28,,,0,80,,1974,28,,,0,70,,1966,28,,,0,30,,1975,28,,,0,70,,1967,28,,,0,30,,1976,28,,,0,70,,1968,28,,,0,30,,1977,28,,,0,70,,1969,28,,,0,30,,1978,28,,,0,84,,1970,28,,,0,35,,1979,28,,,0,75,,1971,28,,,0,75,,1980,28,,,0,35,,1988,28,,,0,75,,1981,28,,,0,35,,1989,28,,,0,89,,1982,28,,,0,71,,1983,28,,,0,30,,1990,28,,,0,70,,1984,28,,,0,30,,1991,28,,,0,85,,1985,28,,,0,30,,1992,28,,,0,70,,1986,28,,,0,30,,1993,28,,,0,70,,1987,28,,,0,30,,1994,28,,,0,70,,1995,28,,,0
200,'100014',554,,1996,28,,,0,70,,2005,28,,,0,30,,1997,28,,,0,70,,2006,28,,,0,30,,1998,28,,,0,80,,2007,28,,,0,70,,1999,28,,,0,30,,2008,28,,,0,70,,2000,28,,,0,30,,2009,28,,,0,70,,2001,28,,,0,30,,2010,28,,,0,70,,2002,28,,,0,30,,2011,28,,,0,84,,2003,28,,,0,35,,2012,28,,,0,75,,2004,28,,,0,75,,2013,28,,,0,35,,2021,28,,,0,75,,2014,28,,,0,35,,2022,28,,,0,89,,2015,28,,,0,71,,2016,28,,,0,30,,2023,28,,,0,70,,2017,28,,,0,30,,2024,28,,,0,85,,2018,28,,,0,30,,2025,28,,,0,70,,2019,28,,,0,30,,2026,28,,,0,70,,2020,28,,,0,30,,2027,28,,,0,70,,2028,28,,,0
200,'100015',732,,2052,28,,,0,70,,2029,28,,,0,30,,2030,28,,,0,70,,2031,28,,,0,30,,2032,28,,,0,70,,2033,28,,,0,30,,2034,28,,,0,70,,2035,28,,,0,30,,2036,28,,,0,70,,2037,28,,,0,45,,2038,28,,,0,70,,2039,28,,,0,30,,2040,28,,,0,70,,2041,28,,,0,30,,2042,28,,,0,70,,2043,28,,,0,30,,2044,28,,,0,85,,2045,28,,,0,70,,2047,28,,,0,30,,2048,28,,,0,70,,2049,28,,,0,30,,2050,28,,,0,70,,2051,28,,,0,30,,2046,28,,,0
2101,'100011',732,,3083,4,,,0,75,,3076,4,,,0,35,,3084,4,,,0,75,,3077,4,,,0,35,,3094,4,,,0,75,,3092,4,,,0,75,,3085,4,,,0,36,,3078,4,,,0,74,,3086,4,,,0,35,,3079,4,,,0,75,,3087,4,,,0,35,,3080,4,,,0,75,,3088,4,,,0,75,,3081,4,,,0,35,,3095,4,,,0,75,,3091,4,,,0,35,,3089,4,,,0,80,,3082,4,,,0,75,,3090,4,,,0,35,,3093,4,,,0,110,,3096,4,,,0
2101,'100012',732,,3104,4,,,0,75,,3097,4,,,0,35,,3105,4,,,0,75,,3098,4,,,0,35,,3115,4,,,0,75,,3113,4,,,0,75,,3106,4,,,0,36,,3099,4,,,0,74,,3107,4,,,0,35,,3100,4,,,0,75,,3108,4,,,0,35,,3101,4,,,0,75,,3109,4,,,0,75,,3102,4,,,0,35,,3116,4,,,0,75,,3112,4,,,0,35,,3110,4,,,0,80,,3103,4,,,0,75,,3111,4,,,0,35,,3114,4,,,0
2101,'100013',554,,3130,4,,,0,73,,3117,4,,,0,77,,3131,4,,,0,35,,3118,4,,,0,74,,3132,4,,,0,36,,3119,4,,,0,75,,3133,4,,,0,35,,3120,4,,,0,75,,3134,4,,,0,75,,3121,4,,,0,35,,3135,4,,,0,75,,3122,4,,,0,35,,3136,4,,,0,75,,3123,4,,,0,75,,3137,4,,,0,35,,3124,4,,,0,75,,3138,4,,,0,35,,3125,4,,,0,75,,3139,4,,,0,80,,3126,4,,,0,35,,3140,4,,,0,75,,3127,4,,,0,37,,3141,4,,,0,73,,3128,4,,,0,79,,3142,4,,,0,49,,3129,4,,,0,70,,3143,4,,,0,30,,3146,4,,,0,70,,3145,4,,,0,30,,3144,4,,,0
2101,'100014',554,,3160,4,,,0,73,,3147,4,,,0,77,,3161,4,,,0,35,,3148,4,,,0,74,,3162,4,,,0,36,,3149,4,,,0,75,,3163,4,,,0,35,,3150,4,,,0,75,,3164,4,,,0,75,,3151,4,,,0,35,,3165,4,,,0,75,,3152,4,,,0,35,,3166,4,,,0,75,,3153,4,,,0,75,,3167,4,,,0,35,,3154,4,,,0,75,,3168,4,,,0,35,,3155,4,,,0,75,,3169,4,,,0,80,,3156,4,,,0,35,,3170,4,,,0,75,,3157,4,,,0,37,,3171,4,,,0,73,,3158,4,,,0,79,,3172,4,,,0,49,,3159,4,,,0,70,,3173,4,,,0,30,,3176,4,,,0,70,,3175,4,,,0,30,,3174,4,,,0
2101,'100015',732,,3177,4,,,0,75,,3178,4,,,0,35,,3179,4,,,0,75,,3180,4,,,0,35,,3181,4,,,0,75,,3182,4,,,0,75,,3183,4,,,0,35,,3184,4,,,0,75,,3185,4,,,0,35,,3186,4,,,0,75,,3187,4,,,0,35,,3188,4,,,0,75,,3189,4,,,0,75,,3190,4,,,0,35,,3191,4,,,0,75,,3192,4,,,0,35,,3193,4,,,0,80,,3194,4,,,0,75,,3195,4,,,0,35,,3196,4,,,0
