200,'100014',720,,1937,16,0,5 6,0,30,,1936,16,0,5 6,0,70,,1915,16,0,5 6,0,30,,1914,16,0,5 6,0,70,,1916,16,0,5 6,0,30,,1917,16,0,5 6,0,70,,1918,16,0,5 6,0,30,,1919,16,0,5 6,0,70,,1920,16,0,5 6,0,30,,1921,16,0,5 6,0,85,,1922,16,0,5 6,0,70,,1923,16,0,5 6,0,30,,1924,16,0,5 6,0,70,,1925,16,0,5 6,0,30,,1926,16,0,5 6,0,70,,1927,16,0,5 6,0,30,,1928,16,0,5 6,0,85,,1929,16,0,5 6,0,30,,1930,16,0,5 6,0,70,,1931,16,0,5 6,0,30,,1932,16,0,5 6,0,70,,1933,16,0,5 6,0,30,,1934,16,0,5 6,0,70,,1935,16,0,5 6,0,30,,1938,16,0,5 6,0
200,'100015',720,,1962,16,0,5 6,0,30,,1961,16,0,5 6,0,70,,1940,16,0,5 6,0,30,,1939,16,0,5 6,0,70,,1941,16,0,5 6,0,30,,1942,16,0,5 6,0,70,,1943,16,0,5 6,0,30,,1944,16,0,5 6,0,70,,1945,16,0,5 6,0,30,,1946,16,0,5 6,0,85,,1947,16,0,5 6,0,70,,1948,16,0,5 6,0,30,,1949,16,0,5 6,0,70,,1950,16,0,5 6,0,30,,1951,16,0,5 6,0,70,,1952,16,0,5 6,0,30,,1953,16,0,5 6,0,85,,1954,16,0,5 6,0,30,,1955,16,0,5 6,0,70,,1956,16,0,5 6,0,30,,1957,16,0,5 6,0,70,,1958,16,0,5 6,0,30,,1959,16,0,5 6,0,70,,1960,16,0,5 6,0
200,'100016',542,,1963,16,0,5 6,0,70,,1972,16,0,5 6,0,30,,1964,16,0,5 6,0,70,,1973,16,0,5 6,0,30,,1965,16,0,5 6,0,70,,1974,16,0,5 6,0,40,,1966,16,0,5 6,0,70,,1975,16,0,5 6,0,30,,1967,16,0,5 6,0,70,,1976,16,0,5 6,0,30,,1968,16,0,5 6,0,70,,1977,16,0,5 6,0,30,,1969,16,0,5 6,0,70,,1978,16,0,5 6,0,83,,1970,16,0,5 6,0,35,,1979,16,0,5 6,0,75,,1971,16,0,5 6,0,35,,1980,16,0,5 6,0,75,,1988,16,0,5 6,0,75,,1981,16,0,5 6,0,35,,1989,16,0,5 6,0,80,,1982,16,0,5 6,0,40,,1983,16,0,5 6,0,70,,1990,16,0,5 6,0,30,,1984,16,0,5 6,0,70,,1991,16,0,5 6,0,30,,1985,16,0,5 6,0,85,,1992,16,0,5 6,0,70,,1986,16,0,5 6,0,30,,1993,16,0,5 6,0,70,,1987,16,0,5 6,0,30,,1994,16,0,5 6,0,70,,1995,16,0,5 6,0
200,'100017',542,,1996,16,0,5 6,0,70,,2005,16,0,5 6,0,30,,1997,16,0,5 6,0,70,,2006,16,0,5 6,0,30,,1998,16,0,5 6,0,70,,2007,16,0,5 6,0,40,,1999,16,0,5 6,0,70,,2008,16,0,5 6,0,30,,2000,16,0,5 6,0,70,,2009,16,0,5 6,0,30,,2001,16,0,5 6,0,70,,2010,16,0,5 6,0,30,,2002,16,0,5 6,0,70,,2011,16,0,5 6,0,83,,2003,16,0,5 6,0,35,,2012,16,0,5 6,0,75,,2004,16,0,5 6,0,35,,2013,16,0,5 6,0,75,,2021,16,0,5 6,0,75,,2014,16,0,5 6,0,35,,2022,16,0,5 6,0,80,,2015,16,0,5 6,0,40,,2016,16,0,5 6,0,70,,2023,16,0,5 6,0,30,,2017,16,0,5 6,0,70,,2024,16,0,5 6,0,30,,2018,16,0,5 6,0,85,,2025,16,0,5 6,0,70,,2019,16,0,5 6,0,30,,2026,16,0,5 6,0,70,,2020,16,0,5 6,0,30,,2027,16,0,5 6,0,70,,2028,16,0,5 6,0
200,'100018',720,,2052,16,0,5 6,0,30,,2029,16,0,5 6,0,70,,2030,16,0,5 6,0,30,,2031,16,0,5 6,0,70,,2032,16,0,5 6,0,30,,2033,16,0,5 6,0,70,,2034,16,0,5 6,0,30,,2035,16,0,5 6,0,70,,2036,16,0,5 6,0,30,,2037,16,0,5 6,0,85,,2038,16,0,5 6,0,70,,2039,16,0,5 6,0,30,,2040,16,0,5 6,0,70,,2041,16,0,5 6,0,30,,2042,16,0,5 6,0,70,,2043,16,0,5 6,0,30,,2044,16,0,5 6,0,85,,2045,16,0,5 6,0,30,,2047,16,0,5 6,0,70,,2048,16,0,5 6,0,30,,2049,16,0,5 6,0,70,,2050,16,0,5 6,0,30,,2051,16,0,5 6,0,70,,2046,16,0,5 6,0
600,'100014',752,,2645,32,,,0,100,,2646,32,,,0,100,,2647,32,,,0,100,,2648,32,,,0,100,,2649,32,,,0,155,,2650,32,,,0,100,,2651,32,,,0,100,,2652,32,,,0,100,,2653,32,,,0,115,,2654,32,,,0,100,,2655,32,,,0,100,,2656,32,,,0,100,,2657,32,,,0
600,'100015',752,,2658,32,,,0,100,,2659,32,,,0,100,,2660,32,,,0,100,,2661,32,,,0,100,,2662,32,,,0,155,,2663,32,,,0,100,,2664,32,,,0,100,,2665,32,,,0,100,,2666,32,,,0,115,,2667,32,,,0,100,,2668,32,,,0,100,,2669,32,,,0
600,'100016',544,,2680,32,,,0,70,,2670,32,,,0,18,,2698,32,,,0,12,,2681,32,,,0,70,,2671,32,,,0,18,,2699,32,,,0,12,,2682,32,,,0,70,,2672,32,,,0,39,,2673,32,,,0,70,,2690,32,,,0,30,,2674,32,,,0,70,,2691,32,,,0,30,,2675,32,,,0,70,,2700,32,,,0,30,,2676,32,,,0,70,,2701,32,,,0,83,,2677,32,,,0,35,,2702,32,,,0,75,,2678,32,,,0,35,,2683,32,,,0,75,,2679,32,,,0,75,,2692,32,,,0,35,,2684,32,,,0,80,,2693,32,,,0,41,,2685,32,,,0,70,,2694,32,,,0,30,,2686,32,,,0,70,,2695,32,,,0,30,,2687,32,,,0,85,,2696,32,,,0,70,,2688,32,,,0,30,,2697,32,,,0,70,,2689,32,,,0,30,,2704,32,,,0,70,,2703,32,,,0
600,'100017',544,,2715,32,,,0,70,,2705,32,,,0,18,,2733,32,,,0,12,,2716,32,,,0,70,,2706,32,,,0,18,,2734,32,,,0,12,,2717,32,,,0,70,,2707,32,,,0,39,,2708,32,,,0,70,,2725,32,,,0,30,,2709,32,,,0,70,,2726,32,,,0,30,,2710,32,,,0,70,,2735,32,,,0,30,,2711,32,,,0,70,,2736,32,,,0,83,,2712,32,,,0,35,,2737,32,,,0,75,,2713,32,,,0,35,,2718,32,,,0,75,,2714,32,,,0,75,,2727,32,,,0,35,,2719,32,,,0,80,,2728,32,,,0,41,,2720,32,,,0,70,,2729,32,,,0,30,,2721,32,,,0,70,,2730,32,,,0,30,,2722,32,,,0,85,,2731,32,,,0,70,,2723,32,,,0,30,,2732,32,,,0,70,,2724,32,,,0,30,,2739,32,,,0,70,,2738,32,,,0
600,'100018',752,,2740,32,,,0,100,,2741,32,,,0,100,,2742,32,,,0,100,,2743,32,,,0,100,,2744,32,,,0,155,,2745,32,,,0,100,,2746,32,,,0,100,,2747,32,,,0,100,,2748,32,,,0,115,,2749,32,,,0,100,,2750,32,,,0,100,,2751,32,,,0
5301,'100016',1601,,3208,48,,,0
1005300,'100016',806,,3336,27,,,0
1005300,'100017',806,,3337,27,,,0
