800,'100014',741,,2854,20,0,14 3 15 7 16,0,100,,2855,20,0,14 3 15 7 16,0,100,,2856,20,0,14 3 15 7 16,0,100,,2857,20,0,14 3 15 7 16,0,100,,2858,20,0,14 3 15 7 16,0,115,,2859,20,0,14 3 15 7 16,0,100,,2860,20,0,14 3 15 7 16,0,100,,2861,20,0,14 3 15 7 16,0,100,,2862,20,0,14 3 15 7 16,0,155,,2863,20,0,14 3 15 7 16,0,100,,2864,20,0,14 3 15 7 16,0,100,,2865,20,0,14 3 15 7 16,0,100,,2866,20,0,14 3 15 7 16,0
800,'100015',741,,2867,20,0,14 3 15 7 16,0,100,,2868,20,0,14 3 15 7 16,0,100,,2869,20,0,14 3 15 7 16,0,100,,2870,20,0,14 3 15 7 16,0,100,,2871,20,0,14 3 15 7 16,0,115,,2872,20,0,14 3 15 7 16,0,100,,2873,20,0,14 3 15 7 16,0,100,,2874,20,0,14 3 15 7 16,0,100,,2875,20,0,14 3 15 7 16,0,155,,2876,20,0,14 3 15 7 16,0,100,,2877,20,0,14 3 15 7 16,0,100,,2878,20,0,14 3 15 7 16,0
800,'100016',604,,2894,20,0,14 3 15 7 16,0,30,,2879,20,0,14 3 15 7 16,0,70,,2895,20,0,14 3 15 7 16,0,30,,2880,20,0,14 3 15 7 16,0,70,,2896,20,0,14 3 15 7 16,0,40,,2897,20,0,14 3 15 7 16,0,69,,2881,20,0,14 3 15 7 16,0,30,,2905,20,0,14 3 15 7 16,0,70,,2882,20,0,14 3 15 7 16,0,30,,2906,20,0,14 3 15 7 16,0,70,,2883,20,0,14 3 15 7 16,0,30,,2907,20,0,14 3 15 7 16,0,70,,2884,20,0,14 3 15 7 16,0,41,,2908,20,0,14 3 15 7 16,0,75,,2885,20,0,14 3 15 7 16,0,75,,2898,20,0,14 3 15 7 16,0,35,,2886,20,0,14 3 15 7 16,0,75,,2887,20,0,14 3 15 7 16,0,35,,2899,20,0,14 3 15 7 16,0,75,,2888,20,0,14 3 15 7 16,0,80,,2900,20,0,14 3 15 7 16,0,43,,2889,20,0,14 3 15 7 16,0,70,,2901,20,0,14 3 15 7 16,0,30,,2890,20,0,14 3 15 7 16,0,70,,2902,20,0,14 3 15 7 16,0,30,,2891,20,0,14 3 15 7 16,0,85,,2903,20,0,14 3 15 7 16,0,70,,2892,20,0,14 3 15 7 16,0,30,,2904,20,0,14 3 15 7 16,0,70,,2893,20,0,14 3 15 7 16,0,28,,2910,20,0,14 3 15 7 16,0,28,,2909,20,0,14 3 15 7 16,0
800,'100017',604,,2926,20,0,14 3 15 7 16,0,30,,2911,20,0,14 3 15 7 16,0,70,,2927,20,0,14 3 15 7 16,0,30,,2912,20,0,14 3 15 7 16,0,70,,2928,20,0,14 3 15 7 16,0,40,,2929,20,0,14 3 15 7 16,0,69,,2913,20,0,14 3 15 7 16,0,30,,2937,20,0,14 3 15 7 16,0,70,,2914,20,0,14 3 15 7 16,0,30,,2938,20,0,14 3 15 7 16,0,70,,2915,20,0,14 3 15 7 16,0,30,,2939,20,0,14 3 15 7 16,0,70,,2916,20,0,14 3 15 7 16,0,41,,2940,20,0,14 3 15 7 16,0,75,,2917,20,0,14 3 15 7 16,0,75,,2930,20,0,14 3 15 7 16,0,35,,2918,20,0,14 3 15 7 16,0,75,,2919,20,0,14 3 15 7 16,0,35,,2931,20,0,14 3 15 7 16,0,75,,2920,20,0,14 3 15 7 16,0,80,,2932,20,0,14 3 15 7 16,0,43,,2921,20,0,14 3 15 7 16,0,70,,2933,20,0,14 3 15 7 16,0,30,,2922,20,0,14 3 15 7 16,0,70,,2934,20,0,14 3 15 7 16,0,30,,2923,20,0,14 3 15 7 16,0,85,,2935,20,0,14 3 15 7 16,0,70,,2924,20,0,14 3 15 7 16,0,30,,2936,20,0,14 3 15 7 16,0,70,,2925,20,0,14 3 15 7 16,0,28,,2942,20,0,14 3 15 7 16,0,28,,2941,20,0,14 3 15 7 16,0
800,'100018',741,,2943,20,0,14 3 15 7 16,0,100,,2944,20,0,14 3 15 7 16,0,100,,2945,20,0,14 3 15 7 16,0,100,,2946,20,0,14 3 15 7 16,0,100,,2947,20,0,14 3 15 7 16,0,115,,2948,20,0,14 3 15 7 16,0,100,,2949,20,0,14 3 15 7 16,0,100,,2950,20,0,14 3 15 7 16,0,100,,2951,20,0,14 3 15 7 16,0,155,,2952,20,0,14 3 15 7 16,0,100,,2953,20,0,14 3 15 7 16,0,100,,2954,20,0,14 3 15 7 16,0
5000,'100016',751,,3197,18,0,7 8 9 10 11,0
5100,'100016',749,,3200,19,0,7 8 9 10 11,0
5300,'100016',828,,3206,52,,,0
1005301,'100016',1503,,3338,10,,,0
1005301,'100017',1503,,3339,10,,,0
