200,'100011',715,,1937,4,0,5 6,0,30,,1936,4,0,5 6,0,70,,1915,4,0,5 6,0,30,,1914,4,0,5 6,0,70,,1916,4,0,5 6,0,30,,1917,4,0,5 6,0,70,,1918,4,0,5 6,0,30,,1919,4,0,5 6,0,70,,1920,4,0,5 6,0,30,,1921,4,0,5 6,0,85,,1922,4,0,5 6,0,70,,1923,4,0,5 6,0,30,,1924,4,0,5 6,0,70,,1925,4,0,5 6,0,30,,1926,4,0,5 6,0,70,,1927,4,0,5 6,0,30,,1928,4,0,5 6,0,85,,1929,4,0,5 6,0,30,,1930,4,0,5 6,0,70,,1931,4,0,5 6,0,30,,1932,4,0,5 6,0,70,,1933,4,0,5 6,0,30,,1934,4,0,5 6,0,70,,1935,4,0,5 6,0,30,,1938,4,0,5 6,0
200,'100012',715,,1962,4,0,5 6,0,30,,1961,4,0,5 6,0,70,,1940,4,0,5 6,0,30,,1939,4,0,5 6,0,70,,1941,4,0,5 6,0,30,,1942,4,0,5 6,0,70,,1943,4,0,5 6,0,30,,1944,4,0,5 6,0,70,,1945,4,0,5 6,0,30,,1946,4,0,5 6,0,85,,1947,4,0,5 6,0,70,,1948,4,0,5 6,0,30,,1949,4,0,5 6,0,70,,1950,4,0,5 6,0,30,,1951,4,0,5 6,0,70,,1952,4,0,5 6,0,30,,1953,4,0,5 6,0,85,,1954,4,0,5 6,0,30,,1955,4,0,5 6,0,70,,1956,4,0,5 6,0,30,,1957,4,0,5 6,0,70,,1958,4,0,5 6,0,30,,1959,4,0,5 6,0,70,,1960,4,0,5 6,0
200,'100013',537,,1963,4,0,5 6,0,70,,1972,4,0,5 6,0,30,,1964,4,0,5 6,0,70,,1973,4,0,5 6,0,30,,1965,4,0,5 6,0,70,,1974,4,0,5 6,0,40,,1966,4,0,5 6,0,70,,1975,4,0,5 6,0,30,,1967,4,0,5 6,0,70,,1976,4,0,5 6,0,30,,1968,4,0,5 6,0,70,,1977,4,0,5 6,0,30,,1969,4,0,5 6,0,70,,1978,4,0,5 6,0,41,,1970,4,0,5 6,0,75,,1979,4,0,5 6,0,75,,1971,4,0,5 6,0,35,,1980,4,0,5 6,0,75,,1988,4,0,5 6,0,35,,1981,4,0,5 6,0,75,,1989,4,0,5 6,0,80,,1982,4,0,5 6,0,42,,1983,4,0,5 6,0,70,,1990,4,0,5 6,0,30,,1984,4,0,5 6,0,70,,1991,4,0,5 6,0,30,,1985,4,0,5 6,0,85,,1992,4,0,5 6,0,70,,1986,4,0,5 6,0,30,,1993,4,0,5 6,0,70,,1987,4,0,5 6,0,30,,1994,4,0,5 6,0,70,,1995,4,0,5 6,0
200,'100014',537,,1996,4,0,5 6,0,70,,2005,4,0,5 6,0,30,,1997,4,0,5 6,0,70,,2006,4,0,5 6,0,30,,1998,4,0,5 6,0,70,,2007,4,0,5 6,0,40,,1999,4,0,5 6,0,70,,2008,4,0,5 6,0,30,,2000,4,0,5 6,0,70,,2009,4,0,5 6,0,30,,2001,4,0,5 6,0,70,,2010,4,0,5 6,0,30,,2002,4,0,5 6,0,70,,2011,4,0,5 6,0,41,,2003,4,0,5 6,0,75,,2012,4,0,5 6,0,75,,2004,4,0,5 6,0,35,,2013,4,0,5 6,0,75,,2021,4,0,5 6,0,35,,2014,4,0,5 6,0,75,,2022,4,0,5 6,0,80,,2015,4,0,5 6,0,42,,2016,4,0,5 6,0,70,,2023,4,0,5 6,0,30,,2017,4,0,5 6,0,70,,2024,4,0,5 6,0,30,,2018,4,0,5 6,0,85,,2025,4,0,5 6,0,70,,2019,4,0,5 6,0,30,,2026,4,0,5 6,0,70,,2020,4,0,5 6,0,30,,2027,4,0,5 6,0,70,,2028,4,0,5 6,0
200,'100015',715,,2052,4,0,5 6,0,30,,2029,4,0,5 6,0,70,,2030,4,0,5 6,0,30,,2031,4,0,5 6,0,70,,2032,4,0,5 6,0,30,,2033,4,0,5 6,0,70,,2034,4,0,5 6,0,30,,2035,4,0,5 6,0,70,,2036,4,0,5 6,0,30,,2037,4,0,5 6,0,85,,2038,4,0,5 6,0,70,,2039,4,0,5 6,0,30,,2040,4,0,5 6,0,70,,2041,4,0,5 6,0,30,,2042,4,0,5 6,0,70,,2043,4,0,5 6,0,30,,2044,4,0,5 6,0,85,,2045,4,0,5 6,0,30,,2047,4,0,5 6,0,70,,2048,4,0,5 6,0,30,,2049,4,0,5 6,0,70,,2050,4,0,5 6,0,30,,2051,4,0,5 6,0,70,,2046,4,0,5 6,0
5000,'100013',800,,3197,32,,,0
5100,'100013',757,,3200,32,0,5 28,0
5101,'100013',1452,,3202,24,0,5 28,0
1005300,'100013',759,,3336,15,,,0
1005300,'100014',759,,3337,15,,,0
