300,'100013',800,,2191,3,0,15 7 16 3 17,0,100,,2192,3,0,15 7 16 3 17,0,100,,2193,3,0,15 7 16 3 17,0,100,,2194,3,0,15 7 16 3 17,0,100,,2195,3,0,15 7 16 3 17,0,115,,2201,3,0,15 7 16 3 17,0,100,,2196,3,0,15 7 16 3 17,0,100,,2197,3,0,15 7 16 3 17,0,100,,2198,3,0,15 7 16 3 17,0,115,,2199,3,0,15 7 16 3 17,0,100,,2200,3,0,15 7 16 3 17,0,100,,2202,3,0,15 7 16 3 17,0
300,'100014',800,,2203,3,0,15 7 16 3 17,0,100,,2204,3,0,15 7 16 3 17,0,100,,2205,3,0,15 7 16 3 17,0,100,,2206,3,0,15 7 16 3 17,0,100,,2207,3,0,15 7 16 3 17,0,115,,2213,3,0,15 7 16 3 17,0,100,,2208,3,0,15 7 16 3 17,0,100,,2209,3,0,15 7 16 3 17,0,100,,2210,3,0,15 7 16 3 17,0,115,,2211,3,0,15 7 16 3 17,0,100,,2212,3,0,15 7 16 3 17,0
300,'100015',524,,2214,3,0,15 7 16 3 17,0,30,,2215,3,0,15 7 16 3 17,0,55,,2221,3,0,15 7 16 3 17,0,15,,2216,3,0,15 7 16 3 17,0,30,,2217,3,0,15 7 16 3 17,0,70,,2218,3,0,15 7 16 3 17,0,30,,2219,3,0,15 7 16 3 17,0,50,,2222,3,0,15 7 16 3 17,0,20,,2220,3,0,15 7 16 3 17,0,80,,2223,3,0,15 7 16 3 17,0,30,,2227,3,0,15 7 16 3 17,0,70,,2224,3,0,15 7 16 3 17,0,30,,2228,3,0,15 7 16 3 17,0,70,,2225,3,0,15 7 16 3 17,0,30,,2229,3,0,15 7 16 3 17,0,70,,2226,3,0,15 7 16 3 17,0,30,,2230,3,0,15 7 16 3 17,0,83,,2231,3,0,15 7 16 3 17,0,35,,2232,3,0,15 7 16 3 17,0,75,,2233,3,0,15 7 16 3 17,0,1,,2234,3,0,15 7 16 3 17,0,13,,2235,3,0,15 7 16 3 17,0,61,,2236,3,0,15 7 16 3 17,0,35,,2237,3,0,15 7 16 3 17,0,5,,2238,3,0,15 7 16 3 17,0,70,,2239,3,0,15 7 16 3 17,0,35,,2240,3,0,15 7 16 3 17,0,80,,2241,3,0,15 7 16 3 17,0,80,,2242,3,0,15 7 16 3 17,0,30,,2243,3,0,15 7 16 3 17,0,70,,2244,3,0,15 7 16 3 17,0,30,,2245,3,0,15 7 16 3 17,0,70,,2246,3,0,15 7 16 3 17,0,45,,2247,3,0,15 7 16 3 17,0,70,,2248,3,0,15 7 16 3 17,0,30,,2249,3,0,15 7 16 3 17,0,70,,2250,3,0,15 7 16 3 17,0
300,'100016',524,,2251,3,0,15 7 16 3 17,0,30,,2252,3,0,15 7 16 3 17,0,55,,2258,3,0,15 7 16 3 17,0,15,,2253,3,0,15 7 16 3 17,0,30,,2254,3,0,15 7 16 3 17,0,70,,2255,3,0,15 7 16 3 17,0,30,,2256,3,0,15 7 16 3 17,0,50,,2259,3,0,15 7 16 3 17,0,20,,2257,3,0,15 7 16 3 17,0,80,,2260,3,0,15 7 16 3 17,0,30,,2264,3,0,15 7 16 3 17,0,70,,2261,3,0,15 7 16 3 17,0,30,,2265,3,0,15 7 16 3 17,0,70,,2262,3,0,15 7 16 3 17,0,30,,2266,3,0,15 7 16 3 17,0,70,,2263,3,0,15 7 16 3 17,0,30,,2267,3,0,15 7 16 3 17,0,83,,2268,3,0,15 7 16 3 17,0,35,,2269,3,0,15 7 16 3 17,0,75,,2270,3,0,15 7 16 3 17,0,1,,2271,3,0,15 7 16 3 17,0,13,,2272,3,0,15 7 16 3 17,0,61,,2273,3,0,15 7 16 3 17,0,35,,2274,3,0,15 7 16 3 17,0,5,,2275,3,0,15 7 16 3 17,0,70,,2276,3,0,15 7 16 3 17,0,35,,2277,3,0,15 7 16 3 17,0,80,,2278,3,0,15 7 16 3 17,0,80,,2279,3,0,15 7 16 3 17,0,30,,2280,3,0,15 7 16 3 17,0,70,,2281,3,0,15 7 16 3 17,0,30,,2282,3,0,15 7 16 3 17,0,70,,2283,3,0,15 7 16 3 17,0,45,,2284,3,0,15 7 16 3 17,0,70,,2285,3,0,15 7 16 3 17,0,30,,2286,3,0,15 7 16 3 17,0,70,,2287,3,0,15 7 16 3 17,0
300,'100017',800,,2288,3,0,15 7 16 3 17,0,100,,2289,3,0,15 7 16 3 17,0,100,,2290,3,0,15 7 16 3 17,0,100,,2291,3,0,15 7 16 3 17,0,100,,2292,3,0,15 7 16 3 17,0,115,,2293,3,0,15 7 16 3 17,0,100,,2294,3,0,15 7 16 3 17,0,100,,2295,3,0,15 7 16 3 17,0,100,,2296,3,0,15 7 16 3 17,0,115,,2297,3,0,15 7 16 3 17,0,100,,2298,3,0,15 7 16 3 17,0
5300,'100015',815,,3206,30,,,0
5301,'100015',1547,,3208,23,,,0
1005300,'100015',753,,3336,5,,,0
1005300,'100016',753,,3337,5,,,0
1005301,'100015',1513,,3338,17,,,0
1005301,'100016',1513,,3339,17,,,0
