301,'100014',731,,3799,2,0,15 7 16 3 17,0,100,,3800,2,0,15 7 16 3 17,0,100,,3801,2,0,15 7 16 3 17,0,101,,3802,2,0,15 7 16 3 17,0,100,,3803,2,0,15 7 16 3 17,0,115,,3804,2,0,15 7 16 3 17,0,100,,3805,2,0,15 7 16 3 17,0,100,,3806,2,0,15 7 16 3 17,0,100,,3807,2,0,15 7 16 3 17,0,155,,3796,2,0,15 7 16 3 17,0,100,,3797,2,0,15 7 16 3 17,0,100,,3798,2,0,15 7 16 3 17,0
301,'100015',731,,3811,2,0,15 7 16 3 17,0,100,,3812,2,0,15 7 16 3 17,0,100,,3813,2,0,15 7 16 3 17,0,101,,3814,2,0,15 7 16 3 17,0,100,,3815,2,0,15 7 16 3 17,0,115,,3816,2,0,15 7 16 3 17,0,100,,3817,2,0,15 7 16 3 17,0,100,,3818,2,0,15 7 16 3 17,0,100,,3819,2,0,15 7 16 3 17,0,155,,3810,2,0,15 7 16 3 17,0,100,,3808,2,0,15 7 16 3 17,0,100,,3809,2,0,15 7 16 3 17,0
301,'100016',524,,3820,2,0,15 7 16 3 17,0,30,,3821,2,0,15 7 16 3 17,0,70,,3822,2,0,15 7 16 3 17,0,30,,3823,2,0,15 7 16 3 17,0,70,,3824,2,0,15 7 16 3 17,0,30,,3829,2,0,15 7 16 3 17,0,80,,3825,2,0,15 7 16 3 17,0,70,,3830,2,0,15 7 16 3 17,0,30,,3826,2,0,15 7 16 3 17,0,70,,3831,2,0,15 7 16 3 17,0,30,,3827,2,0,15 7 16 3 17,0,70,,3832,2,0,15 7 16 3 17,0,30,,3828,2,0,15 7 16 3 17,0,70,,3833,2,0,15 7 16 3 17,0,38,,3834,2,0,15 7 16 3 17,0,75,,3835,2,0,15 7 16 3 17,0,35,,3836,2,0,15 7 16 3 17,0,75,,3837,2,0,15 7 16 3 17,0,75,,3838,2,0,15 7 16 3 17,0,35,,3839,2,0,15 7 16 3 17,0,75,,3840,2,0,15 7 16 3 17,0,40,,3841,2,0,15 7 16 3 17,0,85,,3842,2,0,15 7 16 3 17,0,70,,3843,2,0,15 7 16 3 17,0,30,,3844,2,0,15 7 16 3 17,0,70,,3845,2,0,15 7 16 3 17,0,30,,3846,2,0,15 7 16 3 17,0,85,,3847,2,0,15 7 16 3 17,0,30,,3848,2,0,15 7 16 3 17,0,70,,3849,2,0,15 7 16 3 17,0,30,,3850,2,0,15 7 16 3 17,0,70,,3851,2,0,15 7 16 3 17,0,30,,3852,2,0,15 7 16 3 17,0
400,'100014',732,,3853,2,0,17 3 15 7 16,0,70,,3854,2,0,17 3 15 7 16,0,30,,3855,2,0,17 3 15 7 16,0,70,,3856,2,0,17 3 15 7 16,0,30,,3857,2,0,17 3 15 7 16,0,70,,3858,2,0,17 3 15 7 16,0,30,,3859,2,0,17 3 15 7 16,0,70,,3860,2,0,17 3 15 7 16,0,30,,3861,2,0,17 3 15 7 16,0,70,,3862,2,0,17 3 15 7 16,0,45,,3863,2,0,17 3 15 7 16,0,70,,3864,2,0,17 3 15 7 16,0,30,,3865,2,0,17 3 15 7 16,0,70,,3866,2,0,17 3 15 7 16,0,30,,3867,2,0,17 3 15 7 16,0,70,,3868,2,0,17 3 15 7 16,0,30,,3869,2,0,17 3 15 7 16,0,85,,3871,2,0,17 3 15 7 16,0,70,,3872,2,0,17 3 15 7 16,0,30,,3873,2,0,17 3 15 7 16,0,70,,3874,2,0,17 3 15 7 16,0,30,,3875,2,0,17 3 15 7 16,0,70,,3870,2,0,17 3 15 7 16,0
400,'100015',732,,3876,2,0,17 3 15 7 16,0,70,,3889,2,0,17 3 15 7 16,0,30,,3877,2,0,17 3 15 7 16,0,70,,3890,2,0,17 3 15 7 16,0,30,,3878,2,0,17 3 15 7 16,0,70,,3891,2,0,17 3 15 7 16,0,30,,3879,2,0,17 3 15 7 16,0,70,,3892,2,0,17 3 15 7 16,0,30,,3880,2,0,17 3 15 7 16,0,70,,3893,2,0,17 3 15 7 16,0,45,,3881,2,0,17 3 15 7 16,0,70,,3894,2,0,17 3 15 7 16,0,30,,3882,2,0,17 3 15 7 16,0,70,,3895,2,0,17 3 15 7 16,0,30,,3883,2,0,17 3 15 7 16,0,70,,3896,2,0,17 3 15 7 16,0,30,,3884,2,0,17 3 15 7 16,0,85,,3897,2,0,17 3 15 7 16,0,70,,3885,2,0,17 3 15 7 16,0,30,,3898,2,0,17 3 15 7 16,0,70,,3886,2,0,17 3 15 7 16,0,30,,3888,2,0,17 3 15 7 16,0,70,,3887,2,0,17 3 15 7 16,0
400,'100016',524,,3928,2,0,17 3 15 7 16,0,30,,3907,2,0,17 3 15 7 16,0,70,,3899,2,0,17 3 15 7 16,0,18,,3926,2,0,17 3 15 7 16,0,12,,3908,2,0,17 3 15 7 16,0,70,,3900,2,0,17 3 15 7 16,0,30,,3909,2,0,17 3 15 7 16,0,80,,3901,2,0,17 3 15 7 16,0,69,,3927,2,0,17 3 15 7 16,0,31,,3902,2,0,17 3 15 7 16,0,70,,3923,2,0,17 3 15 7 16,0,30,,3903,2,0,17 3 15 7 16,0,70,,3924,2,0,17 3 15 7 16,0,30,,3904,2,0,17 3 15 7 16,0,70,,3925,2,0,17 3 15 7 16,0,38,,3905,2,0,17 3 15 7 16,0,75,,3930,2,0,17 3 15 7 16,0,35,,3906,2,0,17 3 15 7 16,0,75,,3910,2,0,17 3 15 7 16,0,75,,3929,2,0,17 3 15 7 16,0,35,,3911,2,0,17 3 15 7 16,0,75,,3912,2,0,17 3 15 7 16,0,40,,3918,2,0,17 3 15 7 16,0,85,,3913,2,0,17 3 15 7 16,0,70,,3919,2,0,17 3 15 7 16,0,30,,3914,2,0,17 3 15 7 16,0,70,,3920,2,0,17 3 15 7 16,0,30,,3915,2,0,17 3 15 7 16,0,85,,3921,2,0,17 3 15 7 16,0,30,,3916,2,0,17 3 15 7 16,0,70,,3922,2,0,17 3 15 7 16,0,30,,3917,2,0,17 3 15 7 16,0,70,,3931,2,0,17 3 15 7 16,0,30,,3932,2,0,17 3 15 7 16,0
500,'100014',802,,3933,2,0,12 3 13,0,100,,3934,2,0,12 3 13,0,100,,3935,2,0,12 3 13,0,100,,3936,2,0,12 3 13,0,100,,3937,2,0,12 3 13,0,115,,3938,2,0,12 3 13,0,100,,3939,2,0,12 3 13,0,100,,3940,2,0,12 3 13,0,115,,3941,2,0,12 3 13,0,100,,3942,2,0,12 3 13,0,100,,3943,2,0,12 3 13,0
500,'100015',802,,3944,2,0,12 3 13,0,100,,3945,2,0,12 3 13,0,100,,3946,2,0,12 3 13,0,100,,3947,2,0,12 3 13,0,100,,3948,2,0,12 3 13,0,115,,3949,2,0,12 3 13,0,100,,3950,2,0,12 3 13,0,100,,3951,2,0,12 3 13,0,115,,3952,2,0,12 3 13,0,100,,3953,2,0,12 3 13,0,100,,3954,2,0,12 3 13,0
500,'100016',554,,3955,2,0,12 3 13,0,70,,3971,2,0,12 3 13,0,30,,3956,2,0,12 3 13,0,70,,3972,2,0,12 3 13,0,30,,3957,2,0,12 3 13,0,80,,3958,2,0,12 3 13,0,70,,3980,2,0,12 3 13,0,30,,3959,2,0,12 3 13,0,70,,3983,2,0,12 3 13,0,30,,3960,2,0,12 3 13,0,70,,3982,2,0,12 3 13,0,30,,3961,2,0,12 3 13,0,70,,3984,2,0,12 3 13,0,39,,3962,2,0,12 3 13,0,75,,3981,2,0,12 3 13,0,35,,3963,2,0,12 3 13,0,75,,3973,2,0,12 3 13,0,75,,3964,2,0,12 3 13,0,35,,3974,2,0,12 3 13,0,75,,3965,2,0,12 3 13,0,40,,3966,2,0,12 3 13,0,84,,3975,2,0,12 3 13,0,70,,3967,2,0,12 3 13,0,30,,3976,2,0,12 3 13,0,70,,3968,2,0,12 3 13,0,30,,3977,2,0,12 3 13,0,85,,3969,2,0,12 3 13,0,30,,3978,2,0,12 3 13,0,70,,3970,2,0,12 3 13,0,30,,3979,2,0,12 3 13,0,70,,3985,2,0,12 3 13,0,30,,3986,2,0,12 3 13,0
800,'100014',731,,4102,2,0,14 3 15 7 16,0,100,,4103,2,0,14 3 15 7 16,0,100,,4104,2,0,14 3 15 7 16,0,100,,4105,2,0,14 3 15 7 16,0,100,,4106,2,0,14 3 15 7 16,0,115,,4107,2,0,14 3 15 7 16,0,100,,4108,2,0,14 3 15 7 16,0,100,,4109,2,0,14 3 15 7 16,0,100,,4110,2,0,14 3 15 7 16,0,155,,4111,2,0,14 3 15 7 16,0,100,,4112,2,0,14 3 15 7 16,0,100,,4113,2,0,14 3 15 7 16,0
800,'100015',731,,4114,2,0,14 3 15 7 16,0,100,,4115,2,0,14 3 15 7 16,0,100,,4116,2,0,14 3 15 7 16,0,100,,4117,2,0,14 3 15 7 16,0,100,,4118,2,0,14 3 15 7 16,0,115,,4119,2,0,14 3 15 7 16,0,100,,4120,2,0,14 3 15 7 16,0,100,,4121,2,0,14 3 15 7 16,0,100,,4122,2,0,14 3 15 7 16,0,155,,4123,2,0,14 3 15 7 16,0,100,,4124,2,0,14 3 15 7 16,0,100,,4125,2,0,14 3 15 7 16,0
800,'100016',553,,4141,2,0,14 3 15 7 16,0,70,,4126,2,0,14 3 15 7 16,0,30,,4142,2,0,14 3 15 7 16,0,70,,4127,2,0,14 3 15 7 16,0,30,,4143,2,0,14 3 15 7 16,0,80,,4144,2,0,14 3 15 7 16,0,70,,4128,2,0,14 3 15 7 16,0,30,,4152,2,0,14 3 15 7 16,0,70,,4129,2,0,14 3 15 7 16,0,30,,4153,2,0,14 3 15 7 16,0,70,,4130,2,0,14 3 15 7 16,0,30,,4154,2,0,14 3 15 7 16,0,70,,4131,2,0,14 3 15 7 16,0,39,,4155,2,0,14 3 15 7 16,0,75,,4132,2,0,14 3 15 7 16,0,35,,4145,2,0,14 3 15 7 16,0,75,,4133,2,0,14 3 15 7 16,0,75,,4134,2,0,14 3 15 7 16,0,35,,4146,2,0,14 3 15 7 16,0,75,,4135,2,0,14 3 15 7 16,0,40,,4147,2,0,14 3 15 7 16,0,84,,4136,2,0,14 3 15 7 16,0,70,,4148,2,0,14 3 15 7 16,0,30,,4137,2,0,14 3 15 7 16,0,70,,4149,2,0,14 3 15 7 16,0,30,,4138,2,0,14 3 15 7 16,0,85,,4150,2,0,14 3 15 7 16,0,30,,4139,2,0,14 3 15 7 16,0,70,,4151,2,0,14 3 15 7 16,0,30,,4140,2,0,14 3 15 7 16,0,70,,4157,2,0,14 3 15 7 16,0,28,,4156,2,0,14 3 15 7 16,0
