100,'100014',759,,1667,1,,,0,70,,1654,1,,,0,30,,1677,1,,,0,70,,1655,1,,,0,30,,1668,1,,,0,70,,1656,1,,,0,30,,1669,1,,,0,70,,1658,1,,,0,30,,1670,1,,,0,70,,1657,1,,,0,30,,1671,1,,,0,70,,1659,1,,,0,30,,1672,1,,,0,70,,1660,1,,,0,30,,1673,1,,,0,70,,1661,1,,,0,30,,1674,1,,,0,70,,1662,1,,,0,30,,1675,1,,,0,70,,1663,1,,,0,30,,1676,1,,,0,70,,1664,1,,,0,30,,1666,1,,,0,70,,1665,1,,,0,30,,1678,1,,,0
100,'100015',759,,1692,1,,,0,70,,1679,1,,,0,30,,1702,1,,,0,70,,1680,1,,,0,30,,1693,1,,,0,70,,1681,1,,,0,30,,1694,1,,,0,70,,1683,1,,,0,30,,1695,1,,,0,70,,1682,1,,,0,30,,1696,1,,,0,70,,1684,1,,,0,30,,1697,1,,,0,70,,1685,1,,,0,30,,1698,1,,,0,70,,1686,1,,,0,30,,1699,1,,,0,70,,1687,1,,,0,30,,1700,1,,,0,70,,1688,1,,,0,30,,1701,1,,,0,70,,1689,1,,,0,30,,1691,1,,,0,70,,1690,1,,,0
100,'100016',551,,1703,1,,,0,70,,1708,1,,,0,30,,1704,1,,,0,70,,1721,1,,,0,30,,1705,1,,,0,70,,1709,1,,,0,80,,1706,1,,,0,28,,1722,1,,,0,30,,1707,1,,,0,70,,1710,1,,,0,30,,1719,1,,,0,70,,1723,1,,,0,30,,1720,1,,,0,71,,1711,1,,,0,70,,1718,1,,,0,30,,1724,1,,,0,70,,1712,1,,,0,30,,1733,1,,,0,70,,1726,1,,,0,38,,1732,1,,,0,70,,1725,1,,,0,30,,1731,1,,,0,70,,1713,1,,,0,28,,1730,1,,,0,70,,1714,1,,,0,30,,1729,1,,,0,70,,1715,1,,,0,30,,1728,1,,,0,80,,1716,1,,,0,30,,1727,1,,,0,70,,1717,1,,,0,30,,1735,1,,,0,70,,1734,1,,,0,29,,1736,1,,,0
100,'100017',551,,1737,1,,,0,70,,1742,1,,,0,30,,1738,1,,,0,70,,1755,1,,,0,30,,1739,1,,,0,70,,1743,1,,,0,80,,1740,1,,,0,28,,1756,1,,,0,30,,1741,1,,,0,70,,1744,1,,,0,30,,1753,1,,,0,70,,1757,1,,,0,30,,1754,1,,,0,71,,1745,1,,,0,70,,1752,1,,,0,30,,1758,1,,,0,70,,1746,1,,,0,30,,1767,1,,,0,70,,1760,1,,,0,38,,1766,1,,,0,70,,1759,1,,,0,30,,1765,1,,,0,70,,1747,1,,,0,28,,1764,1,,,0,70,,1748,1,,,0,30,,1763,1,,,0,70,,1749,1,,,0,30,,1762,1,,,0,80,,1750,1,,,0,30,,1761,1,,,0,70,,1751,1,,,0,30,,1769,1,,,0,70,,1768,1,,,0,29,,1770,1,,,0
100,'100018',829,,1771,1,,,0,100,,1772,1,,,0,100,,1773,1,,,0,100,,1774,1,,,0,100,,1775,1,,,0,100,,1776,1,,,0,100,,1777,1,,,0,100,,1778,1,,,0,100,,1779,1,,,0,100,,1780,1,,,0,100,,1781,1,,,0,100,,1782,1,,,0
101,'100014',757,,1806,27,4,,0,70,,1783,27,4,,0,30,,1795,27,4,,0,70,,1784,27,4,,0,30,,1796,27,4,,0,70,,1785,27,4,,0,30,,1797,27,4,,0,70,,1786,27,4,,0,30,,1798,27,4,,0,70,,1787,27,4,,0,30,,1799,27,4,,0,70,,1789,27,4,,0,30,,1800,27,4,,0,70,,1788,27,4,,0,30,,1801,27,4,,0,70,,1791,27,4,,0,30,,1802,27,4,,0,70,,1790,27,4,,0,30,,1803,27,4,,0,70,,1792,27,4,,0,30,,1804,27,4,,0,70,,1793,27,4,,0,30,,1805,27,4,,0,70,,1794,27,4,,0,30,,1807,27,4,,0
101,'100015',757,,1831,27,4,,0,70,,1808,27,4,,0,30,,1820,27,4,,0,70,,1809,27,4,,0,30,,1821,27,4,,0,70,,1810,27,4,,0,30,,1822,27,4,,0,70,,1811,27,4,,0,30,,1823,27,4,,0,70,,1812,27,4,,0,30,,1824,27,4,,0,70,,1814,27,4,,0,30,,1825,27,4,,0,70,,1813,27,4,,0,30,,1826,27,4,,0,70,,1816,27,4,,0,30,,1827,27,4,,0,70,,1815,27,4,,0,30,,1828,27,4,,0,70,,1817,27,4,,0,30,,1829,27,4,,0,70,,1818,27,4,,0,30,,1830,27,4,,0,70,,1819,27,4,,0
101,'100016',549,,1833,27,4,,0,70,,1837,27,4,,0,30,,1836,27,4,,0,70,,1838,27,4,,0,30,,1835,27,4,,0,70,,1839,27,4,,0,40,,1832,27,4,,0,68,,1840,27,4,,0,30,,1834,27,4,,0,70,,1841,27,4,,0,30,,1852,27,4,,0,70,,1842,27,4,,0,30,,1853,27,4,,0,71,,1843,27,4,,0,30,,1854,27,4,,0,70,,1844,27,4,,0,30,,1845,27,4,,0,70,,1862,27,4,,0,30,,1846,27,4,,0,78,,1861,27,4,,0,70,,1847,27,4,,0,30,,1860,27,4,,0,70,,1848,27,4,,0,28,,1859,27,4,,0,70,,1849,27,4,,0,30,,1858,27,4,,0,70,,1850,27,4,,0,30,,1857,27,4,,0,80,,1851,27,4,,0,30,,1856,27,4,,0,70,,1855,27,4,,0,30,,1863,27,4,,0,70,,1864,27,4,,0,29,,1866,27,4,,0,70,,1865,27,4,,0
101,'100017',549,,1868,27,4,,0,70,,1872,27,4,,0,30,,1871,27,4,,0,70,,1873,27,4,,0,30,,1870,27,4,,0,70,,1874,27,4,,0,40,,1867,27,4,,0,68,,1875,27,4,,0,30,,1869,27,4,,0,70,,1876,27,4,,0,30,,1887,27,4,,0,70,,1877,27,4,,0,30,,1888,27,4,,0,71,,1878,27,4,,0,30,,1889,27,4,,0,70,,1879,27,4,,0,30,,1880,27,4,,0,70,,1897,27,4,,0,30,,1881,27,4,,0,78,,1896,27,4,,0,70,,1882,27,4,,0,30,,1895,27,4,,0,70,,1883,27,4,,0,28,,1894,27,4,,0,70,,1884,27,4,,0,30,,1893,27,4,,0,70,,1885,27,4,,0,30,,1892,27,4,,0,80,,1886,27,4,,0,30,,1891,27,4,,0,70,,1890,27,4,,0,30,,1898,27,4,,0,70,,1899,27,4,,0,29,,1901,27,4,,0,70,,1900,27,4,,0
101,'100018',827,,1902,27,4,,0,100,,1903,27,4,,0,100,,1904,27,4,,0,100,,1905,27,4,,0,100,,1906,27,4,,0,100,,1907,27,4,,0,100,,1908,27,4,,0,100,,1909,27,4,,0,100,,1910,27,4,,0,100,,1911,27,4,,0,100,,1912,27,4,,0,100,,1913,27,4,,0
