500,'100014',807,,3933,13,0,12 3 13,0,100,,3934,13,0,12 3 13,0,100,,3935,13,0,12 3 13,0,100,,3936,13,0,12 3 13,0,100,,3937,13,0,12 3 13,0,115,,3938,13,0,12 3 13,0,100,,3939,13,0,12 3 13,0,100,,3940,13,0,12 3 13,0,115,,3941,13,0,12 3 13,0,100,,3942,13,0,12 3 13,0,100,,3943,13,0,12 3 13,0
500,'100015',807,,3944,13,0,12 3 13,0,100,,3945,13,0,12 3 13,0,100,,3946,13,0,12 3 13,0,100,,3947,13,0,12 3 13,0,100,,3948,13,0,12 3 13,0,115,,3949,13,0,12 3 13,0,100,,3950,13,0,12 3 13,0,100,,3951,13,0,12 3 13,0,115,,3952,13,0,12 3 13,0,100,,3953,13,0,12 3 13,0,100,,3954,13,0,12 3 13,0
500,'100016',559,,3955,13,0,12 3 13,0,70,,3971,13,0,12 3 13,0,30,,3956,13,0,12 3 13,0,70,,3972,13,0,12 3 13,0,30,,3957,13,0,12 3 13,0,80,,3958,13,0,12 3 13,0,70,,3980,13,0,12 3 13,0,30,,3959,13,0,12 3 13,0,70,,3983,13,0,12 3 13,0,30,,3960,13,0,12 3 13,0,70,,3982,13,0,12 3 13,0,30,,3961,13,0,12 3 13,0,70,,3984,13,0,12 3 13,0,40,,3962,13,0,12 3 13,0,75,,3981,13,0,12 3 13,0,35,,3963,13,0,12 3 13,0,75,,3973,13,0,12 3 13,0,75,,3964,13,0,12 3 13,0,35,,3974,13,0,12 3 13,0,75,,3965,13,0,12 3 13,0,40,,3966,13,0,12 3 13,0,83,,3975,13,0,12 3 13,0,70,,3967,13,0,12 3 13,0,30,,3976,13,0,12 3 13,0,70,,3968,13,0,12 3 13,0,30,,3977,13,0,12 3 13,0,85,,3969,13,0,12 3 13,0,30,,3978,13,0,12 3 13,0,70,,3970,13,0,12 3 13,0,30,,3979,13,0,12 3 13,0,70,,3985,13,0,12 3 13,0,30,,3986,13,0,12 3 13,0
700,'100014',806,,4046,9,0,24 3 25,0,100,,4047,9,0,24 3 25,0,100,,4048,9,0,24 3 25,0,100,,4049,9,0,24 3 25,0,100,,4050,9,0,24 3 25,0,115,,4051,9,0,24 3 25,0,100,,4052,9,0,24 3 25,0,100,,4053,9,0,24 3 25,0,115,,4054,9,0,24 3 25,0,100,,4055,9,0,24 3 25,0,100,,4056,9,0,24 3 25,0
700,'100015',806,,4057,9,0,24 3 25,0,100,,4058,9,0,24 3 25,0,100,,4059,9,0,24 3 25,0,100,,4060,9,0,24 3 25,0,100,,4061,9,0,24 3 25,0,115,,4062,9,0,24 3 25,0,100,,4063,9,0,24 3 25,0,100,,4064,9,0,24 3 25,0,115,,4065,9,0,24 3 25,0,100,,4066,9,0,24 3 25,0,100,,4067,9,0,24 3 25,0
700,'100016',528,,4068,9,0,24 3 25,0,30,,4078,9,0,24 3 25,0,70,,4069,9,0,24 3 25,0,18,,4096,9,0,24 3 25,0,12,,4079,9,0,24 3 25,0,70,,4070,9,0,24 3 25,0,30,,4080,9,0,24 3 25,0,80,,4089,9,0,24 3 25,0,70,,4071,9,0,24 3 25,0,30,,4090,9,0,24 3 25,0,70,,4072,9,0,24 3 25,0,30,,4097,9,0,24 3 25,0,70,,4073,9,0,24 3 25,0,30,,4098,9,0,24 3 25,0,70,,4074,9,0,24 3 25,0,39,,4099,9,0,24 3 25,0,75,,4075,9,0,24 3 25,0,35,,4081,9,0,24 3 25,0,75,,4076,9,0,24 3 25,0,75,,4082,9,0,24 3 25,0,35,,4077,9,0,24 3 25,0,75,,4083,9,0,24 3 25,0,40,,4084,9,0,24 3 25,0,84,,4091,9,0,24 3 25,0,70,,4085,9,0,24 3 25,0,30,,4092,9,0,24 3 25,0,70,,4086,9,0,24 3 25,0,30,,4093,9,0,24 3 25,0,85,,4087,9,0,24 3 25,0,30,,4094,9,0,24 3 25,0,70,,4088,9,0,24 3 25,0,30,,4095,9,0,24 3 25,0,70,,4100,9,0,24 3 25,0,30,,4101,9,0,24 3 25,0
1000900,'100014',738,,4298,10,,,0,80,,4299,10,,,0,40,,4300,10,,,0,80,,4301,10,,,0,80,,4302,10,,,0,40,,4303,10,,,0,80,,4304,10,,,0,85,,4305,10,,,0,80,,4306,10,,,0,41,,4307,10,,,0,80,,4308,10,,,0,80,,4309,10,,,0,40,,4310,10,,,0,80,,4311,10,,,0,85,,4312,10,,,0,40,,4313,10,,,0,80,,4314,10,,,0,80,,4315,10,,,0
1000900,'100015',738,,4316,10,,,0,80,,4317,10,,,0,40,,4318,10,,,0,80,,4319,10,,,0,80,,4320,10,,,0,40,,4321,10,,,0,80,,4322,10,,,0,85,,4323,10,,,0,80,,4324,10,,,0,41,,4325,10,,,0,80,,4326,10,,,0,80,,4327,10,,,0,40,,4328,10,,,0,80,,4329,10,,,0,85,,4330,10,,,0,40,,4331,10,,,0,80,,4332,10,,,0,80,,4333,10,,,0
1000900,'100016',524,,4344,10,,,0,30,,4345,10,,,0,70,,4346,10,,,0,30,,4347,10,,,0,70,,4348,10,,,0,30,,4349,10,,,0,62,,4350,10,,,0,28,,4351,10,,,0,75,,4352,10,,,0,20,,4353,10,,,0,70,,4354,10,,,0,30,,4355,10,,,0,70,,4356,10,,,0,30,,4357,10,,,0,70,,4358,10,,,0,30,,4359,10,,,0,70,,4360,10,,,0,30,,4361,10,,,0,72,,4362,10,,,0,30,,4363,10,,,0,70,,4364,10,,,0,28,,4365,10,,,0,72,,4366,10,,,0,30,,4367,10,,,0,18,,4368,10,,,0,85,,4337,10,,,0,70,,4338,10,,,0,30,,4341,10,,,0,70,,4334,10,,,0,29,,4336,10,,,0,83,,4342,10,,,0,85,,4340,10,,,0,35,,4339,10,,,0,75,,4343,10,,,0,35,,4335,10,,,0
2000900,'100014',758,,4369,10,,,0,80,,4370,10,,,0,80,,4371,10,,,0,40,,4372,10,,,0,80,,4373,10,,,0,80,,4374,10,,,0,40,,4375,10,,,0,80,,4376,10,,,0,85,,4377,10,,,0,80,,4378,10,,,0,41,,4379,10,,,0,80,,4380,10,,,0,85,,4381,10,,,0,40,,4382,10,,,0,80,,4383,10,,,0,80,,4384,10,,,0,40,,4385,10,,,0
2000900,'100015',758,,4386,10,,,0,80,,4387,10,,,0,80,,4388,10,,,0,40,,4389,10,,,0,80,,4390,10,,,0,80,,4391,10,,,0,40,,4392,10,,,0,80,,4393,10,,,0,85,,4394,10,,,0,80,,4395,10,,,0,41,,4396,10,,,0,80,,4397,10,,,0,85,,4398,10,,,0,40,,4399,10,,,0,80,,4400,10,,,0,80,,4401,10,,,0,40,,4402,10,,,0
2000900,'100016',548,,4403,10,,,0,60,,4404,10,,,0,30,,4405,10,,,0,70,,4406,10,,,0,30,,4407,10,,,0,20,,4408,10,,,0,80,,4409,10,,,0,62,,4434,10,,,0,28,,4410,10,,,0,30,,4411,10,,,0,60,,4412,10,,,0,30,,4413,10,,,0,70,,4414,10,,,0,30,,4415,10,,,0,70,,4416,10,,,0,30,,4417,10,,,0,70,,4418,10,,,0,30,,4419,10,,,0,72,,4420,10,,,0,31,,4421,10,,,0,70,,4422,10,,,0,34,,4423,10,,,0,64,,4424,10,,,0,32,,4425,10,,,0,78,,4426,10,,,0,30,,4427,10,,,0,70,,4428,10,,,0,30,,4429,10,,,0,70,,4430,10,,,0,25,,4431,10,,,0,72,,4432,10,,,0,74,,4433,10,,,0,45,,4435,10,,,0,75,,4436,10,,,0,36,,4437,10,,,0
