409,'1476895',742,,439,0,21 3 19 5 20,0
409,'1476896',812,,440,0,21 3 19 5 20,0
409,'1476897',842,,441,0,21 3 19 5 20,0
409,'1476898',912,,442,0,21 3 19 5 20,0
409,'1476899',942,,443,0,21 3 19 5 20,0
409,'1476900',1012,,444,0,21 3 19 5 20,0
409,'1476901',1042,,445,0,21 3 19 5 20,0
409,'1476902',1112,,446,0,21 3 19 5 20,0
409,'1476903',1142,,447,0,21 3 19 5 20,0
409,'1476904',1212,,448,0,21 3 19 5 20,0
409,'1476905',1257,,449,0,21 3 19 5 20,0
409,'1476906',1327,,450,0,21 3 19 5 20,0
409,'1476907',1357,,451,0,21 3 19 5 20,0
409,'1476908',1427,,452,0,21 3 19 5 20,0
409,'1476909',1457,,453,0,21 3 19 5 20,0
409,'1476910',1527,,454,0,21 3 19 5 20,0
409,'1476911',1557,,455,0,21 3 19 5 20,0
409,'1476912',1912,,456,0,21 3 19 5 20,0
409,'1476913',1642,,457,0,21 3 19 5 20,0
409,'1476914',1712,,458,0,21 3 19 5 20,0
409,'1476915',1742,,459,0,21 3 19 5 20,0
409,'1476916',1812,,460,0,21 3 19 5 20,0
409,'1476917',1842,,461,0,21 3 19 5 20,0
409,'1477338',635,,462,0,21 3 19 5 20,0
409,'1477339',735,,463,0,21 3 19 5 20,0
409,'1477340',845,,464,0,21 3 19 5 20,0
409,'1477341',945,,465,0,21 3 19 5 20,0
409,'1477342',1045,,466,0,21 3 19 5 20,0
409,'1477343',1145,,467,0,21 3 19 5 20,0
409,'1477344',1253,,468,0,21 3 19 5 20,0
409,'1477345',1403,,469,0,21 3 19 5 20,0
409,'1477346',605,,470,0,21 3 19 5 20,0
409,'1477347',705,,471,0,21 3 19 5 20,0
409,'1477348',805,,472,0,21 3 19 5 20,0
409,'1477349',1438,,473,0,21 3 19 5 20,0
409,'1477350',1548,,474,0,21 3 19 5 20,0
409,'1477351',1623,,475,0,21 3 19 5 20,0
409,'1477352',1747,,476,0,21 3 19 5 20,0
409,'1477353',1847,,477,0,21 3 19 5 20,0
409,'1477354',1947,,478,0,21 3 19 5 20,0
409,'1477355',2102,,479,0,21 3 19 5 20,0
409,'1477356',2202,,480,0,21 3 19 5 20,0
409,'1477357',1703,,481,0,21 3 19 5 20,0
409,'1477358',1817,,482,0,21 3 19 5 20,0
409,'1477359',1917,,483,0,21 3 19 5 20,0
409,'1477360',2032,,484,0,21 3 19 5 20,0
409,'1477361',2132,,485,0,21 3 19 5 20,0
409,'1477362',1015,,486,0,21 3 19 5 20,0
409,'1477363',1115,,487,0,21 3 19 5 20,0
409,'1477364',1215,,488,0,21 3 19 5 20,0
409,'1477365',652,,489,0,21 3 19 5 20,0
409,'1477366',914,,490,0,21 3 19 5 20,0
409,'1477367',535,,491,0,21 3 19 5 20,0
409,'1477368',1513,,492,0,21 3 19 5 20,0
409,'1477369',1328,,493,0,21 3 19 5 20,0
409,'1477370',2232,,494,0,21 3 19 5 20,0
409,'1477371',2302,,495,0,21 3 19 5 20,0
409,'1477746',742,,496,0,21 3 19 5 20,0
409,'1477747',842,,497,0,21 3 19 5 20,0
409,'1477748',942,,498,0,21 3 19 5 20,0
409,'1477749',1042,,499,0,21 3 19 5 20,0
409,'1477750',1142,,500,0,21 3 19 5 20,0
409,'1477751',1257,,501,0,21 3 19 5 20,0
409,'1477752',1357,,502,0,21 3 19 5 20,0
409,'1477753',1457,,503,0,21 3 19 5 20,0
409,'1477754',1557,,504,0,21 3 19 5 20,0
409,'1477755',1712,,505,0,21 3 19 5 20,0
409,'1477756',1812,,506,0,21 3 19 5 20,0
409,'1477757',1912,,507,0,21 3 19 5 20,0
409,'1477758',1842,,508,0,21 3 19 5 20,0
409,'1477759',812,,509,0,21 3 19 5 20,0
409,'1477760',912,,510,0,21 3 19 5 20,0
409,'1477761',1012,,511,0,21 3 19 5 20,0
409,'1477762',1112,,512,0,21 3 19 5 20,0
409,'1477763',1212,,513,0,21 3 19 5 20,0
409,'1477764',1327,,514,0,21 3 19 5 20,0
409,'1477765',1427,,515,0,21 3 19 5 20,0
409,'1477766',1527,,516,0,21 3 19 5 20,0
409,'1477767',1642,,517,0,21 3 19 5 20,0
409,'1477768',1742,,518,0,21 3 19 5 20,0
5209,'1477511',747,,890,0,5 6 7,0
5409,'1478040',742,,897,,,0
