309,'1476918',811,,320,,,0
309,'1476919',911,,321,,,0
309,'1476920',1011,,322,,,0
309,'1476921',1110,,323,,,0
309,'1476922',1210,,324,,,0
309,'1476923',1325,,325,,,0
309,'1476924',1425,,326,,,0
309,'1476925',1525,,327,,,0
309,'1476926',1625,,328,,,0
309,'1476927',1740,,329,,,0
309,'1476928',1840,,330,,,0
309,'1477301',535,,379,,,0
309,'1477302',605,,380,,,0
309,'1477303',635,,381,,,0
309,'1477304',705,,382,,,0
309,'1477305',735,,383,,,0
309,'1477306',805,,384,,,0
309,'1477307',835,,385,,,0
309,'1477308',620,,386,,,0
309,'1477309',815,,387,,,0
309,'1477310',915,,388,,,0
309,'1477311',1015,,389,,,0
309,'1477312',1115,,390,,,0
309,'1477313',1217,,391,,,0
309,'1477314',945,,392,,,0
309,'1477315',1045,,393,,,0
309,'1477316',1145,,394,,,0
309,'1477317',1247,,395,,,0
309,'1477318',1330,,396,,,0
309,'1477319',1405,,397,,,0
309,'1477320',1440,,398,,,0
309,'1477321',1441,,399,,,0
309,'1477322',1454,,400,,,0
309,'1477323',1515,,401,,,0
309,'1477324',1550,,402,,,0
309,'1477325',1555,,403,,,0
309,'1477326',1625,,404,,,0
309,'1477327',1700,,405,,,0
309,'1477328',1740,,406,,,0
309,'1477329',1818,,407,,,0
309,'1477330',1848,,408,,,0
309,'1477331',1918,,409,,,0
309,'1477332',1948,,410,,,0
309,'1477333',2018,,411,,,0
309,'1477334',2103,,412,,,0
309,'1477335',2133,,413,,,0
309,'1477336',2203,,414,,,0
309,'1477337',2233,,415,,,0
309,'1477554',811,,416,,,0
309,'1477555',911,,417,,,0
309,'1477556',1011,,418,,,0
309,'1477557',1110,,419,,,0
309,'1477558',1210,,420,,,0
309,'1477559',1425,,421,,,0
309,'1477560',1525,,422,,,0
309,'1477561',1625,,423,,,0
309,'1477562',1740,,424,,,0
309,'1477563',1840,,425,,,0
309,'1477564',1325,,426,,,0
5409,'1477518',1429,,896,,,0
