609,'1476872',749,,573,,,0
609,'1476873',849,,574,,,0
609,'1476874',949,,575,,,0
609,'1476875',1049,,576,,,0
609,'1476876',1149,,577,,,0
609,'1476877',1304,,578,,,0
609,'1476878',1404,,579,,,0
609,'1476879',1504,,580,,,0
609,'1476880',1604,,581,,,0
609,'1476881',1719,,582,,,0
609,'1476882',1819,,583,,,0
609,'1476883',1919,,584,,,0
609,'1477404',612,,585,,,0
609,'1477405',712,,586,,,0
609,'1477406',812,,587,,,0
609,'1477407',851,,588,,,0
609,'1477408',951,,589,,,0
609,'1477409',1051,,590,,,0
609,'1477410',1151,,591,,,0
609,'1477411',1303,,592,,,0
609,'1477412',1413,,593,,,0
609,'1477413',1523,,594,,,0
609,'1477414',542,,595,,,0
609,'1477415',642,,596,,,0
609,'1477416',742,,597,,,0
609,'1477417',1448,,598,,,0
609,'1477418',1633,,599,,,0
609,'1477419',1754,,600,,,0
609,'1477420',1854,,601,,,0
609,'1477421',1954,,602,,,0
609,'1477422',2110,,603,,,0
609,'1477423',2210,,604,,,0
609,'1477424',921,,605,,,0
609,'1477425',1021,,606,,,0
609,'1477426',1558,,607,,,0
609,'1477427',1713,,608,,,0
609,'1477428',1824,,609,,,0
609,'1477429',1924,,610,,,0
609,'1477430',2040,,611,,,0
609,'1477431',2140,,612,,,0
609,'1477432',630,,613,,,0
609,'1477433',729,,614,,,0
609,'1477434',1121,,615,,,0
609,'1477435',1221,,616,,,0
609,'1477436',1338,,617,,,0
609,'1477437',2310,,618,,,0
609,'1477438',2240,,619,,,0
609,'1477723',749,,620,,,0
609,'1477724',849,,621,,,0
609,'1477725',949,,622,,,0
609,'1477726',1049,,623,,,0
609,'1477727',1149,,624,,,0
609,'1477728',1304,,625,,,0
609,'1477729',1404,,626,,,0
609,'1477730',1504,,627,,,0
609,'1477731',1604,,628,,,0
609,'1477732',1719,,629,,,0
609,'1477733',1819,,630,,,0
609,'1477734',1919,,631,,,0
