109,'1477027',830,,1,,,0
109,'1477028',930,,2,,,0
109,'1477029',1030,,3,,,0
109,'1477030',1130,,4,,,0
109,'1477031',1230,,5,,,0
109,'1477032',1330,,6,,,0
109,'1477033',1430,,7,,,0
109,'1477034',1530,,8,,,0
109,'1477035',1630,,9,,,0
109,'1477036',1730,,10,,,0
109,'1477037',1830,,11,,,0
109,'1477038',1930,,12,,,0
109,'1477056',552,,30,,,0
109,'1477057',652,,31,,,0
109,'1477058',752,,32,,,0
109,'1477059',852,,33,,,0
109,'1477060',950,,34,,,0
109,'1477069',632,,43,,,0
109,'1477070',832,,44,,,0
109,'1477071',1030,,45,,,0
109,'1477072',1231,,46,,,0
109,'1477080',1411,,54,,,0
109,'1477081',1711,,55,,,0
109,'1477082',1809,,56,,,0
109,'1477083',1909,,57,,,0
109,'1477084',2009,,58,,,0
109,'1477085',2117,,59,,,0
109,'1477086',1301,,60,,,0
109,'1477090',1100,,64,,,0
109,'1477091',1200,,65,,,0
109,'1477092',732,,66,,,0
109,'1477093',930,,67,,,0
109,'1477094',1130,,68,,,0
109,'1477095',1331,,69,,,0
109,'1477096',1611,,70,,,0
109,'1477097',1511,,71,,,0
109,'1477103',912,,77,,,0
109,'1477104',712,,78,,,0
109,'1477105',612,,79,,,0
109,'1477106',812,,80,,,0
109,'1477113',2047,,87,,,0
109,'1477114',1949,,88,,,0
109,'1477115',1849,,89,,,0
109,'1477116',1749,,90,,,0
109,'1477117',1651,,91,,,0
109,'1477118',1551,,92,,,0
109,'1477119',1531,,93,,,0
109,'1477120',1631,,94,,,0
109,'1477121',1729,,95,,,0
109,'1477122',1829,,96,,,0
109,'1477123',1929,,97,,,0
109,'1477129',1441,,103,,,0
109,'1477134',2217,,108,,,0
109,'1477135',2147,,109,,,0
109,'1477136',2246,,110,,,0
109,'1477613',830,,113,,,0
109,'1477615',930,,115,,,0
109,'1477616',1030,,116,,,0
109,'1477620',1230,,120,,,0
109,'1477621',1130,,121,,,0
109,'1477623',1330,,123,,,0
109,'1477624',1430,,124,,,0
109,'1477626',1530,,126,,,0
109,'1477627',1630,,127,,,0
109,'1477631',1730,,131,,,0
109,'1477633',1830,,133,,,0
109,'1477634',1930,,134,,,0
109,'1477647',1900,,147,,,0
109,'1477648',800,,148,,,0
109,'1477649',1000,,149,,,0
109,'1477650',1100,,150,,,0
109,'1477651',1200,,151,,,0
109,'1477652',1300,,152,,,0
109,'1477653',1400,,153,,,0
109,'1477654',1500,,154,,,0
109,'1477655',1600,,155,,,0
109,'1477656',1700,,156,,,0
109,'1477657',1800,,157,,,0
109,'1477659',900,,159,,,0
