600,'100009',535,,931,20,,,0,70,,921,20,,,0,18,,949,20,,,0,12,,932,20,,,0,70,,922,20,,,0,17,,950,20,,,0,13,,933,20,,,0,70,,923,20,,,0,39,,924,20,,,0,70,,941,20,,,0,30,,925,20,,,0,70,,942,20,,,0,30,,926,20,,,0,70,,951,20,,,0,30,,927,20,,,0,70,,952,20,,,0,41,,928,20,,,0,75,,953,20,,,0,75,,929,20,,,0,35,,934,20,,,0,75,,930,20,,,0,35,,943,20,,,0,75,,935,20,,,0,80,,944,20,,,0,42,,936,20,,,0,70,,945,20,,,0,30,,937,20,,,0,70,,946,20,,,0,30,,938,20,,,0,86,,947,20,,,0,70,,939,20,,,0,30,,948,20,,,0,70,,940,20,,,0,30,,955,20,,,0,70,,954,20,,,0
600,'100010',742,,956,20,,,0,100,,957,20,,,0,100,,958,20,,,0,100,,959,20,,,0,100,,960,20,,,0,115,,961,20,,,0,100,,962,20,,,0,100,,963,20,,,0,100,,964,20,,,0,155,,965,20,,,0,100,,966,20,,,0,100,,967,20,,,0
600,'100011',742,,2610,20,,,0,100,,2611,20,,,0,100,,2612,20,,,0,100,,2613,20,,,0,100,,2614,20,,,0,115,,2615,20,,,0,100,,2616,20,,,0,100,,2617,20,,,0,100,,2618,20,,,0,155,,2619,20,,,0,100,,2620,20,,,0,100,,2621,20,,,0,100,,2622,20,,,0
600,'100012',742,,2623,20,,,0,100,,2624,20,,,0,100,,2625,20,,,0,100,,2626,20,,,0,100,,2627,20,,,0,115,,2628,20,,,0,100,,2629,20,,,0,100,,2630,20,,,0,100,,2631,20,,,0,155,,2632,20,,,0,100,,2633,20,,,0,100,,2634,20,,,0
600,'100013',535,,2645,20,,,0,70,,2635,20,,,0,18,,2663,20,,,0,12,,2646,20,,,0,70,,2636,20,,,0,17,,2664,20,,,0,13,,2647,20,,,0,70,,2637,20,,,0,39,,2638,20,,,0,70,,2655,20,,,0,30,,2639,20,,,0,70,,2656,20,,,0,30,,2640,20,,,0,70,,2665,20,,,0,30,,2641,20,,,0,70,,2666,20,,,0,41,,2642,20,,,0,75,,2667,20,,,0,75,,2643,20,,,0,35,,2648,20,,,0,75,,2644,20,,,0,35,,2657,20,,,0,75,,2649,20,,,0,80,,2658,20,,,0,42,,2650,20,,,0,70,,2659,20,,,0,30,,2651,20,,,0,70,,2660,20,,,0,30,,2652,20,,,0,86,,2661,20,,,0,70,,2653,20,,,0,30,,2662,20,,,0,70,,2654,20,,,0,30,,2669,20,,,0,70,,2668,20,,,0
600,'100014',535,,2680,20,,,0,70,,2670,20,,,0,18,,2698,20,,,0,12,,2681,20,,,0,70,,2671,20,,,0,17,,2699,20,,,0,13,,2682,20,,,0,70,,2672,20,,,0,39,,2673,20,,,0,70,,2690,20,,,0,30,,2674,20,,,0,70,,2691,20,,,0,30,,2675,20,,,0,70,,2700,20,,,0,30,,2676,20,,,0,70,,2701,20,,,0,41,,2677,20,,,0,75,,2702,20,,,0,75,,2678,20,,,0,35,,2683,20,,,0,75,,2679,20,,,0,35,,2692,20,,,0,75,,2684,20,,,0,80,,2693,20,,,0,42,,2685,20,,,0,70,,2694,20,,,0,30,,2686,20,,,0,70,,2695,20,,,0,30,,2687,20,,,0,86,,2696,20,,,0,70,,2688,20,,,0,30,,2697,20,,,0,70,,2689,20,,,0,30,,2704,20,,,0,70,,2703,20,,,0
600,'100015',742,,2705,20,,,0,100,,2706,20,,,0,100,,2707,20,,,0,100,,2708,20,,,0,100,,2709,20,,,0,115,,2710,20,,,0,100,,2711,20,,,0,100,,2712,20,,,0,100,,2713,20,,,0,155,,2714,20,,,0,100,,2715,20,,,0,100,,2716,20,,,0
5000,'100009',746,,1358,12,0,7 8 9 10 11,0
5000,'100013',746,,3162,12,0,7 8 9 10 11,0
5001,'100009',1450,,1359,21,4,,0,56,,1360,18,4,,0
5001,'100013',1450,,3163,21,4,,0,56,,3164,18,4,,0
