600,'100009',538,,931,25,,,0,70,,921,25,,,0,18,,949,25,,,0,12,,932,25,,,0,70,,922,25,,,0,17,,950,25,,,0,13,,933,25,,,0,70,,923,25,,,0,39,,924,25,,,0,70,,941,25,,,0,30,,925,25,,,0,70,,942,25,,,0,30,,926,25,,,0,70,,951,25,,,0,30,,927,25,,,0,70,,952,25,,,0,42,,928,25,,,0,75,,953,25,,,0,75,,929,25,,,0,35,,934,25,,,0,75,,930,25,,,0,35,,943,25,,,0,75,,935,25,,,0,80,,944,25,,,0,41,,936,25,,,0,70,,945,25,,,0,30,,937,25,,,0,70,,946,25,,,0,30,,938,25,,,0,86,,947,25,,,0,70,,939,25,,,0,30,,948,25,,,0,70,,940,25,,,0,30,,955,25,,,0,70,,954,25,,,0
600,'100010',745,,956,25,,,0,100,,957,25,,,0,100,,958,25,,,0,100,,959,25,,,0,100,,960,25,,,0,155,,961,25,,,0,100,,962,25,,,0,100,,963,25,,,0,100,,964,25,,,0,115,,965,25,,,0,100,,966,25,,,0,100,,967,25,,,0
600,'100011',745,,2610,25,,,0,100,,2611,25,,,0,100,,2612,25,,,0,100,,2613,25,,,0,100,,2614,25,,,0,155,,2615,25,,,0,100,,2616,25,,,0,100,,2617,25,,,0,100,,2618,25,,,0,115,,2619,25,,,0,100,,2620,25,,,0,100,,2621,25,,,0,100,,2622,25,,,0
600,'100012',745,,2623,25,,,0,100,,2624,25,,,0,100,,2625,25,,,0,100,,2626,25,,,0,100,,2627,25,,,0,155,,2628,25,,,0,100,,2629,25,,,0,100,,2630,25,,,0,100,,2631,25,,,0,115,,2632,25,,,0,100,,2633,25,,,0,100,,2634,25,,,0
600,'100013',538,,2645,25,,,0,70,,2635,25,,,0,18,,2663,25,,,0,12,,2646,25,,,0,70,,2636,25,,,0,17,,2664,25,,,0,13,,2647,25,,,0,70,,2637,25,,,0,39,,2638,25,,,0,70,,2655,25,,,0,30,,2639,25,,,0,70,,2656,25,,,0,30,,2640,25,,,0,70,,2665,25,,,0,30,,2641,25,,,0,70,,2666,25,,,0,42,,2642,25,,,0,75,,2667,25,,,0,75,,2643,25,,,0,35,,2648,25,,,0,75,,2644,25,,,0,35,,2657,25,,,0,75,,2649,25,,,0,80,,2658,25,,,0,41,,2650,25,,,0,70,,2659,25,,,0,30,,2651,25,,,0,70,,2660,25,,,0,30,,2652,25,,,0,86,,2661,25,,,0,70,,2653,25,,,0,30,,2662,25,,,0,70,,2654,25,,,0,30,,2669,25,,,0,70,,2668,25,,,0
600,'100014',538,,2680,25,,,0,70,,2670,25,,,0,18,,2698,25,,,0,12,,2681,25,,,0,70,,2671,25,,,0,17,,2699,25,,,0,13,,2682,25,,,0,70,,2672,25,,,0,39,,2673,25,,,0,70,,2690,25,,,0,30,,2674,25,,,0,70,,2691,25,,,0,30,,2675,25,,,0,70,,2700,25,,,0,30,,2676,25,,,0,70,,2701,25,,,0,42,,2677,25,,,0,75,,2702,25,,,0,75,,2678,25,,,0,35,,2683,25,,,0,75,,2679,25,,,0,35,,2692,25,,,0,75,,2684,25,,,0,80,,2693,25,,,0,41,,2685,25,,,0,70,,2694,25,,,0,30,,2686,25,,,0,70,,2695,25,,,0,30,,2687,25,,,0,86,,2696,25,,,0,70,,2688,25,,,0,30,,2697,25,,,0,70,,2689,25,,,0,30,,2704,25,,,0,70,,2703,25,,,0
600,'100015',745,,2705,25,,,0,100,,2706,25,,,0,100,,2707,25,,,0,100,,2708,25,,,0,100,,2709,25,,,0,155,,2710,25,,,0,100,,2711,25,,,0,100,,2712,25,,,0,100,,2713,25,,,0,115,,2714,25,,,0,100,,2715,25,,,0,100,,2716,25,,,0
5000,'100009',737,,1358,4,0,7 8 9 10 11,0
5000,'100013',737,,3162,4,0,7 8 9 10 11,0
5001,'100009',1441,,1359,12,,,0,18,,1360,9,,,0
5001,'100013',1441,,3163,12,,,0,18,,3164,9,,,0
