609,'1476872',739,,573,,,0
609,'1476873',839,,574,,,0
609,'1476874',939,,575,,,0
609,'1476875',1039,,576,,,0
609,'1476876',1139,,577,,,0
609,'1476877',1254,,578,,,0
609,'1476878',1354,,579,,,0
609,'1476879',1454,,580,,,0
609,'1476880',1554,,581,,,0
609,'1476881',1709,,582,,,0
609,'1476882',1809,,583,,,0
609,'1476883',1909,,584,,,0
609,'1477404',601,,585,,,0
609,'1477405',701,,586,,,0
609,'1477406',801,,587,,,0
609,'1477407',841,,588,,,0
609,'1477408',941,,589,,,0
609,'1477409',1041,,590,,,0
609,'1477410',1141,,591,,,0
609,'1477411',1250,,592,,,0
609,'1477412',1400,,593,,,0
609,'1477413',1510,,594,,,0
609,'1477414',531,,595,,,0
609,'1477415',631,,596,,,0
609,'1477416',731,,597,,,0
609,'1477417',1435,,598,,,0
609,'1477418',1620,,599,,,0
609,'1477419',1744,,600,,,0
609,'1477420',1844,,601,,,0
609,'1477421',1944,,602,,,0
609,'1477422',2059,,603,,,0
609,'1477423',2159,,604,,,0
609,'1477424',911,,605,,,0
609,'1477425',1011,,606,,,0
609,'1477426',1545,,607,,,0
609,'1477427',1700,,608,,,0
609,'1477428',1814,,609,,,0
609,'1477429',1914,,610,,,0
609,'1477430',2029,,611,,,0
609,'1477431',2129,,612,,,0
609,'1477432',619,,613,,,0
609,'1477433',719,,614,,,0
609,'1477434',1111,,615,,,0
609,'1477435',1211,,616,,,0
609,'1477436',1325,,617,,,0
609,'1477437',2259,,618,,,0
609,'1477438',2229,,619,,,0
609,'1477723',739,,620,,,0
609,'1477724',839,,621,,,0
609,'1477725',939,,622,,,0
609,'1477726',1039,,623,,,0
609,'1477727',1139,,624,,,0
609,'1477728',1254,,625,,,0
609,'1477729',1354,,626,,,0
609,'1477730',1454,,627,,,0
609,'1477731',1554,,628,,,0
609,'1477732',1709,,629,,,0
609,'1477733',1809,,630,,,0
609,'1477734',1909,,631,,,0
