2109,'1476941',824,,744,0,10 11,0
2109,'1476942',859,,745,0,10 11,0
2109,'1476943',934,,746,0,10 11,0
2109,'1476944',1009,,747,0,10 11,0
2109,'1476945',1044,,748,0,10 11,0
2109,'1476946',1119,,749,0,10 11,0
2109,'1476947',1154,,750,0,10 11,0
2109,'1476948',1229,,751,0,10 11,0
2109,'1476949',1304,,752,0,10 11,0
2109,'1476950',1339,,753,0,10 11,0
2109,'1476951',1414,,754,0,10 11,0
2109,'1476952',1449,,755,0,10 11,0
2109,'1476953',1524,,756,0,10 11,0
2109,'1476954',1559,,757,0,10 11,0
2109,'1476955',1634,,758,0,10 11,0
2109,'1476956',1709,,759,0,10 11,0
2109,'1476957',1744,,760,0,10 11,0
2109,'1476958',1824,,761,0,10 11,0
2109,'1476959',1859,,762,0,10 11,0
2109,'1476960',1934,,763,0,10 11,0
2109,'1477212',721,,791,0,10 11,0
2109,'1477213',831,,792,0,10 11,0
2109,'1477214',940,,793,0,10 11,0
2109,'1477215',1050,,794,0,10 11,0
2109,'1477216',1200,,795,0,10 11,0
2109,'1477217',1313,,796,0,10 11,0
2109,'1477218',1423,,797,0,10 11,0
2109,'1477225',1533,,804,0,10 11,0
2109,'1477226',1643,,805,0,10 11,0
2109,'1477227',1757,,806,0,10 11,0
2109,'1477228',1907,,807,0,10 11,0
2109,'1477229',2017,,808,0,10 11,0
2109,'1477230',2136,,809,0,10 11,0
2109,'1477245',2206,,824,0,10 11,0
2109,'1477246',646,,825,0,10 11,0
2109,'1477247',756,,826,0,10 11,0
2109,'1477248',906,,827,0,10 11,0
2109,'1477249',1015,,828,0,10 11,0
2109,'1477250',1125,,829,0,10 11,0
2109,'1477251',1238,,830,0,10 11,0
2109,'1477252',1348,,831,0,10 11,0
2109,'1477253',1458,,832,0,10 11,0
2109,'1477254',1609,,833,0,10 11,0
2109,'1477255',1718,,834,0,10 11,0
2109,'1477256',1834,,835,0,10 11,0
2109,'1477257',1946,,836,0,10 11,0
2109,'1477258',2056,,837,0,10 11,0
2109,'1477261',2236,,840,0,10 11,0
2109,'1477262',2306,,841,0,10 11,0
2109,'1477263',2336,,842,0,10 11,0
2109,'1478076',1934,,844,0,10 11,0
2109,'1478084',859,,852,0,10 11,0
2109,'1478085',1009,,853,0,10 11,0
2109,'1478086',1229,,854,0,10 11,0
2109,'1478087',1339,,855,0,10 11,0
2109,'1478088',1449,,856,0,10 11,0
2109,'1478089',1709,,857,0,10 11,0
2109,'1478090',1824,,858,0,10 11,0
2109,'1478099',824,,867,0,10 11,0
2109,'1478100',934,,868,0,10 11,0
2109,'1478101',1154,,869,0,10 11,0
2109,'1478102',1304,,870,0,10 11,0
2109,'1478103',1414,,871,0,10 11,0
2109,'1478104',1634,,872,0,10 11,0
2109,'1478105',1744,,873,0,10 11,0
2109,'1478106',1859,,874,0,10 11,0
2109,'1478109',1559,,877,0,10 11,0
2109,'1478110',1119,,878,0,10 11,0
2109,'1478112',1044,,880,0,10 11,0
2109,'1478115',1524,,883,0,10 11,0
