309,'1476918',803,,320,,,0
309,'1476919',903,,321,,,0
309,'1476920',1003,,322,,,0
309,'1476921',1103,,323,,,0
309,'1476922',1203,,324,,,0
309,'1476923',1318,,325,,,0
309,'1476924',1418,,326,,,0
309,'1476925',1518,,327,,,0
309,'1476926',1618,,328,,,0
309,'1476927',1733,,329,,,0
309,'1476928',1833,,330,,,0
309,'1477301',527,,379,,,0
309,'1477302',557,,380,,,0
309,'1477303',627,,381,,,0
309,'1477304',657,,382,,,0
309,'1477305',727,,383,,,0
309,'1477306',757,,384,,,0
309,'1477307',827,,385,,,0
309,'1477308',612,,386,,,0
309,'1477309',807,,387,,,0
309,'1477310',907,,388,,,0
309,'1477311',1007,,389,,,0
309,'1477312',1107,,390,,,0
309,'1477313',1208,,391,,,0
309,'1477314',937,,392,,,0
309,'1477315',1037,,393,,,0
309,'1477316',1137,,394,,,0
309,'1477317',1238,,395,,,0
309,'1477318',1321,,396,,,0
309,'1477319',1356,,397,,,0
309,'1477320',1431,,398,,,0
309,'1477321',1432,,399,,,0
309,'1477322',1445,,400,,,0
309,'1477323',1506,,401,,,0
309,'1477324',1541,,402,,,0
309,'1477325',1546,,403,,,0
309,'1477326',1616,,404,,,0
309,'1477327',1651,,405,,,0
309,'1477328',1731,,406,,,0
309,'1477329',1810,,407,,,0
309,'1477330',1840,,408,,,0
309,'1477331',1910,,409,,,0
309,'1477332',1940,,410,,,0
309,'1477333',2010,,411,,,0
309,'1477334',2055,,412,,,0
309,'1477335',2125,,413,,,0
309,'1477336',2155,,414,,,0
309,'1477337',2225,,415,,,0
309,'1477554',803,,416,,,0
309,'1477555',903,,417,,,0
309,'1477556',1003,,418,,,0
309,'1477557',1103,,419,,,0
309,'1477558',1203,,420,,,0
309,'1477559',1418,,421,,,0
309,'1477560',1518,,422,,,0
309,'1477561',1618,,423,,,0
309,'1477562',1733,,424,,,0
309,'1477563',1833,,425,,,0
309,'1477564',1318,,426,,,0
5209,'1477512',1437,,891,,,0
5209,'1477513',1504,,892,,,0
