301,'100009',539,,590,26,0,15 7 16 3 17,0,70,,591,26,0,15 7 16 3 17,0,30,,592,26,0,15 7 16 3 17,0,70,,593,26,0,15 7 16 3 17,0,30,,594,26,0,15 7 16 3 17,0,10,,595,26,0,15 7 16 3 17,0,60,,600,26,0,15 7 16 3 17,0,40,,596,26,0,15 7 16 3 17,0,70,,601,26,0,15 7 16 3 17,0,30,,597,26,0,15 7 16 3 17,0,70,,602,26,0,15 7 16 3 17,0,30,,598,26,0,15 7 16 3 17,0,70,,603,26,0,15 7 16 3 17,0,30,,599,26,0,15 7 16 3 17,0,70,,604,26,0,15 7 16 3 17,0,39,,605,26,0,15 7 16 3 17,0,75,,606,26,0,15 7 16 3 17,0,75,,607,26,0,15 7 16 3 17,0,14,,608,26,0,15 7 16 3 17,0,21,,609,26,0,15 7 16 3 17,0,75,,610,26,0,15 7 16 3 17,0,5,,625,26,0,15 7 16 3 17,0,30,,611,26,0,15 7 16 3 17,0,75,,612,26,0,15 7 16 3 17,0,80,,613,26,0,15 7 16 3 17,0,44,,614,26,0,15 7 16 3 17,0,70,,615,26,0,15 7 16 3 17,0,30,,616,26,0,15 7 16 3 17,0,70,,617,26,0,15 7 16 3 17,0,30,,618,26,0,15 7 16 3 17,0,85,,619,26,0,15 7 16 3 17,0,70,,620,26,0,15 7 16 3 17,0,30,,621,26,0,15 7 16 3 17,0,70,,622,26,0,15 7 16 3 17,0,30,,623,26,0,15 7 16 3 17,0,70,,624,26,0,15 7 16 3 17,0
301,'100010',539,,626,26,0,15 7 16 3 17,0,70,,627,26,0,15 7 16 3 17,0,30,,628,26,0,15 7 16 3 17,0,70,,629,26,0,15 7 16 3 17,0,30,,630,26,0,15 7 16 3 17,0,10,,631,26,0,15 7 16 3 17,0,60,,636,26,0,15 7 16 3 17,0,40,,632,26,0,15 7 16 3 17,0,70,,637,26,0,15 7 16 3 17,0,30,,633,26,0,15 7 16 3 17,0,70,,638,26,0,15 7 16 3 17,0,30,,634,26,0,15 7 16 3 17,0,70,,639,26,0,15 7 16 3 17,0,30,,635,26,0,15 7 16 3 17,0,70,,640,26,0,15 7 16 3 17,0,39,,641,26,0,15 7 16 3 17,0,75,,642,26,0,15 7 16 3 17,0,75,,643,26,0,15 7 16 3 17,0,14,,644,26,0,15 7 16 3 17,0,21,,645,26,0,15 7 16 3 17,0,75,,646,26,0,15 7 16 3 17,0,5,,661,26,0,15 7 16 3 17,0,30,,647,26,0,15 7 16 3 17,0,75,,648,26,0,15 7 16 3 17,0,80,,649,26,0,15 7 16 3 17,0,44,,650,26,0,15 7 16 3 17,0,70,,651,26,0,15 7 16 3 17,0,30,,652,26,0,15 7 16 3 17,0,70,,653,26,0,15 7 16 3 17,0,30,,654,26,0,15 7 16 3 17,0,85,,655,26,0,15 7 16 3 17,0,70,,656,26,0,15 7 16 3 17,0,30,,657,26,0,15 7 16 3 17,0,70,,658,26,0,15 7 16 3 17,0,30,,659,26,0,15 7 16 3 17,0,70,,660,26,0,15 7 16 3 17,0
301,'100012',744,,665,26,0,15 7 16 3 17,0,100,,666,26,0,15 7 16 3 17,0,100,,667,26,0,15 7 16 3 17,0,101,,668,26,0,15 7 16 3 17,0,100,,669,26,0,15 7 16 3 17,0,155,,670,26,0,15 7 16 3 17,0,100,,671,26,0,15 7 16 3 17,0,100,,672,26,0,15 7 16 3 17,0,100,,673,26,0,15 7 16 3 17,0,115,,664,26,0,15 7 16 3 17,0,100,,662,26,0,15 7 16 3 17,0,100,,663,26,0,15 7 16 3 17,0
301,'100013',744,,677,26,0,15 7 16 3 17,0,100,,678,26,0,15 7 16 3 17,0,100,,679,26,0,15 7 16 3 17,0,101,,680,26,0,15 7 16 3 17,0,100,,681,26,0,15 7 16 3 17,0,155,,682,26,0,15 7 16 3 17,0,100,,683,26,0,15 7 16 3 17,0,100,,684,26,0,15 7 16 3 17,0,100,,685,26,0,15 7 16 3 17,0,115,,674,26,0,15 7 16 3 17,0,100,,675,26,0,15 7 16 3 17,0,100,,676,26,0,15 7 16 3 17,0
400,'100009',539,,715,26,,,0,70,,694,26,,,0,30,,686,26,,,0,17,,713,26,,,0,53,,695,26,,,0,30,,687,26,,,0,70,,696,26,,,0,40,,688,26,,,0,69,,714,26,,,0,31,,689,26,,,0,70,,710,26,,,0,30,,690,26,,,0,70,,711,26,,,0,30,,691,26,,,0,70,,712,26,,,0,38,,692,26,,,0,75,,717,26,,,0,75,,693,26,,,0,35,,697,26,,,0,75,,716,26,,,0,35,,698,26,,,0,75,,699,26,,,0,80,,705,26,,,0,44,,700,26,,,0,70,,706,26,,,0,30,,701,26,,,0,70,,707,26,,,0,30,,702,26,,,0,85,,708,26,,,0,70,,703,26,,,0,30,,709,26,,,0,70,,704,26,,,0,30,,718,26,,,0,70,,719,26,,,0
400,'100010',539,,749,26,,,0,70,,728,26,,,0,30,,720,26,,,0,17,,747,26,,,0,53,,729,26,,,0,30,,721,26,,,0,70,,730,26,,,0,40,,722,26,,,0,69,,748,26,,,0,31,,723,26,,,0,70,,744,26,,,0,30,,724,26,,,0,70,,745,26,,,0,30,,725,26,,,0,70,,746,26,,,0,38,,726,26,,,0,75,,751,26,,,0,75,,727,26,,,0,35,,731,26,,,0,75,,750,26,,,0,35,,732,26,,,0,75,,733,26,,,0,80,,739,26,,,0,44,,734,26,,,0,70,,740,26,,,0,30,,735,26,,,0,70,,741,26,,,0,30,,736,26,,,0,85,,742,26,,,0,70,,737,26,,,0,30,,743,26,,,0,70,,738,26,,,0,30,,752,26,,,0,70,,753,26,,,0
400,'100012',746,,754,26,,,0,70,,767,26,,,0,30,,755,26,,,0,70,,768,26,,,0,30,,756,26,,,0,70,,769,26,,,0,30,,757,26,,,0,70,,770,26,,,0,30,,758,26,,,0,70,,771,26,,,0,85,,759,26,,,0,30,,772,26,,,0,70,,760,26,,,0,30,,773,26,,,0,70,,761,26,,,0,30,,774,26,,,0,70,,762,26,,,0,45,,775,26,,,0,70,,763,26,,,0,30,,776,26,,,0,70,,764,26,,,0,30,,766,26,,,0,70,,765,26,,,0
400,'100013',746,,777,26,,,0,70,,778,26,,,0,30,,779,26,,,0,70,,780,26,,,0,30,,781,26,,,0,70,,782,26,,,0,30,,783,26,,,0,70,,784,26,,,0,30,,785,26,,,0,70,,786,26,,,0,85,,787,26,,,0,30,,788,26,,,0,70,,789,26,,,0,30,,790,26,,,0,70,,791,26,,,0,30,,792,26,,,0,70,,793,26,,,0,45,,795,26,,,0,70,,796,26,,,0,30,,797,26,,,0,70,,798,26,,,0,30,,799,26,,,0,70,,794,26,,,0
5201,'100010',750,,1365,44,0,7 8 9,0
5400,'100010',747,,1370,44,0,7 18,0
