301,'100009',538,,590,24,0,15 7 16 3 17,0,70,,591,24,0,15 7 16 3 17,0,30,,592,24,0,15 7 16 3 17,0,70,,593,24,0,15 7 16 3 17,0,30,,594,24,0,15 7 16 3 17,0,10,,595,24,0,15 7 16 3 17,0,60,,600,24,0,15 7 16 3 17,0,40,,596,24,0,15 7 16 3 17,0,70,,601,24,0,15 7 16 3 17,0,30,,597,24,0,15 7 16 3 17,0,70,,602,24,0,15 7 16 3 17,0,30,,598,24,0,15 7 16 3 17,0,70,,603,24,0,15 7 16 3 17,0,30,,599,24,0,15 7 16 3 17,0,70,,604,24,0,15 7 16 3 17,0,39,,605,24,0,15 7 16 3 17,0,75,,606,24,0,15 7 16 3 17,0,75,,607,24,0,15 7 16 3 17,0,14,,608,24,0,15 7 16 3 17,0,21,,609,24,0,15 7 16 3 17,0,75,,610,24,0,15 7 16 3 17,0,5,,625,24,0,15 7 16 3 17,0,30,,611,24,0,15 7 16 3 17,0,75,,612,24,0,15 7 16 3 17,0,80,,613,24,0,15 7 16 3 17,0,44,,614,24,0,15 7 16 3 17,0,70,,615,24,0,15 7 16 3 17,0,30,,616,24,0,15 7 16 3 17,0,70,,617,24,0,15 7 16 3 17,0,30,,618,24,0,15 7 16 3 17,0,85,,619,24,0,15 7 16 3 17,0,70,,620,24,0,15 7 16 3 17,0,30,,621,24,0,15 7 16 3 17,0,70,,622,24,0,15 7 16 3 17,0,30,,623,24,0,15 7 16 3 17,0,70,,624,24,0,15 7 16 3 17,0
301,'100010',538,,626,24,0,15 7 16 3 17,0,70,,627,24,0,15 7 16 3 17,0,30,,628,24,0,15 7 16 3 17,0,70,,629,24,0,15 7 16 3 17,0,30,,630,24,0,15 7 16 3 17,0,10,,631,24,0,15 7 16 3 17,0,60,,636,24,0,15 7 16 3 17,0,40,,632,24,0,15 7 16 3 17,0,70,,637,24,0,15 7 16 3 17,0,30,,633,24,0,15 7 16 3 17,0,70,,638,24,0,15 7 16 3 17,0,30,,634,24,0,15 7 16 3 17,0,70,,639,24,0,15 7 16 3 17,0,30,,635,24,0,15 7 16 3 17,0,70,,640,24,0,15 7 16 3 17,0,39,,641,24,0,15 7 16 3 17,0,75,,642,24,0,15 7 16 3 17,0,75,,643,24,0,15 7 16 3 17,0,14,,644,24,0,15 7 16 3 17,0,21,,645,24,0,15 7 16 3 17,0,75,,646,24,0,15 7 16 3 17,0,5,,661,24,0,15 7 16 3 17,0,30,,647,24,0,15 7 16 3 17,0,75,,648,24,0,15 7 16 3 17,0,80,,649,24,0,15 7 16 3 17,0,44,,650,24,0,15 7 16 3 17,0,70,,651,24,0,15 7 16 3 17,0,30,,652,24,0,15 7 16 3 17,0,70,,653,24,0,15 7 16 3 17,0,30,,654,24,0,15 7 16 3 17,0,85,,655,24,0,15 7 16 3 17,0,70,,656,24,0,15 7 16 3 17,0,30,,657,24,0,15 7 16 3 17,0,70,,658,24,0,15 7 16 3 17,0,30,,659,24,0,15 7 16 3 17,0,70,,660,24,0,15 7 16 3 17,0
301,'100012',743,,665,24,0,15 7 16 3 17,0,100,,666,24,0,15 7 16 3 17,0,100,,667,24,0,15 7 16 3 17,0,101,,668,24,0,15 7 16 3 17,0,100,,669,24,0,15 7 16 3 17,0,115,,670,24,0,15 7 16 3 17,0,100,,671,24,0,15 7 16 3 17,0,100,,672,24,0,15 7 16 3 17,0,100,,673,24,0,15 7 16 3 17,0,155,,664,24,0,15 7 16 3 17,0,100,,662,24,0,15 7 16 3 17,0,100,,663,24,0,15 7 16 3 17,0
301,'100013',743,,677,24,0,15 7 16 3 17,0,100,,678,24,0,15 7 16 3 17,0,100,,679,24,0,15 7 16 3 17,0,101,,680,24,0,15 7 16 3 17,0,100,,681,24,0,15 7 16 3 17,0,115,,682,24,0,15 7 16 3 17,0,100,,683,24,0,15 7 16 3 17,0,100,,684,24,0,15 7 16 3 17,0,100,,685,24,0,15 7 16 3 17,0,155,,674,24,0,15 7 16 3 17,0,100,,675,24,0,15 7 16 3 17,0,100,,676,24,0,15 7 16 3 17,0
400,'100009',538,,715,24,,,0,70,,694,24,,,0,30,,686,24,,,0,17,,713,24,,,0,53,,695,24,,,0,30,,687,24,,,0,70,,696,24,,,0,40,,688,24,,,0,69,,714,24,,,0,31,,689,24,,,0,70,,710,24,,,0,30,,690,24,,,0,70,,711,24,,,0,30,,691,24,,,0,70,,712,24,,,0,38,,692,24,,,0,75,,717,24,,,0,75,,693,24,,,0,35,,697,24,,,0,75,,716,24,,,0,35,,698,24,,,0,75,,699,24,,,0,80,,705,24,,,0,44,,700,24,,,0,70,,706,24,,,0,30,,701,24,,,0,70,,707,24,,,0,30,,702,24,,,0,85,,708,24,,,0,70,,703,24,,,0,30,,709,24,,,0,70,,704,24,,,0,30,,718,24,,,0,70,,719,24,,,0
400,'100010',538,,749,24,,,0,70,,728,24,,,0,30,,720,24,,,0,17,,747,24,,,0,53,,729,24,,,0,30,,721,24,,,0,70,,730,24,,,0,40,,722,24,,,0,69,,748,24,,,0,31,,723,24,,,0,70,,744,24,,,0,30,,724,24,,,0,70,,745,24,,,0,30,,725,24,,,0,70,,746,24,,,0,38,,726,24,,,0,75,,751,24,,,0,75,,727,24,,,0,35,,731,24,,,0,75,,750,24,,,0,35,,732,24,,,0,75,,733,24,,,0,80,,739,24,,,0,44,,734,24,,,0,70,,740,24,,,0,30,,735,24,,,0,70,,741,24,,,0,30,,736,24,,,0,85,,742,24,,,0,70,,737,24,,,0,30,,743,24,,,0,70,,738,24,,,0,30,,752,24,,,0,70,,753,24,,,0
400,'100012',745,,754,24,,,0,70,,767,24,,,0,30,,755,24,,,0,70,,768,24,,,0,30,,756,24,,,0,70,,769,24,,,0,30,,757,24,,,0,70,,770,24,,,0,30,,758,24,,,0,70,,771,24,,,0,85,,759,24,,,0,30,,772,24,,,0,70,,760,24,,,0,30,,773,24,,,0,70,,761,24,,,0,30,,774,24,,,0,70,,762,24,,,0,45,,775,24,,,0,70,,763,24,,,0,30,,776,24,,,0,70,,764,24,,,0,30,,766,24,,,0,70,,765,24,,,0
400,'100013',745,,777,24,,,0,70,,778,24,,,0,30,,779,24,,,0,70,,780,24,,,0,30,,781,24,,,0,70,,782,24,,,0,30,,783,24,,,0,70,,784,24,,,0,30,,785,24,,,0,70,,786,24,,,0,85,,787,24,,,0,30,,788,24,,,0,70,,789,24,,,0,30,,790,24,,,0,70,,791,24,,,0,30,,792,24,,,0,70,,793,24,,,0,45,,795,24,,,0,70,,796,24,,,0,30,,797,24,,,0,70,,798,24,,,0,30,,799,24,,,0,70,,794,24,,,0
5201,'100010',749,,1365,42,0,7 8 9,0
5400,'100010',746,,1370,42,0,7 18,0
