309,'1476918',813,,320,,,0
309,'1476919',913,,321,,,0
309,'1476920',1013,,322,,,0
309,'1476921',1112,,323,,,0
309,'1476922',1212,,324,,,0
309,'1476923',1327,,325,,,0
309,'1476924',1427,,326,,,0
309,'1476925',1527,,327,,,0
309,'1476926',1627,,328,,,0
309,'1476927',1742,,329,,,0
309,'1476928',1842,,330,,,0
309,'1477301',537,,379,,,0
309,'1477302',607,,380,,,0
309,'1477303',637,,381,,,0
309,'1477304',707,,382,,,0
309,'1477305',737,,383,,,0
309,'1477306',807,,384,,,0
309,'1477307',837,,385,,,0
309,'1477308',622,,386,,,0
309,'1477309',817,,387,,,0
309,'1477310',917,,388,,,0
309,'1477311',1017,,389,,,0
309,'1477312',1117,,390,,,0
309,'1477313',1219,,391,,,0
309,'1477314',947,,392,,,0
309,'1477315',1047,,393,,,0
309,'1477316',1147,,394,,,0
309,'1477317',1249,,395,,,0
309,'1477318',1332,,396,,,0
309,'1477319',1407,,397,,,0
309,'1477320',1442,,398,,,0
309,'1477321',1443,,399,,,0
309,'1477322',1456,,400,,,0
309,'1477323',1517,,401,,,0
309,'1477324',1552,,402,,,0
309,'1477325',1557,,403,,,0
309,'1477326',1627,,404,,,0
309,'1477327',1702,,405,,,0
309,'1477328',1742,,406,,,0
309,'1477329',1820,,407,,,0
309,'1477330',1850,,408,,,0
309,'1477331',1920,,409,,,0
309,'1477332',1950,,410,,,0
309,'1477333',2020,,411,,,0
309,'1477334',2105,,412,,,0
309,'1477335',2135,,413,,,0
309,'1477336',2205,,414,,,0
309,'1477337',2235,,415,,,0
309,'1477554',813,,416,,,0
309,'1477555',913,,417,,,0
309,'1477556',1013,,418,,,0
309,'1477557',1112,,419,,,0
309,'1477558',1212,,420,,,0
309,'1477559',1427,,421,,,0
309,'1477560',1527,,422,,,0
309,'1477561',1627,,423,,,0
309,'1477562',1742,,424,,,0
309,'1477563',1842,,425,,,0
309,'1477564',1327,,426,,,0
