2109,'1476961',738,,764,,,0
2109,'1476962',813,,765,,,0
2109,'1476963',848,,766,,,0
2109,'1476964',923,,767,,,0
2109,'1476965',958,,768,,,0
2109,'1476966',1033,,769,,,0
2109,'1476967',1108,,770,,,0
2109,'1476968',1143,,771,,,0
2109,'1476969',1218,,772,,,0
2109,'1476970',1253,,773,,,0
2109,'1476971',1328,,774,,,0
2109,'1476972',1403,,775,,,0
2109,'1476973',1438,,776,,,0
2109,'1476974',1513,,777,,,0
2109,'1476975',1548,,778,,,0
2109,'1476976',1623,,779,,,0
2109,'1476977',1658,,780,,,0
2109,'1476978',1738,,781,,,0
2109,'1476979',1813,,782,,,0
2109,'1476980',1848,,783,,,0
2109,'1477205',633,,784,,,0
2109,'1477206',745,,785,,,0
2109,'1477207',855,,786,,,0
2109,'1477208',1005,,787,,,0
2109,'1477209',1115,,788,,,0
2109,'1477210',1226,,789,,,0
2109,'1477211',1336,,790,,,0
2109,'1477219',1446,,798,,,0
2109,'1477220',1556,,799,,,0
2109,'1477221',1710,,800,,,0
2109,'1477222',1820,,801,,,0
2109,'1477223',1930,,802,,,0
2109,'1477224',2058,,803,,,0
2109,'1477231',600,,810,,,0
2109,'1477232',710,,811,,,0
2109,'1477233',819,,812,,,0
2109,'1477234',930,,813,,,0
2109,'1477235',1040,,814,,,0
2109,'1477236',1150,,815,,,0
2109,'1477237',1301,,816,,,0
2109,'1477238',1411,,817,,,0
2109,'1477239',1521,,818,,,0
2109,'1477240',1631,,819,,,0
2109,'1477241',1745,,820,,,0
2109,'1477242',1857,,821,,,0
2109,'1477243',2009,,822,,,0
2109,'1477244',2128,,823,,,0
2109,'1477259',2258,,838,,,0
2109,'1477260',2228,,839,,,0
2109,'1477264',2158,,843,,,0
2109,'1478077',813,,845,,,0
2109,'1478078',923,,846,,,0
2109,'1478079',1144,,847,,,0
2109,'1478080',1253,,848,,,0
2109,'1478081',1403,,849,,,0
2109,'1478082',1513,,850,,,0
2109,'1478083',1738,,851,,,0
2109,'1478091',738,,859,,,0
2109,'1478092',848,,860,,,0
2109,'1478093',1108,,861,,,0
2109,'1478094',1218,,862,,,0
2109,'1478095',1328,,863,,,0
2109,'1478096',1438,,864,,,0
2109,'1478097',1658,,865,,,0
2109,'1478098',1813,,866,,,0
2109,'1478107',1623,,875,,,0
2109,'1478108',1033,,876,,,0
2109,'1478111',1848,,879,,,0
2109,'1478113',958,,881,,,0
2109,'1478114',1548,,882,,,0
