2019,'1477004',737,,183,0,10 27,0
2019,'1477005',807,,184,0,10 27,0
2019,'1477006',837,,185,0,10 27,0
2019,'1477007',907,,186,0,10 27,0
2019,'1477008',937,,187,0,10 27,0
2019,'1477009',1007,,188,0,10 27,0
2019,'1477010',1037,,189,0,10 27,0
2019,'1477011',1107,,190,0,10 27,0
2019,'1477012',1137,,191,0,10 27,0
2019,'1477013',1207,,192,0,10 27,0
2019,'1477014',1252,,193,0,10 27,0
2019,'1477015',1322,,194,0,10 27,0
2019,'1477016',1352,,195,0,10 27,0
2019,'1477017',1422,,196,0,10 27,0
2019,'1477018',1452,,197,0,10 27,0
2019,'1477019',1522,,198,0,10 27,0
2019,'1477020',1552,,199,0,10 27,0
2019,'1477021',1907,,200,0,10 27,0
2019,'1477022',1637,,201,0,10 27,0
2019,'1477023',1707,,202,0,10 27,0
2019,'1477024',1737,,203,0,10 27,0
2019,'1477025',1807,,204,0,10 27,0
2019,'1477026',1837,,205,0,10 27,0
2019,'1477138',529,,206,0,10 27,0
2019,'1477139',629,,207,0,10 27,0
2019,'1477140',729,,208,0,10 27,0
2019,'1477141',839,,209,0,10 27,0
2019,'1477142',939,,210,0,10 27,0
2019,'1477143',1039,,211,0,10 27,0
2019,'1477144',1139,,212,0,10 27,0
2019,'1477145',1247,,213,0,10 27,0
2019,'1477146',1357,,214,0,10 27,0
2019,'1477164',559,,232,0,10 27,0
2019,'1477165',659,,233,0,10 27,0
2019,'1477166',759,,234,0,10 27,0
2019,'1477167',909,,235,0,10 27,0
2019,'1477168',1009,,236,0,10 27,0
2019,'1477169',1109,,237,0,10 27,0
2019,'1477170',1209,,238,0,10 27,0
2019,'1477171',1322,,239,0,10 27,0
2019,'1477172',1432,,240,0,10 27,0
2019,'1477180',1542,,248,0,10 27,0
2019,'1477181',1657,,249,0,10 27,0
2019,'1477182',1742,,250,0,10 27,0
2019,'1477183',1842,,251,0,10 27,0
2019,'1477184',1942,,252,0,10 27,0
2019,'1477185',2057,,253,0,10 27,0
2019,'1477186',2157,,254,0,10 27,0
2019,'1477194',1507,,262,0,10 27,0
2019,'1477195',1617,,263,0,10 27,0
2019,'1477196',1812,,264,0,10 27,0
2019,'1477197',1912,,265,0,10 27,0
2019,'1477198',2027,,266,0,10 27,0
2019,'1477199',2127,,267,0,10 27,0
2019,'1477202',2227,,270,0,10 27,0
2019,'1477203',2257,,271,0,10 27,0
2019,'1477204',2327,,272,0,10 27,0
2019,'1477792',837,,296,0,10 27,0
2019,'1477793',807,,297,0,10 27,0
2019,'1477794',907,,298,0,10 27,0
2019,'1477795',937,,299,0,10 27,0
2019,'1477796',1007,,300,0,10 27,0
2019,'1477797',1037,,301,0,10 27,0
2019,'1477798',1107,,302,0,10 27,0
2019,'1477799',1137,,303,0,10 27,0
2019,'1477800',1207,,304,0,10 27,0
2019,'1477801',1252,,305,0,10 27,0
2019,'1477802',1322,,306,0,10 27,0
2019,'1477803',1352,,307,0,10 27,0
2019,'1477804',1422,,308,0,10 27,0
2019,'1477805',1452,,309,0,10 27,0
2019,'1477806',1522,,310,0,10 27,0
2019,'1477807',1552,,311,0,10 27,0
2019,'1477808',1637,,312,0,10 27,0
2019,'1477809',1707,,313,0,10 27,0
2019,'1477810',1737,,314,0,10 27,0
2019,'1477811',1807,,315,0,10 27,0
2019,'1477812',1837,,316,0,10 27,0
2019,'1477813',1907,,317,0,10 27,0
2019,'1477814',737,,318,0,10 27,0
2019,'1477815',707,,319,0,10 27,0
