400,'100009',530,,749,13,0,17 3 15 7 16,0,70,,728,13,0,17 3 15 7 16,0,30,,720,13,0,17 3 15 7 16,0,18,,747,13,0,17 3 15 7 16,0,52,,729,13,0,17 3 15 7 16,0,30,,721,13,0,17 3 15 7 16,0,70,,730,13,0,17 3 15 7 16,0,40,,722,13,0,17 3 15 7 16,0,69,,748,13,0,17 3 15 7 16,0,31,,723,13,0,17 3 15 7 16,0,70,,744,13,0,17 3 15 7 16,0,30,,724,13,0,17 3 15 7 16,0,70,,745,13,0,17 3 15 7 16,0,30,,725,13,0,17 3 15 7 16,0,70,,746,13,0,17 3 15 7 16,0,38,,726,13,0,17 3 15 7 16,0,75,,751,13,0,17 3 15 7 16,0,35,,727,13,0,17 3 15 7 16,0,75,,731,13,0,17 3 15 7 16,0,75,,750,13,0,17 3 15 7 16,0,35,,732,13,0,17 3 15 7 16,0,75,,733,13,0,17 3 15 7 16,0,40,,739,13,0,17 3 15 7 16,0,85,,734,13,0,17 3 15 7 16,0,70,,740,13,0,17 3 15 7 16,0,30,,735,13,0,17 3 15 7 16,0,70,,741,13,0,17 3 15 7 16,0,30,,736,13,0,17 3 15 7 16,0,85,,742,13,0,17 3 15 7 16,0,30,,737,13,0,17 3 15 7 16,0,70,,743,13,0,17 3 15 7 16,0,30,,738,13,0,17 3 15 7 16,0,70,,752,13,0,17 3 15 7 16,0,30,,753,13,0,17 3 15 7 16,0
400,'100010',738,,754,13,0,17 3 15 7 16,0,70,,767,13,0,17 3 15 7 16,0,30,,755,13,0,17 3 15 7 16,0,70,,768,13,0,17 3 15 7 16,0,30,,756,13,0,17 3 15 7 16,0,70,,769,13,0,17 3 15 7 16,0,30,,757,13,0,17 3 15 7 16,0,70,,770,13,0,17 3 15 7 16,0,30,,758,13,0,17 3 15 7 16,0,70,,771,13,0,17 3 15 7 16,0,45,,759,13,0,17 3 15 7 16,0,70,,772,13,0,17 3 15 7 16,0,30,,760,13,0,17 3 15 7 16,0,70,,773,13,0,17 3 15 7 16,0,30,,761,13,0,17 3 15 7 16,0,70,,774,13,0,17 3 15 7 16,0,30,,762,13,0,17 3 15 7 16,0,85,,775,13,0,17 3 15 7 16,0,70,,763,13,0,17 3 15 7 16,0,30,,776,13,0,17 3 15 7 16,0,70,,764,13,0,17 3 15 7 16,0,30,,766,13,0,17 3 15 7 16,0,70,,765,13,0,17 3 15 7 16,0
400,'100011',738,,2373,13,0,17 3 15 7 16,0,70,,2386,13,0,17 3 15 7 16,0,30,,2374,13,0,17 3 15 7 16,0,70,,2387,13,0,17 3 15 7 16,0,30,,2375,13,0,17 3 15 7 16,0,70,,2388,13,0,17 3 15 7 16,0,30,,2376,13,0,17 3 15 7 16,0,70,,2389,13,0,17 3 15 7 16,0,30,,2377,13,0,17 3 15 7 16,0,70,,2390,13,0,17 3 15 7 16,0,45,,2378,13,0,17 3 15 7 16,0,70,,2391,13,0,17 3 15 7 16,0,30,,2379,13,0,17 3 15 7 16,0,70,,2392,13,0,17 3 15 7 16,0,30,,2380,13,0,17 3 15 7 16,0,70,,2393,13,0,17 3 15 7 16,0,30,,2381,13,0,17 3 15 7 16,0,85,,2394,13,0,17 3 15 7 16,0,70,,2382,13,0,17 3 15 7 16,0,30,,2395,13,0,17 3 15 7 16,0,70,,2383,13,0,17 3 15 7 16,0,30,,2385,13,0,17 3 15 7 16,0,70,,2384,13,0,17 3 15 7 16,0,30,,2396,13,0,17 3 15 7 16,0,70,,2397,13,0,17 3 15 7 16,0
400,'100012',738,,2398,13,0,17 3 15 7 16,0,70,,2411,13,0,17 3 15 7 16,0,30,,2399,13,0,17 3 15 7 16,0,70,,2412,13,0,17 3 15 7 16,0,30,,2400,13,0,17 3 15 7 16,0,70,,2413,13,0,17 3 15 7 16,0,30,,2401,13,0,17 3 15 7 16,0,70,,2414,13,0,17 3 15 7 16,0,30,,2402,13,0,17 3 15 7 16,0,70,,2415,13,0,17 3 15 7 16,0,45,,2403,13,0,17 3 15 7 16,0,70,,2416,13,0,17 3 15 7 16,0,30,,2404,13,0,17 3 15 7 16,0,70,,2417,13,0,17 3 15 7 16,0,30,,2405,13,0,17 3 15 7 16,0,70,,2418,13,0,17 3 15 7 16,0,30,,2406,13,0,17 3 15 7 16,0,85,,2419,13,0,17 3 15 7 16,0,70,,2407,13,0,17 3 15 7 16,0,30,,2420,13,0,17 3 15 7 16,0,70,,2408,13,0,17 3 15 7 16,0,30,,2410,13,0,17 3 15 7 16,0,70,,2409,13,0,17 3 15 7 16,0
400,'100013',530,,2450,13,0,17 3 15 7 16,0,70,,2429,13,0,17 3 15 7 16,0,30,,2421,13,0,17 3 15 7 16,0,18,,2448,13,0,17 3 15 7 16,0,52,,2430,13,0,17 3 15 7 16,0,30,,2422,13,0,17 3 15 7 16,0,70,,2431,13,0,17 3 15 7 16,0,40,,2423,13,0,17 3 15 7 16,0,69,,2449,13,0,17 3 15 7 16,0,31,,2424,13,0,17 3 15 7 16,0,70,,2445,13,0,17 3 15 7 16,0,30,,2425,13,0,17 3 15 7 16,0,70,,2446,13,0,17 3 15 7 16,0,30,,2426,13,0,17 3 15 7 16,0,70,,2447,13,0,17 3 15 7 16,0,38,,2427,13,0,17 3 15 7 16,0,75,,2452,13,0,17 3 15 7 16,0,35,,2428,13,0,17 3 15 7 16,0,75,,2432,13,0,17 3 15 7 16,0,75,,2451,13,0,17 3 15 7 16,0,35,,2433,13,0,17 3 15 7 16,0,75,,2434,13,0,17 3 15 7 16,0,40,,2440,13,0,17 3 15 7 16,0,85,,2435,13,0,17 3 15 7 16,0,70,,2441,13,0,17 3 15 7 16,0,30,,2436,13,0,17 3 15 7 16,0,70,,2442,13,0,17 3 15 7 16,0,30,,2437,13,0,17 3 15 7 16,0,85,,2443,13,0,17 3 15 7 16,0,30,,2438,13,0,17 3 15 7 16,0,70,,2444,13,0,17 3 15 7 16,0,30,,2439,13,0,17 3 15 7 16,0,70,,2453,13,0,17 3 15 7 16,0,30,,2454,13,0,17 3 15 7 16,0
400,'100014',530,,2484,13,0,17 3 15 7 16,0,70,,2463,13,0,17 3 15 7 16,0,30,,2455,13,0,17 3 15 7 16,0,18,,2482,13,0,17 3 15 7 16,0,52,,2464,13,0,17 3 15 7 16,0,30,,2456,13,0,17 3 15 7 16,0,70,,2465,13,0,17 3 15 7 16,0,40,,2457,13,0,17 3 15 7 16,0,69,,2483,13,0,17 3 15 7 16,0,31,,2458,13,0,17 3 15 7 16,0,70,,2479,13,0,17 3 15 7 16,0,30,,2459,13,0,17 3 15 7 16,0,70,,2480,13,0,17 3 15 7 16,0,30,,2460,13,0,17 3 15 7 16,0,70,,2481,13,0,17 3 15 7 16,0,38,,2461,13,0,17 3 15 7 16,0,75,,2486,13,0,17 3 15 7 16,0,35,,2462,13,0,17 3 15 7 16,0,75,,2466,13,0,17 3 15 7 16,0,75,,2485,13,0,17 3 15 7 16,0,35,,2467,13,0,17 3 15 7 16,0,75,,2468,13,0,17 3 15 7 16,0,40,,2474,13,0,17 3 15 7 16,0,85,,2469,13,0,17 3 15 7 16,0,70,,2475,13,0,17 3 15 7 16,0,30,,2470,13,0,17 3 15 7 16,0,70,,2476,13,0,17 3 15 7 16,0,30,,2471,13,0,17 3 15 7 16,0,85,,2477,13,0,17 3 15 7 16,0,30,,2472,13,0,17 3 15 7 16,0,70,,2478,13,0,17 3 15 7 16,0,30,,2473,13,0,17 3 15 7 16,0,70,,2487,13,0,17 3 15 7 16,0,30,,2488,13,0,17 3 15 7 16,0
400,'100015',738,,2489,13,0,17 3 15 7 16,0,70,,2490,13,0,17 3 15 7 16,0,30,,2491,13,0,17 3 15 7 16,0,70,,2492,13,0,17 3 15 7 16,0,30,,2493,13,0,17 3 15 7 16,0,70,,2494,13,0,17 3 15 7 16,0,30,,2495,13,0,17 3 15 7 16,0,70,,2496,13,0,17 3 15 7 16,0,30,,2497,13,0,17 3 15 7 16,0,70,,2498,13,0,17 3 15 7 16,0,45,,2499,13,0,17 3 15 7 16,0,70,,2500,13,0,17 3 15 7 16,0,30,,2501,13,0,17 3 15 7 16,0,70,,2502,13,0,17 3 15 7 16,0,30,,2503,13,0,17 3 15 7 16,0,70,,2504,13,0,17 3 15 7 16,0,30,,2505,13,0,17 3 15 7 16,0,85,,2507,13,0,17 3 15 7 16,0,70,,2508,13,0,17 3 15 7 16,0,30,,2509,13,0,17 3 15 7 16,0,70,,2510,13,0,17 3 15 7 16,0,30,,2511,13,0,17 3 15 7 16,0,70,,2506,13,0,17 3 15 7 16,0
5201,'100009',744,,1365,27,0,7 8 9,0
5201,'100013',744,,3169,27,0,7 8 9,0
5400,'100009',738,,1370,27,0,7 18,0
5400,'100013',738,,3174,27,0,7 18,0
