309,'1476918',821,,320,,,0
309,'1476919',921,,321,,,0
309,'1476920',1021,,322,,,0
309,'1476921',1121,,323,,,0
309,'1476922',1221,,324,,,0
309,'1476923',1336,,325,,,0
309,'1476924',1436,,326,,,0
309,'1476925',1536,,327,,,0
309,'1476926',1636,,328,,,0
309,'1476927',1751,,329,,,0
309,'1476928',1851,,330,,,0
309,'1477301',545,,379,,,0
309,'1477302',615,,380,,,0
309,'1477303',645,,381,,,0
309,'1477304',715,,382,,,0
309,'1477305',745,,383,,,0
309,'1477306',815,,384,,,0
309,'1477307',845,,385,,,0
309,'1477308',630,,386,,,0
309,'1477309',825,,387,,,0
309,'1477310',925,,388,,,0
309,'1477311',1025,,389,,,0
309,'1477312',1125,,390,,,0
309,'1477313',1228,,391,,,0
309,'1477314',955,,392,,,0
309,'1477315',1055,,393,,,0
309,'1477316',1155,,394,,,0
309,'1477317',1258,,395,,,0
309,'1477318',1341,,396,,,0
309,'1477319',1416,,397,,,0
309,'1477320',1451,,398,,,0
309,'1477321',1452,,399,,,0
309,'1477322',1505,,400,,,0
309,'1477323',1526,,401,,,0
309,'1477324',1601,,402,,,0
309,'1477325',1606,,403,,,0
309,'1477326',1636,,404,,,0
309,'1477327',1711,,405,,,0
309,'1477328',1751,,406,,,0
309,'1477329',1828,,407,,,0
309,'1477330',1858,,408,,,0
309,'1477331',1928,,409,,,0
309,'1477332',1958,,410,,,0
309,'1477333',2028,,411,,,0
309,'1477334',2113,,412,,,0
309,'1477335',2143,,413,,,0
309,'1477336',2213,,414,,,0
309,'1477337',2243,,415,,,0
309,'1477554',821,,416,,,0
309,'1477555',921,,417,,,0
309,'1477556',1021,,418,,,0
309,'1477557',1121,,419,,,0
309,'1477558',1221,,420,,,0
309,'1477559',1436,,421,,,0
309,'1477560',1536,,422,,,0
309,'1477561',1636,,423,,,0
309,'1477562',1751,,424,,,0
309,'1477563',1851,,425,,,0
309,'1477564',1336,,426,,,0
