2000909,'1476814',814,,1006,,,0
2000909,'1476815',854,,1007,,,0
2000909,'1476816',934,,1008,,,0
2000909,'1476817',1014,,1009,,,0
2000909,'1476818',1054,,1010,,,0
2000909,'1476819',1134,,1011,,,0
2000909,'1476820',1213,,1012,,,0
2000909,'1476821',1253,,1013,,,0
2000909,'1476822',1338,,1014,,,0
2000909,'1476823',1418,,1015,,,0
2000909,'1476824',1459,,1016,,,0
2000909,'1476825',1539,,1017,,,0
2000909,'1476826',1624,,1018,,,0
2000909,'1476827',1704,,1019,,,0
2000909,'1476828',1744,,1020,,,0
2000909,'1476829',1824,,1021,,,0
2000909,'1476830',1904,,1022,,,0
2000909,'1477519',604,,1023,,,0
2000909,'1477520',624,,1024,,,0
2000909,'1477521',654,,1025,,,0
2000909,'1477522',724,,1026,,,0
2000909,'1477523',754,,1027,,,0
2000909,'1477524',814,,1028,,,0
2000909,'1477525',854,,1029,,,0
2000909,'1477526',944,,1030,,,0
2000909,'1477527',1014,,1031,,,0
2000909,'1477528',1034,,1032,,,0
2000909,'1477529',1104,,1033,,,0
2000909,'1477530',1134,,1034,,,0
2000909,'1477531',1204,,1035,,,0
2000909,'1477532',1234,,1036,,,0
2000909,'1477533',1304,,1037,,,0
2000909,'1477534',1334,,1038,,,0
2000909,'1477535',1404,,1039,,,0
2000909,'1477536',1436,,1040,,,0
2000909,'1477537',1507,,1041,,,0
2000909,'1477538',1537,,1042,,,0
2000909,'1477539',1611,,1043,,,0
2000909,'1477540',1635,,1044,,,0
2000909,'1477541',1707,,1045,,,0
2000909,'1477542',1745,,1046,,,0
2000909,'1477543',1815,,1047,,,0
2000909,'1477544',1845,,1048,,,0
2000909,'1477545',1915,,1049,,,0
2000909,'1477546',1945,,1050,,,0
2000909,'1477547',2010,,1051,,,0
2000909,'1477548',2042,,1052,,,0
2000909,'1477549',2116,,1053,,,0
2000909,'1477550',916,,1054,,,0
2000909,'1477551',2201,,1055,,,0
2000909,'1477552',2236,,1056,,,0
2000909,'1477553',2312,,1057,,,0
2000909,'1477577',814,,1058,,,0
2000909,'1477578',854,,1059,,,0
2000909,'1477579',934,,1060,,,0
2000909,'1477580',1014,,1061,,,0
2000909,'1477581',1054,,1062,,,0
2000909,'1477582',1134,,1063,,,0
2000909,'1477583',1213,,1064,,,0
2000909,'1477584',1253,,1065,,,0
2000909,'1477585',1338,,1066,,,0
2000909,'1477586',1418,,1067,,,0
2000909,'1477587',1459,,1068,,,0
2000909,'1477588',1539,,1069,,,0
2000909,'1477589',1624,,1070,,,0
2000909,'1477590',1704,,1071,,,0
2000909,'1477591',1744,,1072,,,0
2000909,'1477592',1824,,1073,,,0
2000909,'1477593',1904,,1074,,,0
