800,'100009',607,,1117,23,,,0,30,,1102,23,,,0,70,,1118,23,,,0,30,,1103,23,,,0,70,,1119,23,,,0,40,,1120,23,,,0,69,,1104,23,,,0,30,,1128,23,,,0,70,,1105,23,,,0,30,,1129,23,,,0,70,,1106,23,,,0,30,,1130,23,,,0,70,,1107,23,,,0,41,,1131,23,,,0,75,,1108,23,,,0,75,,1121,23,,,0,35,,1109,23,,,0,75,,1110,23,,,0,35,,1122,23,,,0,75,,1111,23,,,0,80,,1123,23,,,0,43,,1112,23,,,0,70,,1124,23,,,0,30,,1113,23,,,0,70,,1125,23,,,0,30,,1114,23,,,0,85,,1126,23,,,0,70,,1115,23,,,0,30,,1127,23,,,0,70,,1116,23,,,0,28,,1133,23,,,0,68,,1132,23,,,0
800,'100010',743,,1134,23,,,0,100,,1135,23,,,0,100,,1136,23,,,0,100,,1137,23,,,0,100,,1138,23,,,0,115,,1139,23,,,0,100,,1140,23,,,0,100,,1141,23,,,0,100,,1142,23,,,0,155,,1143,23,,,0,100,,1144,23,,,0,100,,1145,23,,,0
800,'100011',743,,2819,23,,,0,100,,2820,23,,,0,100,,2821,23,,,0,100,,2822,23,,,0,100,,2823,23,,,0,115,,2824,23,,,0,100,,2825,23,,,0,100,,2826,23,,,0,100,,2827,23,,,0,155,,2828,23,,,0,100,,2829,23,,,0,100,,2830,23,,,0,100,,2831,23,,,0
800,'100012',743,,2832,23,,,0,100,,2833,23,,,0,100,,2834,23,,,0,100,,2835,23,,,0,100,,2836,23,,,0,115,,2837,23,,,0,100,,2838,23,,,0,100,,2839,23,,,0,100,,2840,23,,,0,155,,2841,23,,,0,100,,2842,23,,,0,100,,2843,23,,,0
800,'100013',607,,2859,23,,,0,30,,2844,23,,,0,70,,2860,23,,,0,30,,2845,23,,,0,70,,2861,23,,,0,40,,2862,23,,,0,69,,2846,23,,,0,30,,2870,23,,,0,70,,2847,23,,,0,30,,2871,23,,,0,70,,2848,23,,,0,30,,2872,23,,,0,70,,2849,23,,,0,41,,2873,23,,,0,75,,2850,23,,,0,75,,2863,23,,,0,35,,2851,23,,,0,75,,2852,23,,,0,35,,2864,23,,,0,75,,2853,23,,,0,80,,2865,23,,,0,43,,2854,23,,,0,70,,2866,23,,,0,30,,2855,23,,,0,70,,2867,23,,,0,30,,2856,23,,,0,85,,2868,23,,,0,70,,2857,23,,,0,30,,2869,23,,,0,70,,2858,23,,,0,28,,2875,23,,,0,68,,2874,23,,,0
800,'100014',607,,2891,23,,,0,30,,2876,23,,,0,70,,2892,23,,,0,30,,2877,23,,,0,70,,2893,23,,,0,40,,2894,23,,,0,69,,2878,23,,,0,30,,2902,23,,,0,70,,2879,23,,,0,30,,2903,23,,,0,70,,2880,23,,,0,30,,2904,23,,,0,70,,2881,23,,,0,41,,2905,23,,,0,75,,2882,23,,,0,75,,2895,23,,,0,35,,2883,23,,,0,75,,2884,23,,,0,35,,2896,23,,,0,75,,2885,23,,,0,80,,2897,23,,,0,43,,2886,23,,,0,70,,2898,23,,,0,30,,2887,23,,,0,70,,2899,23,,,0,30,,2888,23,,,0,85,,2900,23,,,0,70,,2889,23,,,0,30,,2901,23,,,0,70,,2890,23,,,0,28,,2907,23,,,0,68,,2906,23,,,0
800,'100015',743,,2908,23,,,0,100,,2909,23,,,0,100,,2910,23,,,0,100,,2911,23,,,0,100,,2912,23,,,0,115,,2913,23,,,0,100,,2914,23,,,0,100,,2915,23,,,0,100,,2916,23,,,0,155,,2917,23,,,0,100,,2918,23,,,0,100,,2919,23,,,0
5000,'100009',756,,1358,22,,,0
5000,'100013',756,,3162,22,,,0
5100,'100009',753,,1361,23,0,5 28,0
5100,'100013',753,,3165,23,0,5 28,0
5300,'100009',818,,1367,35,,,0
5300,'100013',818,,3171,35,,,0
5301,'100009',1550,,1369,28,,,0
5301,'100013',1550,,3173,28,,,0
