400,'100009',530,,749,12,0,17 3 15 7 16,0,70,,728,12,0,17 3 15 7 16,0,30,,720,12,0,17 3 15 7 16,0,18,,747,12,0,17 3 15 7 16,0,52,,729,12,0,17 3 15 7 16,0,30,,721,12,0,17 3 15 7 16,0,70,,730,12,0,17 3 15 7 16,0,40,,722,12,0,17 3 15 7 16,0,69,,748,12,0,17 3 15 7 16,0,31,,723,12,0,17 3 15 7 16,0,70,,744,12,0,17 3 15 7 16,0,30,,724,12,0,17 3 15 7 16,0,70,,745,12,0,17 3 15 7 16,0,30,,725,12,0,17 3 15 7 16,0,70,,746,12,0,17 3 15 7 16,0,38,,726,12,0,17 3 15 7 16,0,75,,751,12,0,17 3 15 7 16,0,35,,727,12,0,17 3 15 7 16,0,75,,731,12,0,17 3 15 7 16,0,75,,750,12,0,17 3 15 7 16,0,35,,732,12,0,17 3 15 7 16,0,75,,733,12,0,17 3 15 7 16,0,40,,739,12,0,17 3 15 7 16,0,85,,734,12,0,17 3 15 7 16,0,70,,740,12,0,17 3 15 7 16,0,30,,735,12,0,17 3 15 7 16,0,70,,741,12,0,17 3 15 7 16,0,30,,736,12,0,17 3 15 7 16,0,85,,742,12,0,17 3 15 7 16,0,30,,737,12,0,17 3 15 7 16,0,70,,743,12,0,17 3 15 7 16,0,30,,738,12,0,17 3 15 7 16,0,70,,752,12,0,17 3 15 7 16,0,30,,753,12,0,17 3 15 7 16,0
400,'100010',738,,754,12,0,17 3 15 7 16,0,70,,767,12,0,17 3 15 7 16,0,30,,755,12,0,17 3 15 7 16,0,70,,768,12,0,17 3 15 7 16,0,30,,756,12,0,17 3 15 7 16,0,70,,769,12,0,17 3 15 7 16,0,30,,757,12,0,17 3 15 7 16,0,70,,770,12,0,17 3 15 7 16,0,30,,758,12,0,17 3 15 7 16,0,70,,771,12,0,17 3 15 7 16,0,45,,759,12,0,17 3 15 7 16,0,70,,772,12,0,17 3 15 7 16,0,30,,760,12,0,17 3 15 7 16,0,70,,773,12,0,17 3 15 7 16,0,30,,761,12,0,17 3 15 7 16,0,70,,774,12,0,17 3 15 7 16,0,30,,762,12,0,17 3 15 7 16,0,85,,775,12,0,17 3 15 7 16,0,70,,763,12,0,17 3 15 7 16,0,30,,776,12,0,17 3 15 7 16,0,70,,764,12,0,17 3 15 7 16,0,30,,766,12,0,17 3 15 7 16,0,70,,765,12,0,17 3 15 7 16,0
400,'100011',738,,2373,12,0,17 3 15 7 16,0,70,,2386,12,0,17 3 15 7 16,0,30,,2374,12,0,17 3 15 7 16,0,70,,2387,12,0,17 3 15 7 16,0,30,,2375,12,0,17 3 15 7 16,0,70,,2388,12,0,17 3 15 7 16,0,30,,2376,12,0,17 3 15 7 16,0,70,,2389,12,0,17 3 15 7 16,0,30,,2377,12,0,17 3 15 7 16,0,70,,2390,12,0,17 3 15 7 16,0,45,,2378,12,0,17 3 15 7 16,0,70,,2391,12,0,17 3 15 7 16,0,30,,2379,12,0,17 3 15 7 16,0,70,,2392,12,0,17 3 15 7 16,0,30,,2380,12,0,17 3 15 7 16,0,70,,2393,12,0,17 3 15 7 16,0,30,,2381,12,0,17 3 15 7 16,0,85,,2394,12,0,17 3 15 7 16,0,70,,2382,12,0,17 3 15 7 16,0,30,,2395,12,0,17 3 15 7 16,0,70,,2383,12,0,17 3 15 7 16,0,30,,2385,12,0,17 3 15 7 16,0,70,,2384,12,0,17 3 15 7 16,0,30,,2396,12,0,17 3 15 7 16,0,70,,2397,12,0,17 3 15 7 16,0
400,'100012',738,,2398,12,0,17 3 15 7 16,0,70,,2411,12,0,17 3 15 7 16,0,30,,2399,12,0,17 3 15 7 16,0,70,,2412,12,0,17 3 15 7 16,0,30,,2400,12,0,17 3 15 7 16,0,70,,2413,12,0,17 3 15 7 16,0,30,,2401,12,0,17 3 15 7 16,0,70,,2414,12,0,17 3 15 7 16,0,30,,2402,12,0,17 3 15 7 16,0,70,,2415,12,0,17 3 15 7 16,0,45,,2403,12,0,17 3 15 7 16,0,70,,2416,12,0,17 3 15 7 16,0,30,,2404,12,0,17 3 15 7 16,0,70,,2417,12,0,17 3 15 7 16,0,30,,2405,12,0,17 3 15 7 16,0,70,,2418,12,0,17 3 15 7 16,0,30,,2406,12,0,17 3 15 7 16,0,85,,2419,12,0,17 3 15 7 16,0,70,,2407,12,0,17 3 15 7 16,0,30,,2420,12,0,17 3 15 7 16,0,70,,2408,12,0,17 3 15 7 16,0,30,,2410,12,0,17 3 15 7 16,0,70,,2409,12,0,17 3 15 7 16,0
400,'100013',530,,2450,12,0,17 3 15 7 16,0,70,,2429,12,0,17 3 15 7 16,0,30,,2421,12,0,17 3 15 7 16,0,18,,2448,12,0,17 3 15 7 16,0,52,,2430,12,0,17 3 15 7 16,0,30,,2422,12,0,17 3 15 7 16,0,70,,2431,12,0,17 3 15 7 16,0,40,,2423,12,0,17 3 15 7 16,0,69,,2449,12,0,17 3 15 7 16,0,31,,2424,12,0,17 3 15 7 16,0,70,,2445,12,0,17 3 15 7 16,0,30,,2425,12,0,17 3 15 7 16,0,70,,2446,12,0,17 3 15 7 16,0,30,,2426,12,0,17 3 15 7 16,0,70,,2447,12,0,17 3 15 7 16,0,38,,2427,12,0,17 3 15 7 16,0,75,,2452,12,0,17 3 15 7 16,0,35,,2428,12,0,17 3 15 7 16,0,75,,2432,12,0,17 3 15 7 16,0,75,,2451,12,0,17 3 15 7 16,0,35,,2433,12,0,17 3 15 7 16,0,75,,2434,12,0,17 3 15 7 16,0,40,,2440,12,0,17 3 15 7 16,0,85,,2435,12,0,17 3 15 7 16,0,70,,2441,12,0,17 3 15 7 16,0,30,,2436,12,0,17 3 15 7 16,0,70,,2442,12,0,17 3 15 7 16,0,30,,2437,12,0,17 3 15 7 16,0,85,,2443,12,0,17 3 15 7 16,0,30,,2438,12,0,17 3 15 7 16,0,70,,2444,12,0,17 3 15 7 16,0,30,,2439,12,0,17 3 15 7 16,0,70,,2453,12,0,17 3 15 7 16,0,30,,2454,12,0,17 3 15 7 16,0
400,'100014',530,,2484,12,0,17 3 15 7 16,0,70,,2463,12,0,17 3 15 7 16,0,30,,2455,12,0,17 3 15 7 16,0,18,,2482,12,0,17 3 15 7 16,0,52,,2464,12,0,17 3 15 7 16,0,30,,2456,12,0,17 3 15 7 16,0,70,,2465,12,0,17 3 15 7 16,0,40,,2457,12,0,17 3 15 7 16,0,69,,2483,12,0,17 3 15 7 16,0,31,,2458,12,0,17 3 15 7 16,0,70,,2479,12,0,17 3 15 7 16,0,30,,2459,12,0,17 3 15 7 16,0,70,,2480,12,0,17 3 15 7 16,0,30,,2460,12,0,17 3 15 7 16,0,70,,2481,12,0,17 3 15 7 16,0,38,,2461,12,0,17 3 15 7 16,0,75,,2486,12,0,17 3 15 7 16,0,35,,2462,12,0,17 3 15 7 16,0,75,,2466,12,0,17 3 15 7 16,0,75,,2485,12,0,17 3 15 7 16,0,35,,2467,12,0,17 3 15 7 16,0,75,,2468,12,0,17 3 15 7 16,0,40,,2474,12,0,17 3 15 7 16,0,85,,2469,12,0,17 3 15 7 16,0,70,,2475,12,0,17 3 15 7 16,0,30,,2470,12,0,17 3 15 7 16,0,70,,2476,12,0,17 3 15 7 16,0,30,,2471,12,0,17 3 15 7 16,0,85,,2477,12,0,17 3 15 7 16,0,30,,2472,12,0,17 3 15 7 16,0,70,,2478,12,0,17 3 15 7 16,0,30,,2473,12,0,17 3 15 7 16,0,70,,2487,12,0,17 3 15 7 16,0,30,,2488,12,0,17 3 15 7 16,0
400,'100015',738,,2489,12,0,17 3 15 7 16,0,70,,2490,12,0,17 3 15 7 16,0,30,,2491,12,0,17 3 15 7 16,0,70,,2492,12,0,17 3 15 7 16,0,30,,2493,12,0,17 3 15 7 16,0,70,,2494,12,0,17 3 15 7 16,0,30,,2495,12,0,17 3 15 7 16,0,70,,2496,12,0,17 3 15 7 16,0,30,,2497,12,0,17 3 15 7 16,0,70,,2498,12,0,17 3 15 7 16,0,45,,2499,12,0,17 3 15 7 16,0,70,,2500,12,0,17 3 15 7 16,0,30,,2501,12,0,17 3 15 7 16,0,70,,2502,12,0,17 3 15 7 16,0,30,,2503,12,0,17 3 15 7 16,0,70,,2504,12,0,17 3 15 7 16,0,30,,2505,12,0,17 3 15 7 16,0,85,,2507,12,0,17 3 15 7 16,0,70,,2508,12,0,17 3 15 7 16,0,30,,2509,12,0,17 3 15 7 16,0,70,,2510,12,0,17 3 15 7 16,0,30,,2511,12,0,17 3 15 7 16,0,70,,2506,12,0,17 3 15 7 16,0
5201,'100009',743,,1365,26,0,7 8 9,0
5201,'100013',743,,3169,26,0,7 8 9,0
5400,'100009',738,,1370,26,0,7 18,0
5400,'100013',738,,3174,26,0,7 18,0
