500,'100012',806,,3916,12,0,12 3 13,0,100,,3917,12,0,12 3 13,0,100,,3918,12,0,12 3 13,0,100,,3919,12,0,12 3 13,0,100,,3920,12,0,12 3 13,0,115,,3921,12,0,12 3 13,0,100,,3922,12,0,12 3 13,0,100,,3923,12,0,12 3 13,0,115,,3924,12,0,12 3 13,0,100,,3925,12,0,12 3 13,0,100,,3926,12,0,12 3 13,0
500,'100013',806,,3927,12,0,12 3 13,0,100,,3928,12,0,12 3 13,0,100,,3929,12,0,12 3 13,0,100,,3930,12,0,12 3 13,0,100,,3931,12,0,12 3 13,0,115,,3932,12,0,12 3 13,0,100,,3933,12,0,12 3 13,0,100,,3934,12,0,12 3 13,0,115,,3935,12,0,12 3 13,0,100,,3936,12,0,12 3 13,0,100,,3937,12,0,12 3 13,0
500,'100014',558,,3938,12,0,12 3 13,0,70,,3954,12,0,12 3 13,0,30,,3939,12,0,12 3 13,0,70,,3955,12,0,12 3 13,0,30,,3940,12,0,12 3 13,0,80,,3941,12,0,12 3 13,0,70,,3963,12,0,12 3 13,0,30,,3942,12,0,12 3 13,0,70,,3966,12,0,12 3 13,0,30,,3943,12,0,12 3 13,0,70,,3965,12,0,12 3 13,0,30,,3944,12,0,12 3 13,0,70,,3967,12,0,12 3 13,0,40,,3945,12,0,12 3 13,0,75,,3964,12,0,12 3 13,0,35,,3946,12,0,12 3 13,0,75,,3956,12,0,12 3 13,0,75,,3947,12,0,12 3 13,0,35,,3957,12,0,12 3 13,0,75,,3948,12,0,12 3 13,0,40,,3949,12,0,12 3 13,0,83,,3958,12,0,12 3 13,0,70,,3950,12,0,12 3 13,0,30,,3959,12,0,12 3 13,0,70,,3951,12,0,12 3 13,0,30,,3960,12,0,12 3 13,0,85,,3952,12,0,12 3 13,0,30,,3961,12,0,12 3 13,0,70,,3953,12,0,12 3 13,0,30,,3962,12,0,12 3 13,0,70,,3968,12,0,12 3 13,0,30,,3969,12,0,12 3 13,0
700,'100012',805,,4029,8,0,24 3 25,0,100,,4030,8,0,24 3 25,0,100,,4031,8,0,24 3 25,0,100,,4032,8,0,24 3 25,0,100,,4033,8,0,24 3 25,0,115,,4034,8,0,24 3 25,0,100,,4035,8,0,24 3 25,0,100,,4036,8,0,24 3 25,0,115,,4037,8,0,24 3 25,0,100,,4038,8,0,24 3 25,0,100,,4039,8,0,24 3 25,0
700,'100013',805,,4040,8,0,24 3 25,0,100,,4041,8,0,24 3 25,0,100,,4042,8,0,24 3 25,0,100,,4043,8,0,24 3 25,0,100,,4044,8,0,24 3 25,0,115,,4045,8,0,24 3 25,0,100,,4046,8,0,24 3 25,0,100,,4047,8,0,24 3 25,0,115,,4048,8,0,24 3 25,0,100,,4049,8,0,24 3 25,0,100,,4050,8,0,24 3 25,0
700,'100014',527,,4051,8,0,24 3 25,0,30,,4061,8,0,24 3 25,0,70,,4052,8,0,24 3 25,0,18,,4079,8,0,24 3 25,0,12,,4062,8,0,24 3 25,0,70,,4053,8,0,24 3 25,0,30,,4063,8,0,24 3 25,0,80,,4072,8,0,24 3 25,0,70,,4054,8,0,24 3 25,0,30,,4073,8,0,24 3 25,0,70,,4055,8,0,24 3 25,0,30,,4080,8,0,24 3 25,0,70,,4056,8,0,24 3 25,0,30,,4081,8,0,24 3 25,0,70,,4057,8,0,24 3 25,0,39,,4082,8,0,24 3 25,0,75,,4058,8,0,24 3 25,0,35,,4064,8,0,24 3 25,0,75,,4059,8,0,24 3 25,0,75,,4065,8,0,24 3 25,0,35,,4060,8,0,24 3 25,0,75,,4066,8,0,24 3 25,0,40,,4067,8,0,24 3 25,0,84,,4074,8,0,24 3 25,0,70,,4068,8,0,24 3 25,0,30,,4075,8,0,24 3 25,0,70,,4069,8,0,24 3 25,0,30,,4076,8,0,24 3 25,0,85,,4070,8,0,24 3 25,0,30,,4077,8,0,24 3 25,0,70,,4071,8,0,24 3 25,0,30,,4078,8,0,24 3 25,0,70,,4083,8,0,24 3 25,0,30,,4084,8,0,24 3 25,0
1000900,'100012',737,,4281,9,,,0,80,,4282,9,,,0,40,,4283,9,,,0,80,,4284,9,,,0,80,,4285,9,,,0,40,,4286,9,,,0,80,,4287,9,,,0,85,,4288,9,,,0,80,,4289,9,,,0,41,,4290,9,,,0,80,,4291,9,,,0,80,,4292,9,,,0,40,,4293,9,,,0,80,,4294,9,,,0,85,,4295,9,,,0,40,,4296,9,,,0,80,,4297,9,,,0,80,,4298,9,,,0
1000900,'100013',737,,4299,9,,,0,80,,4300,9,,,0,40,,4301,9,,,0,80,,4302,9,,,0,80,,4303,9,,,0,40,,4304,9,,,0,80,,4305,9,,,0,85,,4306,9,,,0,80,,4307,9,,,0,41,,4308,9,,,0,80,,4309,9,,,0,80,,4310,9,,,0,40,,4311,9,,,0,80,,4312,9,,,0,85,,4313,9,,,0,40,,4314,9,,,0,80,,4315,9,,,0,80,,4316,9,,,0
1000900,'100014',524,,4327,9,,,0,30,,4328,9,,,0,70,,4329,9,,,0,30,,4330,9,,,0,70,,4331,9,,,0,30,,4332,9,,,0,62,,4333,9,,,0,28,,4334,9,,,0,74,,4335,9,,,0,20,,4336,9,,,0,70,,4337,9,,,0,30,,4338,9,,,0,70,,4339,9,,,0,30,,4340,9,,,0,70,,4341,9,,,0,30,,4342,9,,,0,70,,4343,9,,,0,30,,4344,9,,,0,72,,4345,9,,,0,30,,4346,9,,,0,70,,4347,9,,,0,28,,4348,9,,,0,72,,4349,9,,,0,30,,4350,9,,,0,18,,4351,9,,,0,85,,4320,9,,,0,70,,4321,9,,,0,30,,4324,9,,,0,70,,4317,9,,,0,29,,4319,9,,,0,84,,4325,9,,,0,85,,4323,9,,,0,35,,4322,9,,,0,75,,4326,9,,,0,35,,4318,9,,,0
2000900,'100012',757,,4352,9,,,0,80,,4353,9,,,0,80,,4354,9,,,0,40,,4355,9,,,0,80,,4356,9,,,0,80,,4357,9,,,0,40,,4358,9,,,0,80,,4359,9,,,0,85,,4360,9,,,0,80,,4361,9,,,0,41,,4362,9,,,0,80,,4363,9,,,0,85,,4364,9,,,0,40,,4365,9,,,0,80,,4366,9,,,0,80,,4367,9,,,0,40,,4368,9,,,0
2000900,'100013',757,,4369,9,,,0,80,,4370,9,,,0,80,,4371,9,,,0,40,,4372,9,,,0,80,,4373,9,,,0,80,,4374,9,,,0,40,,4375,9,,,0,80,,4376,9,,,0,85,,4377,9,,,0,80,,4378,9,,,0,41,,4379,9,,,0,80,,4380,9,,,0,85,,4381,9,,,0,40,,4382,9,,,0,80,,4383,9,,,0,80,,4384,9,,,0,40,,4385,9,,,0
2000900,'100014',548,,4386,9,,,0,60,,4387,9,,,0,30,,4388,9,,,0,70,,4389,9,,,0,30,,4390,9,,,0,20,,4391,9,,,0,80,,4392,9,,,0,62,,4417,9,,,0,28,,4393,9,,,0,29,,4394,9,,,0,60,,4395,9,,,0,30,,4396,9,,,0,70,,4397,9,,,0,30,,4398,9,,,0,70,,4399,9,,,0,30,,4400,9,,,0,70,,4401,9,,,0,30,,4402,9,,,0,72,,4403,9,,,0,31,,4404,9,,,0,70,,4405,9,,,0,34,,4406,9,,,0,64,,4407,9,,,0,32,,4408,9,,,0,78,,4409,9,,,0,30,,4410,9,,,0,70,,4411,9,,,0,30,,4412,9,,,0,70,,4413,9,,,0,25,,4414,9,,,0,73,,4415,9,,,0,74,,4416,9,,,0,45,,4418,9,,,0,75,,4419,9,,,0,36,,4420,9,,,0
