200,'100011',716,,1902,8,,,0,30,,1901,8,,,0,70,,1880,8,,,0,30,,1879,8,,,0,70,,1881,8,,,0,30,,1882,8,,,0,70,,1883,8,,,0,30,,1884,8,,,0,70,,1885,8,,,0,30,,1886,8,,,0,85,,1887,8,,,0,70,,1888,8,,,0,30,,1889,8,,,0,70,,1890,8,,,0,30,,1891,8,,,0,70,,1892,8,,,0,30,,1893,8,,,0,85,,1894,8,,,0,30,,1895,8,,,0,70,,1896,8,,,0,30,,1897,8,,,0,70,,1898,8,,,0,30,,1899,8,,,0,70,,1900,8,,,0,30,,1903,8,,,0
200,'100012',716,,1927,8,,,0,30,,1926,8,,,0,70,,1905,8,,,0,30,,1904,8,,,0,70,,1906,8,,,0,30,,1907,8,,,0,70,,1908,8,,,0,30,,1909,8,,,0,70,,1910,8,,,0,30,,1911,8,,,0,85,,1912,8,,,0,70,,1913,8,,,0,30,,1914,8,,,0,70,,1915,8,,,0,30,,1916,8,,,0,70,,1917,8,,,0,30,,1918,8,,,0,85,,1919,8,,,0,30,,1920,8,,,0,70,,1921,8,,,0,30,,1922,8,,,0,70,,1923,8,,,0,30,,1924,8,,,0,70,,1925,8,,,0
200,'100013',538,,1928,8,,,0,70,,1937,8,,,0,30,,1929,8,,,0,70,,1938,8,,,0,30,,1930,8,,,0,70,,1939,8,,,0,40,,1931,8,,,0,70,,1940,8,,,0,30,,1932,8,,,0,70,,1941,8,,,0,30,,1933,8,,,0,70,,1942,8,,,0,30,,1934,8,,,0,70,,1943,8,,,0,82,,1935,8,,,0,35,,1944,8,,,0,75,,1936,8,,,0,35,,1945,8,,,0,75,,1953,8,,,0,35,,1946,8,,,0,75,,1954,8,,,0,80,,1947,8,,,0,41,,1948,8,,,0,70,,1955,8,,,0,30,,1949,8,,,0,70,,1956,8,,,0,30,,1950,8,,,0,85,,1957,8,,,0,70,,1951,8,,,0,30,,1958,8,,,0,70,,1952,8,,,0,30,,1959,8,,,0,70,,1960,8,,,0
200,'100014',538,,1961,8,,,0,70,,1970,8,,,0,30,,1962,8,,,0,70,,1971,8,,,0,30,,1963,8,,,0,70,,1972,8,,,0,40,,1964,8,,,0,70,,1973,8,,,0,30,,1965,8,,,0,70,,1974,8,,,0,30,,1966,8,,,0,70,,1975,8,,,0,30,,1967,8,,,0,70,,1976,8,,,0,82,,1968,8,,,0,35,,1977,8,,,0,75,,1969,8,,,0,35,,1978,8,,,0,75,,1986,8,,,0,35,,1979,8,,,0,75,,1987,8,,,0,80,,1980,8,,,0,41,,1981,8,,,0,70,,1988,8,,,0,30,,1982,8,,,0,70,,1989,8,,,0,30,,1983,8,,,0,85,,1990,8,,,0,70,,1984,8,,,0,30,,1991,8,,,0,70,,1985,8,,,0,30,,1992,8,,,0,70,,1993,8,,,0
200,'100015',716,,2017,8,,,0,30,,1994,8,,,0,70,,1995,8,,,0,30,,1996,8,,,0,70,,1997,8,,,0,30,,1998,8,,,0,70,,1999,8,,,0,30,,2000,8,,,0,70,,2001,8,,,0,30,,2002,8,,,0,85,,2003,8,,,0,70,,2004,8,,,0,30,,2005,8,,,0,70,,2006,8,,,0,30,,2007,8,,,0,70,,2008,8,,,0,30,,2009,8,,,0,85,,2010,8,,,0,30,,2012,8,,,0,70,,2013,8,,,0,30,,2014,8,,,0,70,,2015,8,,,0,30,,2016,8,,,0,70,,2011,8,,,0
201,'100009',538,,413,27,0,5 6,0,70,,422,27,0,5 6,0,30,,414,27,0,5 6,0,70,,423,27,0,5 6,0,30,,415,27,0,5 6,0,70,,424,27,0,5 6,0,40,,416,27,0,5 6,0,70,,425,27,0,5 6,0,30,,417,27,0,5 6,0,70,,426,27,0,5 6,0,30,,418,27,0,5 6,0,70,,427,27,0,5 6,0,30,,419,27,0,5 6,0,70,,428,27,0,5 6,0,82,,420,27,0,5 6,0,35,,429,27,0,5 6,0,75,,421,27,0,5 6,0,35,,430,27,0,5 6,0,75,,438,27,0,5 6,0,35,,431,27,0,5 6,0,75,,439,27,0,5 6,0,80,,432,27,0,5 6,0,41,,433,27,0,5 6,0,70,,440,27,0,5 6,0,30,,434,27,0,5 6,0,70,,441,27,0,5 6,0,30,,435,27,0,5 6,0,85,,442,27,0,5 6,0,70,,436,27,0,5 6,0,30,,443,27,0,5 6,0,70,,437,27,0,5 6,0,30,,444,27,0,5 6,0,70,,445,27,0,5 6,0,30,,446,27,0,5 6,0
201,'100010',716,,470,27,0,5 6,0,30,,469,27,0,5 6,0,70,,448,27,0,5 6,0,30,,447,27,0,5 6,0,70,,449,27,0,5 6,0,30,,450,27,0,5 6,0,70,,451,27,0,5 6,0,30,,452,27,0,5 6,0,70,,453,27,0,5 6,0,30,,454,27,0,5 6,0,70,,455,27,0,5 6,0,85,,456,27,0,5 6,0,30,,457,27,0,5 6,0,70,,458,27,0,5 6,0,30,,459,27,0,5 6,0,70,,460,27,0,5 6,0,30,,461,27,0,5 6,0,70,,462,27,0,5 6,0,45,,463,27,0,5 6,0,70,,464,27,0,5 6,0,30,,465,27,0,5 6,0,70,,466,27,0,5 6,0,30,,467,27,0,5 6,0,70,,468,27,0,5 6,0
5101,'100009',1457,,1362,2,0,7 8 9 10 11,0
5101,'100013',1457,,3166,2,0,7 8 9 10 11,0
1005300,'100009',801,,1513,19,,,0
1005300,'100013',801,,3301,19,,,0
1005300,'100014',801,,3302,19,,,0
