109,'1477039',807,,13,0,33,0
109,'1477040',907,,14,0,33,0
109,'1477041',1007,,15,0,33,0
109,'1477042',1107,,16,0,33,0
109,'1477043',1207,,17,0,33,0
109,'1477044',1307,,18,0,33,0
109,'1477045',1407,,19,0,33,0
109,'1477046',1507,,20,0,33,0
109,'1477047',1607,,21,0,33,0
109,'1477048',1707,,22,0,33,0
109,'1477049',1807,,23,0,33,0
109,'1477050',1907,,24,0,33,0
109,'1477051',832,,25,0,33,0
109,'1477052',532,,26,0,33,0
109,'1477053',931,,27,0,33,0
109,'1477054',732,,28,0,33,0
109,'1477055',632,,29,0,33,0
109,'1477061',612,,35,0,33,0
109,'1477062',712,,36,0,33,0
109,'1477063',812,,37,0,33,0
109,'1477064',911,,38,0,33,0
109,'1477065',1011,,39,0,33,0
109,'1477066',1111,,40,0,33,0
109,'1477067',1212,,41,0,33,0
109,'1477068',1312,,42,0,33,0
109,'1477073',1352,,47,0,33,0
109,'1477074',1452,,48,0,33,0
109,'1477075',1552,,49,0,33,0
109,'1477076',1652,,50,0,33,0
109,'1477077',1751,,51,0,33,0
109,'1477078',1851,,52,0,33,0
109,'1477079',1951,,53,0,33,0
109,'1477087',1041,,61,0,33,0
109,'1477088',1141,,62,0,33,0
109,'1477089',1242,,63,0,33,0
109,'1477098',2059,,72,0,33,0
109,'1477099',552,,73,0,33,0
109,'1477100',652,,74,0,33,0
109,'1477101',752,,75,0,33,0
109,'1477102',852,,76,0,33,0
109,'1477107',2029,,81,0,33,0
109,'1477108',1931,,82,0,33,0
109,'1477109',1831,,83,0,33,0
109,'1477110',1731,,84,0,33,0
109,'1477111',1632,,85,0,33,0
109,'1477112',1532,,86,0,33,0
109,'1477124',1911,,98,0,33,0
109,'1477125',1512,,99,0,33,0
109,'1477126',1612,,100,0,33,0
109,'1477127',1711,,101,0,33,0
109,'1477128',1811,,102,0,33,0
109,'1477130',1422,,104,0,33,0
109,'1477131',2129,,105,0,33,0
109,'1477132',2159,,106,0,33,0
109,'1477133',2258,,107,0,33,0
109,'1477137',2228,,111,0,33,0
109,'1477612',807,,112,0,33,0
109,'1477614',907,,114,0,33,0
109,'1477617',1007,,117,0,33,0
109,'1477618',1107,,118,0,33,0
109,'1477619',1207,,119,0,33,0
109,'1477622',1407,,122,0,33,0
109,'1477625',1307,,125,0,33,0
109,'1477628',1607,,128,0,33,0
109,'1477629',1507,,129,0,33,0
109,'1477630',1707,,130,0,33,0
109,'1477632',1807,,132,0,33,0
109,'1477635',1907,,135,0,33,0
109,'1477636',837,,136,0,33,0
109,'1477637',937,,137,0,33,0
109,'1477638',1037,,138,0,33,0
109,'1477639',1137,,139,0,33,0
109,'1477640',1237,,140,0,33,0
109,'1477641',1337,,141,0,33,0
109,'1477642',1437,,142,0,33,0
109,'1477643',1537,,143,0,33,0
109,'1477644',1637,,144,0,33,0
109,'1477645',1737,,145,0,33,0
109,'1477646',1837,,146,0,33,0
109,'1477658',737,,158,0,33,0
