2109,'1476941',818,,744,0,10 11,0
2109,'1476942',853,,745,0,10 11,0
2109,'1476943',928,,746,0,10 11,0
2109,'1476944',1003,,747,0,10 11,0
2109,'1476945',1038,,748,0,10 11,0
2109,'1476946',1113,,749,0,10 11,0
2109,'1476947',1148,,750,0,10 11,0
2109,'1476948',1223,,751,0,10 11,0
2109,'1476949',1258,,752,0,10 11,0
2109,'1476950',1333,,753,0,10 11,0
2109,'1476951',1408,,754,0,10 11,0
2109,'1476952',1443,,755,0,10 11,0
2109,'1476953',1518,,756,0,10 11,0
2109,'1476954',1553,,757,0,10 11,0
2109,'1476955',1628,,758,0,10 11,0
2109,'1476956',1703,,759,0,10 11,0
2109,'1476957',1738,,760,0,10 11,0
2109,'1476958',1818,,761,0,10 11,0
2109,'1476959',1853,,762,0,10 11,0
2109,'1476960',1928,,763,0,10 11,0
2109,'1477212',715,,791,0,10 11,0
2109,'1477213',825,,792,0,10 11,0
2109,'1477214',935,,793,0,10 11,0
2109,'1477215',1045,,794,0,10 11,0
2109,'1477216',1155,,795,0,10 11,0
2109,'1477217',1307,,796,0,10 11,0
2109,'1477218',1417,,797,0,10 11,0
2109,'1477225',1527,,804,0,10 11,0
2109,'1477226',1637,,805,0,10 11,0
2109,'1477227',1752,,806,0,10 11,0
2109,'1477228',1902,,807,0,10 11,0
2109,'1477229',2012,,808,0,10 11,0
2109,'1477230',2131,,809,0,10 11,0
2109,'1477245',2201,,824,0,10 11,0
2109,'1477246',640,,825,0,10 11,0
2109,'1477247',750,,826,0,10 11,0
2109,'1477248',900,,827,0,10 11,0
2109,'1477249',1010,,828,0,10 11,0
2109,'1477250',1120,,829,0,10 11,0
2109,'1477251',1232,,830,0,10 11,0
2109,'1477252',1342,,831,0,10 11,0
2109,'1477253',1452,,832,0,10 11,0
2109,'1477254',1603,,833,0,10 11,0
2109,'1477255',1712,,834,0,10 11,0
2109,'1477256',1829,,835,0,10 11,0
2109,'1477257',1941,,836,0,10 11,0
2109,'1477258',2051,,837,0,10 11,0
2109,'1477261',2231,,840,0,10 11,0
2109,'1477262',2301,,841,0,10 11,0
2109,'1477263',2331,,842,0,10 11,0
2109,'1478076',1928,,844,0,10 11,0
2109,'1478084',853,,852,0,10 11,0
2109,'1478085',1003,,853,0,10 11,0
2109,'1478086',1223,,854,0,10 11,0
2109,'1478087',1333,,855,0,10 11,0
2109,'1478088',1443,,856,0,10 11,0
2109,'1478089',1703,,857,0,10 11,0
2109,'1478090',1818,,858,0,10 11,0
2109,'1478099',818,,867,0,10 11,0
2109,'1478100',928,,868,0,10 11,0
2109,'1478101',1148,,869,0,10 11,0
2109,'1478102',1258,,870,0,10 11,0
2109,'1478103',1408,,871,0,10 11,0
2109,'1478104',1628,,872,0,10 11,0
2109,'1478105',1738,,873,0,10 11,0
2109,'1478106',1853,,874,0,10 11,0
2109,'1478109',1553,,877,0,10 11,0
2109,'1478110',1113,,878,0,10 11,0
2109,'1478112',1038,,880,0,10 11,0
2109,'1478115',1518,,883,0,10 11,0
