2019,'1477004',739,,183,0,10 27,0
2019,'1477005',809,,184,0,10 27,0
2019,'1477006',839,,185,0,10 27,0
2019,'1477007',909,,186,0,10 27,0
2019,'1477008',939,,187,0,10 27,0
2019,'1477009',1009,,188,0,10 27,0
2019,'1477010',1039,,189,0,10 27,0
2019,'1477011',1109,,190,0,10 27,0
2019,'1477012',1139,,191,0,10 27,0
2019,'1477013',1209,,192,0,10 27,0
2019,'1477014',1254,,193,0,10 27,0
2019,'1477015',1324,,194,0,10 27,0
2019,'1477016',1354,,195,0,10 27,0
2019,'1477017',1424,,196,0,10 27,0
2019,'1477018',1454,,197,0,10 27,0
2019,'1477019',1524,,198,0,10 27,0
2019,'1477020',1554,,199,0,10 27,0
2019,'1477021',1909,,200,0,10 27,0
2019,'1477022',1639,,201,0,10 27,0
2019,'1477023',1709,,202,0,10 27,0
2019,'1477024',1739,,203,0,10 27,0
2019,'1477025',1809,,204,0,10 27,0
2019,'1477026',1839,,205,0,10 27,0
2019,'1477138',531,,206,0,10 27,0
2019,'1477139',631,,207,0,10 27,0
2019,'1477140',731,,208,0,10 27,0
2019,'1477141',841,,209,0,10 27,0
2019,'1477142',941,,210,0,10 27,0
2019,'1477143',1041,,211,0,10 27,0
2019,'1477144',1141,,212,0,10 27,0
2019,'1477145',1251,,213,0,10 27,0
2019,'1477146',1401,,214,0,10 27,0
2019,'1477164',601,,232,0,10 27,0
2019,'1477165',701,,233,0,10 27,0
2019,'1477166',801,,234,0,10 27,0
2019,'1477167',911,,235,0,10 27,0
2019,'1477168',1011,,236,0,10 27,0
2019,'1477169',1111,,237,0,10 27,0
2019,'1477170',1211,,238,0,10 27,0
2019,'1477171',1326,,239,0,10 27,0
2019,'1477172',1436,,240,0,10 27,0
2019,'1477180',1546,,248,0,10 27,0
2019,'1477181',1701,,249,0,10 27,0
2019,'1477182',1744,,250,0,10 27,0
2019,'1477183',1844,,251,0,10 27,0
2019,'1477184',1944,,252,0,10 27,0
2019,'1477185',2059,,253,0,10 27,0
2019,'1477186',2159,,254,0,10 27,0
2019,'1477194',1511,,262,0,10 27,0
2019,'1477195',1621,,263,0,10 27,0
2019,'1477196',1814,,264,0,10 27,0
2019,'1477197',1914,,265,0,10 27,0
2019,'1477198',2029,,266,0,10 27,0
2019,'1477199',2129,,267,0,10 27,0
2019,'1477202',2229,,270,0,10 27,0
2019,'1477203',2259,,271,0,10 27,0
2019,'1477204',2329,,272,0,10 27,0
2019,'1477792',839,,296,0,10 27,0
2019,'1477793',809,,297,0,10 27,0
2019,'1477794',909,,298,0,10 27,0
2019,'1477795',939,,299,0,10 27,0
2019,'1477796',1009,,300,0,10 27,0
2019,'1477797',1039,,301,0,10 27,0
2019,'1477798',1109,,302,0,10 27,0
2019,'1477799',1139,,303,0,10 27,0
2019,'1477800',1209,,304,0,10 27,0
2019,'1477801',1254,,305,0,10 27,0
2019,'1477802',1324,,306,0,10 27,0
2019,'1477803',1354,,307,0,10 27,0
2019,'1477804',1424,,308,0,10 27,0
2019,'1477805',1454,,309,0,10 27,0
2019,'1477806',1524,,310,0,10 27,0
2019,'1477807',1554,,311,0,10 27,0
2019,'1477808',1639,,312,0,10 27,0
2019,'1477809',1709,,313,0,10 27,0
2019,'1477810',1739,,314,0,10 27,0
2019,'1477811',1809,,315,0,10 27,0
2019,'1477812',1839,,316,0,10 27,0
2019,'1477813',1909,,317,0,10 27,0
2019,'1477814',739,,318,0,10 27,0
2019,'1477815',709,,319,0,10 27,0
5309,'1477514',756,,893,,,0
