201,'100009',542,,379,35,0,5 6,0,70,,388,35,0,5 6,0,30,,380,35,0,5 6,0,70,,389,35,0,5 6,0,30,,381,35,0,5 6,0,70,,390,35,0,5 6,0,40,,382,35,0,5 6,0,70,,391,35,0,5 6,0,30,,383,35,0,5 6,0,70,,392,35,0,5 6,0,30,,384,35,0,5 6,0,70,,393,35,0,5 6,0,30,,385,35,0,5 6,0,70,,394,35,0,5 6,0,83,,386,35,0,5 6,0,35,,395,35,0,5 6,0,75,,387,35,0,5 6,0,35,,396,35,0,5 6,0,75,,404,35,0,5 6,0,75,,397,35,0,5 6,0,35,,405,35,0,5 6,0,80,,398,35,0,5 6,0,40,,399,35,0,5 6,0,70,,406,35,0,5 6,0,30,,400,35,0,5 6,0,70,,407,35,0,5 6,0,30,,401,35,0,5 6,0,85,,408,35,0,5 6,0,70,,402,35,0,5 6,0,30,,409,35,0,5 6,0,70,,403,35,0,5 6,0,30,,410,35,0,5 6,0,70,,411,35,0,5 6,0,30,,412,35,0,5 6,0
201,'100010',542,,413,35,0,5 6,0,70,,422,35,0,5 6,0,30,,414,35,0,5 6,0,70,,423,35,0,5 6,0,30,,415,35,0,5 6,0,70,,424,35,0,5 6,0,40,,416,35,0,5 6,0,70,,425,35,0,5 6,0,30,,417,35,0,5 6,0,70,,426,35,0,5 6,0,30,,418,35,0,5 6,0,70,,427,35,0,5 6,0,30,,419,35,0,5 6,0,70,,428,35,0,5 6,0,83,,420,35,0,5 6,0,35,,429,35,0,5 6,0,75,,421,35,0,5 6,0,35,,430,35,0,5 6,0,75,,438,35,0,5 6,0,75,,431,35,0,5 6,0,35,,439,35,0,5 6,0,80,,432,35,0,5 6,0,40,,433,35,0,5 6,0,70,,440,35,0,5 6,0,30,,434,35,0,5 6,0,70,,441,35,0,5 6,0,30,,435,35,0,5 6,0,85,,442,35,0,5 6,0,70,,436,35,0,5 6,0,30,,443,35,0,5 6,0,70,,437,35,0,5 6,0,30,,444,35,0,5 6,0,70,,445,35,0,5 6,0,30,,446,35,0,5 6,0
201,'100011',720,,470,35,0,5 6,0,30,,469,35,0,5 6,0,70,,448,35,0,5 6,0,30,,447,35,0,5 6,0,70,,449,35,0,5 6,0,30,,450,35,0,5 6,0,70,,451,35,0,5 6,0,30,,452,35,0,5 6,0,70,,453,35,0,5 6,0,30,,454,35,0,5 6,0,70,,455,35,0,5 6,0,85,,456,35,0,5 6,0,30,,457,35,0,5 6,0,70,,458,35,0,5 6,0,30,,459,35,0,5 6,0,70,,460,35,0,5 6,0,30,,461,35,0,5 6,0,70,,462,35,0,5 6,0,45,,463,35,0,5 6,0,70,,464,35,0,5 6,0,30,,465,35,0,5 6,0,70,,466,35,0,5 6,0,30,,467,35,0,5 6,0,70,,468,35,0,5 6,0
201,'100012',750,,471,35,0,5 6,0,70,,472,35,0,5 6,0,30,,473,35,0,5 6,0,70,,474,35,0,5 6,0,30,,475,35,0,5 6,0,70,,476,35,0,5 6,0,30,,477,35,0,5 6,0,70,,478,35,0,5 6,0,30,,479,35,0,5 6,0,70,,480,35,0,5 6,0,85,,481,35,0,5 6,0,30,,482,35,0,5 6,0,70,,483,35,0,5 6,0,30,,484,35,0,5 6,0,70,,485,35,0,5 6,0,30,,486,35,0,5 6,0,70,,487,35,0,5 6,0,45,,489,35,0,5 6,0,70,,490,35,0,5 6,0,30,,491,35,0,5 6,0,70,,492,35,0,5 6,0,30,,493,35,0,5 6,0,70,,488,35,0,5 6,0
600,'100009',544,,896,32,,,0,70,,886,32,,,0,18,,914,32,,,0,12,,897,32,,,0,70,,887,32,,,0,18,,915,32,,,0,12,,898,32,,,0,70,,888,32,,,0,39,,889,32,,,0,70,,906,32,,,0,30,,890,32,,,0,70,,907,32,,,0,30,,891,32,,,0,70,,916,32,,,0,30,,892,32,,,0,70,,917,32,,,0,83,,893,32,,,0,35,,918,32,,,0,75,,894,32,,,0,35,,899,32,,,0,75,,895,32,,,0,75,,908,32,,,0,35,,900,32,,,0,80,,909,32,,,0,41,,901,32,,,0,70,,910,32,,,0,30,,902,32,,,0,70,,911,32,,,0,30,,903,32,,,0,85,,912,32,,,0,70,,904,32,,,0,30,,913,32,,,0,70,,905,32,,,0,30,,920,32,,,0,70,,919,32,,,0
600,'100010',544,,931,32,,,0,70,,921,32,,,0,18,,949,32,,,0,12,,932,32,,,0,70,,922,32,,,0,18,,950,32,,,0,12,,933,32,,,0,70,,923,32,,,0,39,,924,32,,,0,70,,941,32,,,0,30,,925,32,,,0,70,,942,32,,,0,30,,926,32,,,0,70,,951,32,,,0,30,,927,32,,,0,70,,952,32,,,0,83,,928,32,,,0,35,,953,32,,,0,75,,929,32,,,0,35,,934,32,,,0,75,,930,32,,,0,75,,943,32,,,0,35,,935,32,,,0,80,,944,32,,,0,41,,936,32,,,0,70,,945,32,,,0,30,,937,32,,,0,70,,946,32,,,0,30,,938,32,,,0,85,,947,32,,,0,70,,939,32,,,0,30,,948,32,,,0,70,,940,32,,,0,30,,955,32,,,0,70,,954,32,,,0
600,'100011',752,,956,32,,,0,100,,957,32,,,0,100,,958,32,,,0,100,,959,32,,,0,100,,960,32,,,0,155,,961,32,,,0,100,,962,32,,,0,100,,963,32,,,0,100,,964,32,,,0,115,,965,32,,,0,100,,966,32,,,0,100,,967,32,,,0
600,'100012',752,,968,32,,,0,100,,969,32,,,0,100,,970,32,,,0,100,,971,32,,,0,100,,972,32,,,0,155,,973,32,,,0,100,,974,32,,,0,100,,975,32,,,0,100,,976,32,,,0,115,,977,32,,,0,100,,978,32,,,0,100,,979,32,,,0
5301,'100010',1601,,1369,48,,,0
1005300,'100010',806,,1513,27,,,0
