2109,'1476961',734,,764,,,0
2109,'1476962',809,,765,,,0
2109,'1476963',844,,766,,,0
2109,'1476964',919,,767,,,0
2109,'1476965',954,,768,,,0
2109,'1476966',1029,,769,,,0
2109,'1476967',1104,,770,,,0
2109,'1476968',1139,,771,,,0
2109,'1476969',1214,,772,,,0
2109,'1476970',1249,,773,,,0
2109,'1476971',1324,,774,,,0
2109,'1476972',1359,,775,,,0
2109,'1476973',1434,,776,,,0
2109,'1476974',1509,,777,,,0
2109,'1476975',1544,,778,,,0
2109,'1476976',1619,,779,,,0
2109,'1476977',1654,,780,,,0
2109,'1476978',1734,,781,,,0
2109,'1476979',1809,,782,,,0
2109,'1476980',1844,,783,,,0
2109,'1477205',629,,784,,,0
2109,'1477206',741,,785,,,0
2109,'1477207',851,,786,,,0
2109,'1477208',1001,,787,,,0
2109,'1477209',1111,,788,,,0
2109,'1477210',1221,,789,,,0
2109,'1477211',1331,,790,,,0
2109,'1477219',1441,,798,,,0
2109,'1477220',1551,,799,,,0
2109,'1477221',1706,,800,,,0
2109,'1477222',1816,,801,,,0
2109,'1477223',1926,,802,,,0
2109,'1477224',2054,,803,,,0
2109,'1477231',556,,810,,,0
2109,'1477232',706,,811,,,0
2109,'1477233',815,,812,,,0
2109,'1477234',926,,813,,,0
2109,'1477235',1036,,814,,,0
2109,'1477236',1146,,815,,,0
2109,'1477237',1256,,816,,,0
2109,'1477238',1406,,817,,,0
2109,'1477239',1516,,818,,,0
2109,'1477240',1626,,819,,,0
2109,'1477241',1741,,820,,,0
2109,'1477242',1853,,821,,,0
2109,'1477243',2005,,822,,,0
2109,'1477244',2124,,823,,,0
2109,'1477259',2254,,838,,,0
2109,'1477260',2224,,839,,,0
2109,'1477264',2154,,843,,,0
2109,'1478077',809,,845,,,0
2109,'1478078',919,,846,,,0
2109,'1478079',1140,,847,,,0
2109,'1478080',1249,,848,,,0
2109,'1478081',1359,,849,,,0
2109,'1478082',1509,,850,,,0
2109,'1478083',1734,,851,,,0
2109,'1478091',734,,859,,,0
2109,'1478092',844,,860,,,0
2109,'1478093',1104,,861,,,0
2109,'1478094',1214,,862,,,0
2109,'1478095',1324,,863,,,0
2109,'1478096',1434,,864,,,0
2109,'1478097',1654,,865,,,0
2109,'1478098',1809,,866,,,0
2109,'1478107',1619,,875,,,0
2109,'1478108',1029,,876,,,0
2109,'1478111',1844,,879,,,0
2109,'1478113',954,,881,,,0
2109,'1478114',1544,,882,,,0
