500,'100009',602,,832,20,0,12 3 13,0,30,,848,20,0,12 3 13,0,70,,833,20,0,12 3 13,0,30,,849,20,0,12 3 13,0,70,,834,20,0,12 3 13,0,40,,835,20,0,12 3 13,0,70,,857,20,0,12 3 13,0,30,,836,20,0,12 3 13,0,70,,860,20,0,12 3 13,0,30,,837,20,0,12 3 13,0,70,,859,20,0,12 3 13,0,30,,838,20,0,12 3 13,0,70,,861,20,0,12 3 13,0,42,,839,20,0,12 3 13,0,75,,858,20,0,12 3 13,0,75,,840,20,0,12 3 13,0,35,,850,20,0,12 3 13,0,75,,841,20,0,12 3 13,0,35,,851,20,0,12 3 13,0,75,,842,20,0,12 3 13,0,80,,843,20,0,12 3 13,0,41,,852,20,0,12 3 13,0,70,,844,20,0,12 3 13,0,30,,853,20,0,12 3 13,0,70,,845,20,0,12 3 13,0,30,,854,20,0,12 3 13,0,85,,846,20,0,12 3 13,0,70,,855,20,0,12 3 13,0,30,,847,20,0,12 3 13,0,70,,856,20,0,12 3 13,0,30,,862,20,0,12 3 13,0,70,,863,20,0,12 3 13,0
500,'100010',810,,864,20,0,12 3 13,0,100,,865,20,0,12 3 13,0,100,,866,20,0,12 3 13,0,100,,867,20,0,12 3 13,0,100,,868,20,0,12 3 13,0,115,,869,20,0,12 3 13,0,100,,870,20,0,12 3 13,0,100,,871,20,0,12 3 13,0,115,,872,20,0,12 3 13,0,100,,873,20,0,12 3 13,0,100,,874,20,0,12 3 13,0
500,'100011',810,,2512,20,0,12 3 13,0,100,,2513,20,0,12 3 13,0,100,,2514,20,0,12 3 13,0,100,,2515,20,0,12 3 13,0,100,,2516,20,0,12 3 13,0,115,,2517,20,0,12 3 13,0,100,,2518,20,0,12 3 13,0,100,,2519,20,0,12 3 13,0,115,,2520,20,0,12 3 13,0,100,,2521,20,0,12 3 13,0,100,,2522,20,0,12 3 13,0,100,,2523,20,0,12 3 13,0
500,'100012',810,,2524,20,0,12 3 13,0,100,,2525,20,0,12 3 13,0,100,,2526,20,0,12 3 13,0,100,,2527,20,0,12 3 13,0,100,,2528,20,0,12 3 13,0,115,,2529,20,0,12 3 13,0,100,,2530,20,0,12 3 13,0,100,,2531,20,0,12 3 13,0,115,,2532,20,0,12 3 13,0,100,,2533,20,0,12 3 13,0,100,,2534,20,0,12 3 13,0
500,'100013',602,,2535,20,0,12 3 13,0,30,,2551,20,0,12 3 13,0,70,,2536,20,0,12 3 13,0,30,,2552,20,0,12 3 13,0,70,,2537,20,0,12 3 13,0,40,,2538,20,0,12 3 13,0,70,,2560,20,0,12 3 13,0,30,,2539,20,0,12 3 13,0,70,,2563,20,0,12 3 13,0,30,,2540,20,0,12 3 13,0,70,,2562,20,0,12 3 13,0,30,,2541,20,0,12 3 13,0,70,,2564,20,0,12 3 13,0,42,,2542,20,0,12 3 13,0,75,,2561,20,0,12 3 13,0,75,,2543,20,0,12 3 13,0,35,,2553,20,0,12 3 13,0,75,,2544,20,0,12 3 13,0,35,,2554,20,0,12 3 13,0,75,,2545,20,0,12 3 13,0,80,,2546,20,0,12 3 13,0,41,,2555,20,0,12 3 13,0,70,,2547,20,0,12 3 13,0,30,,2556,20,0,12 3 13,0,70,,2548,20,0,12 3 13,0,30,,2557,20,0,12 3 13,0,85,,2549,20,0,12 3 13,0,70,,2558,20,0,12 3 13,0,30,,2550,20,0,12 3 13,0,70,,2559,20,0,12 3 13,0,30,,2565,20,0,12 3 13,0,70,,2566,20,0,12 3 13,0
500,'100014',602,,2567,20,0,12 3 13,0,30,,2583,20,0,12 3 13,0,70,,2568,20,0,12 3 13,0,30,,2584,20,0,12 3 13,0,70,,2569,20,0,12 3 13,0,40,,2570,20,0,12 3 13,0,70,,2592,20,0,12 3 13,0,30,,2571,20,0,12 3 13,0,70,,2595,20,0,12 3 13,0,30,,2572,20,0,12 3 13,0,70,,2594,20,0,12 3 13,0,30,,2573,20,0,12 3 13,0,70,,2596,20,0,12 3 13,0,42,,2574,20,0,12 3 13,0,75,,2593,20,0,12 3 13,0,75,,2575,20,0,12 3 13,0,35,,2585,20,0,12 3 13,0,75,,2576,20,0,12 3 13,0,35,,2586,20,0,12 3 13,0,75,,2577,20,0,12 3 13,0,80,,2578,20,0,12 3 13,0,41,,2587,20,0,12 3 13,0,70,,2579,20,0,12 3 13,0,30,,2588,20,0,12 3 13,0,70,,2580,20,0,12 3 13,0,30,,2589,20,0,12 3 13,0,85,,2581,20,0,12 3 13,0,70,,2590,20,0,12 3 13,0,30,,2582,20,0,12 3 13,0,70,,2591,20,0,12 3 13,0,30,,2597,20,0,12 3 13,0,70,,2598,20,0,12 3 13,0
500,'100015',810,,2599,20,0,12 3 13,0,100,,2600,20,0,12 3 13,0,100,,2601,20,0,12 3 13,0,100,,2602,20,0,12 3 13,0,100,,2603,20,0,12 3 13,0,115,,2604,20,0,12 3 13,0,100,,2605,20,0,12 3 13,0,100,,2606,20,0,12 3 13,0,115,,2607,20,0,12 3 13,0,100,,2608,20,0,12 3 13,0,100,,2609,20,0,12 3 13,0
5200,'100009',1442,,1364,12,0,5 6,0
5200,'100013',1442,,3168,12,0,5 6,0
5201,'100009',741,,1365,20,0,7 8 9,0
5201,'100013',741,,3169,20,0,7 8 9,0
5400,'100009',734,,1370,20,0,7 18,0
5400,'100013',734,,3174,20,0,7 18,0
