200,'100011',719,,1902,14,,,0,30,,1901,14,,,0,70,,1880,14,,,0,30,,1879,14,,,0,70,,1881,14,,,0,30,,1882,14,,,0,70,,1883,14,,,0,30,,1884,14,,,0,70,,1885,14,,,0,30,,1886,14,,,0,85,,1887,14,,,0,70,,1888,14,,,0,30,,1889,14,,,0,70,,1890,14,,,0,30,,1891,14,,,0,70,,1892,14,,,0,30,,1893,14,,,0,85,,1894,14,,,0,30,,1895,14,,,0,70,,1896,14,,,0,30,,1897,14,,,0,70,,1898,14,,,0,30,,1899,14,,,0,70,,1900,14,,,0,30,,1903,14,,,0
200,'100012',719,,1927,14,,,0,30,,1926,14,,,0,70,,1905,14,,,0,30,,1904,14,,,0,70,,1906,14,,,0,30,,1907,14,,,0,70,,1908,14,,,0,30,,1909,14,,,0,70,,1910,14,,,0,30,,1911,14,,,0,85,,1912,14,,,0,70,,1913,14,,,0,30,,1914,14,,,0,70,,1915,14,,,0,30,,1916,14,,,0,70,,1917,14,,,0,30,,1918,14,,,0,85,,1919,14,,,0,30,,1920,14,,,0,70,,1921,14,,,0,30,,1922,14,,,0,70,,1923,14,,,0,30,,1924,14,,,0,70,,1925,14,,,0
200,'100013',541,,1928,14,,,0,70,,1937,14,,,0,30,,1929,14,,,0,70,,1938,14,,,0,30,,1930,14,,,0,70,,1939,14,,,0,40,,1931,14,,,0,70,,1940,14,,,0,30,,1932,14,,,0,70,,1941,14,,,0,30,,1933,14,,,0,70,,1942,14,,,0,30,,1934,14,,,0,70,,1943,14,,,0,83,,1935,14,,,0,35,,1944,14,,,0,75,,1936,14,,,0,35,,1945,14,,,0,75,,1953,14,,,0,35,,1946,14,,,0,75,,1954,14,,,0,80,,1947,14,,,0,40,,1948,14,,,0,70,,1955,14,,,0,30,,1949,14,,,0,70,,1956,14,,,0,30,,1950,14,,,0,85,,1957,14,,,0,70,,1951,14,,,0,30,,1958,14,,,0,70,,1952,14,,,0,30,,1959,14,,,0,70,,1960,14,,,0
200,'100014',541,,1961,14,,,0,70,,1970,14,,,0,30,,1962,14,,,0,70,,1971,14,,,0,30,,1963,14,,,0,70,,1972,14,,,0,40,,1964,14,,,0,70,,1973,14,,,0,30,,1965,14,,,0,70,,1974,14,,,0,30,,1966,14,,,0,70,,1975,14,,,0,30,,1967,14,,,0,70,,1976,14,,,0,83,,1968,14,,,0,35,,1977,14,,,0,75,,1969,14,,,0,35,,1978,14,,,0,75,,1986,14,,,0,35,,1979,14,,,0,75,,1987,14,,,0,80,,1980,14,,,0,40,,1981,14,,,0,70,,1988,14,,,0,30,,1982,14,,,0,70,,1989,14,,,0,30,,1983,14,,,0,85,,1990,14,,,0,70,,1984,14,,,0,30,,1991,14,,,0,70,,1985,14,,,0,30,,1992,14,,,0,70,,1993,14,,,0
200,'100015',719,,2017,14,,,0,30,,1994,14,,,0,70,,1995,14,,,0,30,,1996,14,,,0,70,,1997,14,,,0,30,,1998,14,,,0,70,,1999,14,,,0,30,,2000,14,,,0,70,,2001,14,,,0,30,,2002,14,,,0,85,,2003,14,,,0,70,,2004,14,,,0,30,,2005,14,,,0,70,,2006,14,,,0,30,,2007,14,,,0,70,,2008,14,,,0,30,,2009,14,,,0,85,,2010,14,,,0,30,,2012,14,,,0,70,,2013,14,,,0,30,,2014,14,,,0,70,,2015,14,,,0,30,,2016,14,,,0,70,,2011,14,,,0
201,'100009',541,,413,33,0,5 6,0,70,,422,33,0,5 6,0,30,,414,33,0,5 6,0,70,,423,33,0,5 6,0,30,,415,33,0,5 6,0,70,,424,33,0,5 6,0,40,,416,33,0,5 6,0,70,,425,33,0,5 6,0,30,,417,33,0,5 6,0,70,,426,33,0,5 6,0,30,,418,33,0,5 6,0,70,,427,33,0,5 6,0,30,,419,33,0,5 6,0,70,,428,33,0,5 6,0,83,,420,33,0,5 6,0,35,,429,33,0,5 6,0,75,,421,33,0,5 6,0,35,,430,33,0,5 6,0,75,,438,33,0,5 6,0,35,,431,33,0,5 6,0,75,,439,33,0,5 6,0,80,,432,33,0,5 6,0,40,,433,33,0,5 6,0,70,,440,33,0,5 6,0,30,,434,33,0,5 6,0,70,,441,33,0,5 6,0,30,,435,33,0,5 6,0,85,,442,33,0,5 6,0,70,,436,33,0,5 6,0,30,,443,33,0,5 6,0,70,,437,33,0,5 6,0,30,,444,33,0,5 6,0,70,,445,33,0,5 6,0,30,,446,33,0,5 6,0
201,'100010',719,,470,33,0,5 6,0,30,,469,33,0,5 6,0,70,,448,33,0,5 6,0,30,,447,33,0,5 6,0,70,,449,33,0,5 6,0,30,,450,33,0,5 6,0,70,,451,33,0,5 6,0,30,,452,33,0,5 6,0,70,,453,33,0,5 6,0,30,,454,33,0,5 6,0,70,,455,33,0,5 6,0,85,,456,33,0,5 6,0,30,,457,33,0,5 6,0,70,,458,33,0,5 6,0,30,,459,33,0,5 6,0,70,,460,33,0,5 6,0,30,,461,33,0,5 6,0,70,,462,33,0,5 6,0,45,,463,33,0,5 6,0,70,,464,33,0,5 6,0,30,,465,33,0,5 6,0,70,,466,33,0,5 6,0,30,,467,33,0,5 6,0,70,,468,33,0,5 6,0
5301,'100009',1600,,1369,46,,,0
5301,'100013',1600,,3173,46,,,0
1005300,'100009',805,,1513,25,,,0
1005300,'100013',805,,3301,25,,,0
1005300,'100014',805,,3302,25,,,0
