2000909,'1476814',811,,1006,,,0
2000909,'1476815',851,,1007,,,0
2000909,'1476816',931,,1008,,,0
2000909,'1476817',1011,,1009,,,0
2000909,'1476818',1051,,1010,,,0
2000909,'1476819',1131,,1011,,,0
2000909,'1476820',1210,,1012,,,0
2000909,'1476821',1250,,1013,,,0
2000909,'1476822',1335,,1014,,,0
2000909,'1476823',1415,,1015,,,0
2000909,'1476824',1456,,1016,,,0
2000909,'1476825',1536,,1017,,,0
2000909,'1476826',1621,,1018,,,0
2000909,'1476827',1701,,1019,,,0
2000909,'1476828',1741,,1020,,,0
2000909,'1476829',1821,,1021,,,0
2000909,'1476830',1901,,1022,,,0
2000909,'1477519',601,,1023,,,0
2000909,'1477520',621,,1024,,,0
2000909,'1477521',651,,1025,,,0
2000909,'1477522',721,,1026,,,0
2000909,'1477523',751,,1027,,,0
2000909,'1477524',811,,1028,,,0
2000909,'1477525',851,,1029,,,0
2000909,'1477526',941,,1030,,,0
2000909,'1477527',1011,,1031,,,0
2000909,'1477528',1031,,1032,,,0
2000909,'1477529',1101,,1033,,,0
2000909,'1477530',1131,,1034,,,0
2000909,'1477531',1201,,1035,,,0
2000909,'1477532',1231,,1036,,,0
2000909,'1477533',1301,,1037,,,0
2000909,'1477534',1331,,1038,,,0
2000909,'1477535',1401,,1039,,,0
2000909,'1477536',1433,,1040,,,0
2000909,'1477537',1504,,1041,,,0
2000909,'1477538',1534,,1042,,,0
2000909,'1477539',1608,,1043,,,0
2000909,'1477540',1632,,1044,,,0
2000909,'1477541',1704,,1045,,,0
2000909,'1477542',1742,,1046,,,0
2000909,'1477543',1812,,1047,,,0
2000909,'1477544',1842,,1048,,,0
2000909,'1477545',1912,,1049,,,0
2000909,'1477546',1942,,1050,,,0
2000909,'1477547',2007,,1051,,,0
2000909,'1477548',2039,,1052,,,0
2000909,'1477549',2113,,1053,,,0
2000909,'1477550',913,,1054,,,0
2000909,'1477551',2158,,1055,,,0
2000909,'1477552',2233,,1056,,,0
2000909,'1477553',2309,,1057,,,0
2000909,'1477577',811,,1058,,,0
2000909,'1477578',851,,1059,,,0
2000909,'1477579',931,,1060,,,0
2000909,'1477580',1011,,1061,,,0
2000909,'1477581',1051,,1062,,,0
2000909,'1477582',1131,,1063,,,0
2000909,'1477583',1210,,1064,,,0
2000909,'1477584',1250,,1065,,,0
2000909,'1477585',1335,,1066,,,0
2000909,'1477586',1415,,1067,,,0
2000909,'1477587',1456,,1068,,,0
2000909,'1477588',1536,,1069,,,0
2000909,'1477589',1621,,1070,,,0
2000909,'1477590',1701,,1071,,,0
2000909,'1477591',1741,,1072,,,0
2000909,'1477592',1821,,1073,,,0
2000909,'1477593',1901,,1074,,,0
