400,'100009',524,,1789,0,21 3 19 5 20,0,30,,1768,0,21 3 19 5 20,0,70,,1760,0,21 3 19 5 20,0,18,,1787,0,21 3 19 5 20,0,12,,1769,0,21 3 19 5 20,0,70,,1761,0,21 3 19 5 20,0,30,,1770,0,21 3 19 5 20,0,80,,1762,0,21 3 19 5 20,0,70,,1788,0,21 3 19 5 20,0,30,,1763,0,21 3 19 5 20,0,70,,1784,0,21 3 19 5 20,0,30,,1764,0,21 3 19 5 20,0,70,,1785,0,21 3 19 5 20,0,30,,1765,0,21 3 19 5 20,0,70,,1786,0,21 3 19 5 20,0,38,,1766,0,21 3 19 5 20,0,75,,1791,0,21 3 19 5 20,0,35,,1767,0,21 3 19 5 20,0,75,,1771,0,21 3 19 5 20,0,75,,1790,0,21 3 19 5 20,0,35,,1772,0,21 3 19 5 20,0,75,,1773,0,21 3 19 5 20,0,40,,1779,0,21 3 19 5 20,0,85,,1774,0,21 3 19 5 20,0,70,,1780,0,21 3 19 5 20,0,30,,1775,0,21 3 19 5 20,0,70,,1781,0,21 3 19 5 20,0,30,,1776,0,21 3 19 5 20,0,85,,1782,0,21 3 19 5 20,0,30,,1777,0,21 3 19 5 20,0,70,,1783,0,21 3 19 5 20,0,30,,1778,0,21 3 19 5 20,0,70,,1792,0,21 3 19 5 20,0,30,,1793,0,21 3 19 5 20,0
400,'100010',524,,1823,0,21 3 19 5 20,0,30,,1802,0,21 3 19 5 20,0,70,,1794,0,21 3 19 5 20,0,18,,1821,0,21 3 19 5 20,0,12,,1803,0,21 3 19 5 20,0,70,,1795,0,21 3 19 5 20,0,30,,1804,0,21 3 19 5 20,0,80,,1796,0,21 3 19 5 20,0,70,,1822,0,21 3 19 5 20,0,30,,1797,0,21 3 19 5 20,0,70,,1818,0,21 3 19 5 20,0,30,,1798,0,21 3 19 5 20,0,70,,1819,0,21 3 19 5 20,0,30,,1799,0,21 3 19 5 20,0,70,,1820,0,21 3 19 5 20,0,38,,1800,0,21 3 19 5 20,0,75,,1825,0,21 3 19 5 20,0,35,,1801,0,21 3 19 5 20,0,75,,1805,0,21 3 19 5 20,0,75,,1824,0,21 3 19 5 20,0,35,,1806,0,21 3 19 5 20,0,75,,1807,0,21 3 19 5 20,0,40,,1813,0,21 3 19 5 20,0,85,,1808,0,21 3 19 5 20,0,70,,1814,0,21 3 19 5 20,0,30,,1809,0,21 3 19 5 20,0,70,,1815,0,21 3 19 5 20,0,30,,1810,0,21 3 19 5 20,0,85,,1816,0,21 3 19 5 20,0,30,,1811,0,21 3 19 5 20,0,70,,1817,0,21 3 19 5 20,0,30,,1812,0,21 3 19 5 20,0,70,,1826,0,21 3 19 5 20,0,30,,1827,0,21 3 19 5 20,0
400,'100012',732,,1828,0,21 3 19 5 20,0,70,,1841,0,21 3 19 5 20,0,30,,1829,0,21 3 19 5 20,0,70,,1842,0,21 3 19 5 20,0,30,,1830,0,21 3 19 5 20,0,70,,1843,0,21 3 19 5 20,0,30,,1831,0,21 3 19 5 20,0,70,,1844,0,21 3 19 5 20,0,30,,1832,0,21 3 19 5 20,0,70,,1845,0,21 3 19 5 20,0,45,,1833,0,21 3 19 5 20,0,70,,1846,0,21 3 19 5 20,0,30,,1834,0,21 3 19 5 20,0,70,,1847,0,21 3 19 5 20,0,30,,1835,0,21 3 19 5 20,0,70,,1848,0,21 3 19 5 20,0,30,,1836,0,21 3 19 5 20,0,85,,1849,0,21 3 19 5 20,0,70,,1837,0,21 3 19 5 20,0,30,,1850,0,21 3 19 5 20,0,70,,1838,0,21 3 19 5 20,0,30,,1840,0,21 3 19 5 20,0,70,,1839,0,21 3 19 5 20,0
400,'100013',732,,1851,0,21 3 19 5 20,0,70,,1852,0,21 3 19 5 20,0,30,,1853,0,21 3 19 5 20,0,70,,1854,0,21 3 19 5 20,0,30,,1855,0,21 3 19 5 20,0,70,,1856,0,21 3 19 5 20,0,30,,1857,0,21 3 19 5 20,0,70,,1858,0,21 3 19 5 20,0,30,,1859,0,21 3 19 5 20,0,70,,1860,0,21 3 19 5 20,0,45,,1861,0,21 3 19 5 20,0,70,,1862,0,21 3 19 5 20,0,30,,1863,0,21 3 19 5 20,0,70,,1864,0,21 3 19 5 20,0,30,,1865,0,21 3 19 5 20,0,70,,1866,0,21 3 19 5 20,0,30,,1867,0,21 3 19 5 20,0,85,,1869,0,21 3 19 5 20,0,70,,1870,0,21 3 19 5 20,0,30,,1871,0,21 3 19 5 20,0,70,,1872,0,21 3 19 5 20,0,30,,1873,0,21 3 19 5 20,0,70,,1868,0,21 3 19 5 20,0
800,'100009',554,,2159,0,18 3 19 5 20,0,70,,2144,0,18 3 19 5 20,0,30,,2160,0,18 3 19 5 20,0,70,,2145,0,18 3 19 5 20,0,30,,2161,0,18 3 19 5 20,0,80,,2162,0,18 3 19 5 20,0,70,,2146,0,18 3 19 5 20,0,30,,2170,0,18 3 19 5 20,0,70,,2147,0,18 3 19 5 20,0,30,,2171,0,18 3 19 5 20,0,70,,2148,0,18 3 19 5 20,0,30,,2172,0,18 3 19 5 20,0,70,,2149,0,18 3 19 5 20,0,38,,2173,0,18 3 19 5 20,0,75,,2150,0,18 3 19 5 20,0,35,,2163,0,18 3 19 5 20,0,75,,2151,0,18 3 19 5 20,0,75,,2152,0,18 3 19 5 20,0,35,,2164,0,18 3 19 5 20,0,75,,2153,0,18 3 19 5 20,0,40,,2165,0,18 3 19 5 20,0,85,,2154,0,18 3 19 5 20,0,70,,2166,0,18 3 19 5 20,0,30,,2155,0,18 3 19 5 20,0,70,,2167,0,18 3 19 5 20,0,30,,2156,0,18 3 19 5 20,0,85,,2168,0,18 3 19 5 20,0,30,,2157,0,18 3 19 5 20,0,70,,2169,0,18 3 19 5 20,0,30,,2158,0,18 3 19 5 20,0,70,,2175,0,18 3 19 5 20,0,28,,2174,0,18 3 19 5 20,0
800,'100010',554,,2191,0,18 3 19 5 20,0,70,,2176,0,18 3 19 5 20,0,30,,2192,0,18 3 19 5 20,0,70,,2177,0,18 3 19 5 20,0,30,,2193,0,18 3 19 5 20,0,80,,2194,0,18 3 19 5 20,0,70,,2178,0,18 3 19 5 20,0,30,,2202,0,18 3 19 5 20,0,70,,2179,0,18 3 19 5 20,0,30,,2203,0,18 3 19 5 20,0,70,,2180,0,18 3 19 5 20,0,30,,2204,0,18 3 19 5 20,0,70,,2181,0,18 3 19 5 20,0,38,,2205,0,18 3 19 5 20,0,75,,2182,0,18 3 19 5 20,0,35,,2195,0,18 3 19 5 20,0,75,,2183,0,18 3 19 5 20,0,75,,2184,0,18 3 19 5 20,0,35,,2196,0,18 3 19 5 20,0,75,,2185,0,18 3 19 5 20,0,40,,2197,0,18 3 19 5 20,0,85,,2186,0,18 3 19 5 20,0,70,,2198,0,18 3 19 5 20,0,30,,2187,0,18 3 19 5 20,0,70,,2199,0,18 3 19 5 20,0,30,,2188,0,18 3 19 5 20,0,85,,2200,0,18 3 19 5 20,0,30,,2189,0,18 3 19 5 20,0,70,,2201,0,18 3 19 5 20,0,30,,2190,0,18 3 19 5 20,0,70,,2207,0,18 3 19 5 20,0,28,,2206,0,18 3 19 5 20,0
800,'100012',732,,2208,0,18 3 19 5 20,0,100,,2209,0,18 3 19 5 20,0,100,,2210,0,18 3 19 5 20,0,100,,2211,0,18 3 19 5 20,0,100,,2212,0,18 3 19 5 20,0,115,,2213,0,18 3 19 5 20,0,100,,2214,0,18 3 19 5 20,0,100,,2215,0,18 3 19 5 20,0,100,,2216,0,18 3 19 5 20,0,155,,2217,0,18 3 19 5 20,0,100,,2218,0,18 3 19 5 20,0,100,,2219,0,18 3 19 5 20,0
800,'100013',732,,2220,0,18 3 19 5 20,0,100,,2221,0,18 3 19 5 20,0,100,,2222,0,18 3 19 5 20,0,100,,2223,0,18 3 19 5 20,0,100,,2224,0,18 3 19 5 20,0,115,,2225,0,18 3 19 5 20,0,100,,2226,0,18 3 19 5 20,0,100,,2227,0,18 3 19 5 20,0,100,,2228,0,18 3 19 5 20,0,155,,2229,0,18 3 19 5 20,0,100,,2230,0,18 3 19 5 20,0,100,,2231,0,18 3 19 5 20,0
5201,'100010',733,,2439,0,5 6 7,0
5400,'100010',724,,2444,0,5 34,0
