2109,'1476961',745,,764,,,0
2109,'1476962',820,,765,,,0
2109,'1476963',855,,766,,,0
2109,'1476964',930,,767,,,0
2109,'1476965',1005,,768,,,0
2109,'1476966',1040,,769,,,0
2109,'1476967',1115,,770,,,0
2109,'1476968',1150,,771,,,0
2109,'1476969',1225,,772,,,0
2109,'1476970',1300,,773,,,0
2109,'1476971',1335,,774,,,0
2109,'1476972',1410,,775,,,0
2109,'1476973',1445,,776,,,0
2109,'1476974',1520,,777,,,0
2109,'1476975',1555,,778,,,0
2109,'1476976',1630,,779,,,0
2109,'1476977',1705,,780,,,0
2109,'1476978',1745,,781,,,0
2109,'1476979',1820,,782,,,0
2109,'1476980',1855,,783,,,0
2109,'1477205',640,,784,,,0
2109,'1477206',752,,785,,,0
2109,'1477207',902,,786,,,0
2109,'1477208',1012,,787,,,0
2109,'1477209',1122,,788,,,0
2109,'1477210',1233,,789,,,0
2109,'1477211',1343,,790,,,0
2109,'1477219',1453,,798,,,0
2109,'1477220',1603,,799,,,0
2109,'1477221',1717,,800,,,0
2109,'1477222',1827,,801,,,0
2109,'1477223',1937,,802,,,0
2109,'1477224',2103,,803,,,0
2109,'1477231',607,,810,,,0
2109,'1477232',717,,811,,,0
2109,'1477233',826,,812,,,0
2109,'1477234',937,,813,,,0
2109,'1477235',1047,,814,,,0
2109,'1477236',1157,,815,,,0
2109,'1477237',1308,,816,,,0
2109,'1477238',1418,,817,,,0
2109,'1477239',1528,,818,,,0
2109,'1477240',1638,,819,,,0
2109,'1477241',1752,,820,,,0
2109,'1477242',1904,,821,,,0
2109,'1477243',2016,,822,,,0
2109,'1477244',2133,,823,,,0
2109,'1477259',2303,,838,,,0
2109,'1477260',2233,,839,,,0
2109,'1477264',2203,,843,,,0
2109,'1478077',820,,845,,,0
2109,'1478078',930,,846,,,0
2109,'1478079',1151,,847,,,0
2109,'1478080',1300,,848,,,0
2109,'1478081',1410,,849,,,0
2109,'1478082',1520,,850,,,0
2109,'1478083',1745,,851,,,0
2109,'1478091',745,,859,,,0
2109,'1478092',855,,860,,,0
2109,'1478093',1115,,861,,,0
2109,'1478094',1225,,862,,,0
2109,'1478095',1335,,863,,,0
2109,'1478096',1445,,864,,,0
2109,'1478097',1705,,865,,,0
2109,'1478098',1820,,866,,,0
2109,'1478107',1630,,875,,,0
2109,'1478108',1040,,876,,,0
2109,'1478111',1855,,879,,,0
2109,'1478113',1005,,881,,,0
2109,'1478114',1555,,882,,,0
