301,'100010',743,,2267,25,0,15 7 16 3 17,0,100,,2268,25,0,15 7 16 3 17,0,100,,2269,25,0,15 7 16 3 17,0,101,,2270,25,0,15 7 16 3 17,0,100,,2271,25,0,15 7 16 3 17,0,115,,2272,25,0,15 7 16 3 17,0,100,,2273,25,0,15 7 16 3 17,0,100,,2274,25,0,15 7 16 3 17,0,100,,2275,25,0,15 7 16 3 17,0,155,,2266,25,0,15 7 16 3 17,0,100,,2264,25,0,15 7 16 3 17,0,100,,2265,25,0,15 7 16 3 17,0,100,,2276,25,0,15 7 16 3 17,0
301,'100011',743,,2280,25,0,15 7 16 3 17,0,100,,2281,25,0,15 7 16 3 17,0,100,,2282,25,0,15 7 16 3 17,0,101,,2283,25,0,15 7 16 3 17,0,100,,2284,25,0,15 7 16 3 17,0,115,,2285,25,0,15 7 16 3 17,0,100,,2286,25,0,15 7 16 3 17,0,100,,2287,25,0,15 7 16 3 17,0,100,,2288,25,0,15 7 16 3 17,0,155,,2279,25,0,15 7 16 3 17,0,100,,2277,25,0,15 7 16 3 17,0,100,,2278,25,0,15 7 16 3 17,0
301,'100012',538,,2289,25,0,15 7 16 3 17,0,70,,2290,25,0,15 7 16 3 17,0,30,,2291,25,0,15 7 16 3 17,0,70,,2292,25,0,15 7 16 3 17,0,30,,2293,25,0,15 7 16 3 17,0,10,,2294,25,0,15 7 16 3 17,0,60,,2299,25,0,15 7 16 3 17,0,40,,2295,25,0,15 7 16 3 17,0,70,,2300,25,0,15 7 16 3 17,0,30,,2296,25,0,15 7 16 3 17,0,70,,2301,25,0,15 7 16 3 17,0,30,,2297,25,0,15 7 16 3 17,0,70,,2302,25,0,15 7 16 3 17,0,30,,2298,25,0,15 7 16 3 17,0,70,,2303,25,0,15 7 16 3 17,0,40,,2304,25,0,15 7 16 3 17,0,75,,2305,25,0,15 7 16 3 17,0,75,,2306,25,0,15 7 16 3 17,0,14,,2307,25,0,15 7 16 3 17,0,21,,2308,25,0,15 7 16 3 17,0,75,,2309,25,0,15 7 16 3 17,0,5,,2324,25,0,15 7 16 3 17,0,30,,2310,25,0,15 7 16 3 17,0,75,,2311,25,0,15 7 16 3 17,0,80,,2312,25,0,15 7 16 3 17,0,43,,2313,25,0,15 7 16 3 17,0,70,,2314,25,0,15 7 16 3 17,0,30,,2315,25,0,15 7 16 3 17,0,70,,2316,25,0,15 7 16 3 17,0,30,,2317,25,0,15 7 16 3 17,0,85,,2318,25,0,15 7 16 3 17,0,70,,2319,25,0,15 7 16 3 17,0,30,,2320,25,0,15 7 16 3 17,0,70,,2321,25,0,15 7 16 3 17,0,30,,2322,25,0,15 7 16 3 17,0,70,,2323,25,0,15 7 16 3 17,0
301,'100013',538,,2325,25,0,15 7 16 3 17,0,70,,2326,25,0,15 7 16 3 17,0,30,,2327,25,0,15 7 16 3 17,0,70,,2328,25,0,15 7 16 3 17,0,30,,2329,25,0,15 7 16 3 17,0,10,,2330,25,0,15 7 16 3 17,0,60,,2335,25,0,15 7 16 3 17,0,40,,2331,25,0,15 7 16 3 17,0,70,,2336,25,0,15 7 16 3 17,0,30,,2332,25,0,15 7 16 3 17,0,70,,2337,25,0,15 7 16 3 17,0,30,,2333,25,0,15 7 16 3 17,0,70,,2338,25,0,15 7 16 3 17,0,30,,2334,25,0,15 7 16 3 17,0,70,,2339,25,0,15 7 16 3 17,0,40,,2340,25,0,15 7 16 3 17,0,75,,2341,25,0,15 7 16 3 17,0,75,,2342,25,0,15 7 16 3 17,0,14,,2343,25,0,15 7 16 3 17,0,21,,2344,25,0,15 7 16 3 17,0,75,,2345,25,0,15 7 16 3 17,0,5,,2360,25,0,15 7 16 3 17,0,30,,2346,25,0,15 7 16 3 17,0,75,,2347,25,0,15 7 16 3 17,0,80,,2348,25,0,15 7 16 3 17,0,43,,2349,25,0,15 7 16 3 17,0,70,,2350,25,0,15 7 16 3 17,0,30,,2351,25,0,15 7 16 3 17,0,70,,2352,25,0,15 7 16 3 17,0,30,,2353,25,0,15 7 16 3 17,0,85,,2354,25,0,15 7 16 3 17,0,70,,2355,25,0,15 7 16 3 17,0,30,,2356,25,0,15 7 16 3 17,0,70,,2357,25,0,15 7 16 3 17,0,30,,2358,25,0,15 7 16 3 17,0,70,,2359,25,0,15 7 16 3 17,0
301,'100014',743,,2364,25,0,15 7 16 3 17,0,100,,2365,25,0,15 7 16 3 17,0,100,,2366,25,0,15 7 16 3 17,0,101,,2367,25,0,15 7 16 3 17,0,100,,2368,25,0,15 7 16 3 17,0,115,,2369,25,0,15 7 16 3 17,0,100,,2370,25,0,15 7 16 3 17,0,100,,2371,25,0,15 7 16 3 17,0,100,,2372,25,0,15 7 16 3 17,0,155,,2361,25,0,15 7 16 3 17,0,100,,2362,25,0,15 7 16 3 17,0,100,,2363,25,0,15 7 16 3 17,0
400,'100010',745,,2373,25,,,0,70,,2386,25,,,0,30,,2374,25,,,0,70,,2387,25,,,0,30,,2375,25,,,0,70,,2388,25,,,0,30,,2376,25,,,0,70,,2389,25,,,0,30,,2377,25,,,0,70,,2390,25,,,0,85,,2378,25,,,0,30,,2391,25,,,0,70,,2379,25,,,0,30,,2392,25,,,0,70,,2380,25,,,0,30,,2393,25,,,0,70,,2381,25,,,0,45,,2394,25,,,0,70,,2382,25,,,0,30,,2395,25,,,0,70,,2383,25,,,0,30,,2385,25,,,0,70,,2384,25,,,0,30,,2396,25,,,0,70,,2397,25,,,0
400,'100011',745,,2398,25,,,0,70,,2411,25,,,0,30,,2399,25,,,0,70,,2412,25,,,0,30,,2400,25,,,0,70,,2413,25,,,0,30,,2401,25,,,0,70,,2414,25,,,0,30,,2402,25,,,0,70,,2415,25,,,0,85,,2403,25,,,0,30,,2416,25,,,0,70,,2404,25,,,0,30,,2417,25,,,0,70,,2405,25,,,0,30,,2418,25,,,0,70,,2406,25,,,0,45,,2419,25,,,0,70,,2407,25,,,0,30,,2420,25,,,0,70,,2408,25,,,0,30,,2410,25,,,0,70,,2409,25,,,0
400,'100012',538,,2450,25,,,0,70,,2429,25,,,0,30,,2421,25,,,0,17,,2448,25,,,0,53,,2430,25,,,0,30,,2422,25,,,0,70,,2431,25,,,0,40,,2423,25,,,0,69,,2449,25,,,0,31,,2424,25,,,0,70,,2445,25,,,0,30,,2425,25,,,0,70,,2446,25,,,0,30,,2426,25,,,0,70,,2447,25,,,0,38,,2427,25,,,0,75,,2452,25,,,0,75,,2428,25,,,0,35,,2432,25,,,0,75,,2451,25,,,0,35,,2433,25,,,0,75,,2434,25,,,0,80,,2440,25,,,0,44,,2435,25,,,0,70,,2441,25,,,0,30,,2436,25,,,0,70,,2442,25,,,0,30,,2437,25,,,0,85,,2443,25,,,0,70,,2438,25,,,0,30,,2444,25,,,0,70,,2439,25,,,0,30,,2453,25,,,0,70,,2454,25,,,0
400,'100013',538,,2484,25,,,0,70,,2463,25,,,0,30,,2455,25,,,0,17,,2482,25,,,0,53,,2464,25,,,0,30,,2456,25,,,0,70,,2465,25,,,0,40,,2457,25,,,0,69,,2483,25,,,0,31,,2458,25,,,0,70,,2479,25,,,0,30,,2459,25,,,0,70,,2480,25,,,0,30,,2460,25,,,0,70,,2481,25,,,0,38,,2461,25,,,0,75,,2486,25,,,0,75,,2462,25,,,0,35,,2466,25,,,0,75,,2485,25,,,0,35,,2467,25,,,0,75,,2468,25,,,0,80,,2474,25,,,0,44,,2469,25,,,0,70,,2475,25,,,0,30,,2470,25,,,0,70,,2476,25,,,0,30,,2471,25,,,0,85,,2477,25,,,0,70,,2472,25,,,0,30,,2478,25,,,0,70,,2473,25,,,0,30,,2487,25,,,0,70,,2488,25,,,0
400,'100014',745,,2489,25,,,0,70,,2490,25,,,0,30,,2491,25,,,0,70,,2492,25,,,0,30,,2493,25,,,0,70,,2494,25,,,0,30,,2495,25,,,0,70,,2496,25,,,0,30,,2497,25,,,0,70,,2498,25,,,0,85,,2499,25,,,0,30,,2500,25,,,0,70,,2501,25,,,0,30,,2502,25,,,0,70,,2503,25,,,0,30,,2504,25,,,0,70,,2505,25,,,0,45,,2507,25,,,0,70,,2508,25,,,0,30,,2509,25,,,0,70,,2510,25,,,0,30,,2511,25,,,0,70,,2506,25,,,0
5201,'100012',750,,3169,43,0,7 8 9,0
5400,'100012',747,,3174,43,0,7 18,0
