2109,'1476941',821,,744,0,10 11,0
2109,'1476942',856,,745,0,10 11,0
2109,'1476943',931,,746,0,10 11,0
2109,'1476944',1006,,747,0,10 11,0
2109,'1476945',1041,,748,0,10 11,0
2109,'1476946',1116,,749,0,10 11,0
2109,'1476947',1151,,750,0,10 11,0
2109,'1476948',1226,,751,0,10 11,0
2109,'1476949',1301,,752,0,10 11,0
2109,'1476950',1336,,753,0,10 11,0
2109,'1476951',1411,,754,0,10 11,0
2109,'1476952',1446,,755,0,10 11,0
2109,'1476953',1521,,756,0,10 11,0
2109,'1476954',1556,,757,0,10 11,0
2109,'1476955',1631,,758,0,10 11,0
2109,'1476956',1706,,759,0,10 11,0
2109,'1476957',1741,,760,0,10 11,0
2109,'1476958',1821,,761,0,10 11,0
2109,'1476959',1856,,762,0,10 11,0
2109,'1476960',1931,,763,0,10 11,0
2109,'1477212',718,,791,0,10 11,0
2109,'1477213',828,,792,0,10 11,0
2109,'1477214',938,,793,0,10 11,0
2109,'1477215',1048,,794,0,10 11,0
2109,'1477216',1158,,795,0,10 11,0
2109,'1477217',1310,,796,0,10 11,0
2109,'1477218',1420,,797,0,10 11,0
2109,'1477225',1530,,804,0,10 11,0
2109,'1477226',1640,,805,0,10 11,0
2109,'1477227',1755,,806,0,10 11,0
2109,'1477228',1905,,807,0,10 11,0
2109,'1477229',2015,,808,0,10 11,0
2109,'1477230',2134,,809,0,10 11,0
2109,'1477245',2204,,824,0,10 11,0
2109,'1477246',643,,825,0,10 11,0
2109,'1477247',753,,826,0,10 11,0
2109,'1477248',903,,827,0,10 11,0
2109,'1477249',1013,,828,0,10 11,0
2109,'1477250',1123,,829,0,10 11,0
2109,'1477251',1235,,830,0,10 11,0
2109,'1477252',1345,,831,0,10 11,0
2109,'1477253',1455,,832,0,10 11,0
2109,'1477254',1606,,833,0,10 11,0
2109,'1477255',1715,,834,0,10 11,0
2109,'1477256',1832,,835,0,10 11,0
2109,'1477257',1944,,836,0,10 11,0
2109,'1477258',2054,,837,0,10 11,0
2109,'1477261',2234,,840,0,10 11,0
2109,'1477262',2304,,841,0,10 11,0
2109,'1477263',2334,,842,0,10 11,0
2109,'1478076',1931,,844,0,10 11,0
2109,'1478084',856,,852,0,10 11,0
2109,'1478085',1006,,853,0,10 11,0
2109,'1478086',1226,,854,0,10 11,0
2109,'1478087',1336,,855,0,10 11,0
2109,'1478088',1446,,856,0,10 11,0
2109,'1478089',1706,,857,0,10 11,0
2109,'1478090',1821,,858,0,10 11,0
2109,'1478099',821,,867,0,10 11,0
2109,'1478100',931,,868,0,10 11,0
2109,'1478101',1151,,869,0,10 11,0
2109,'1478102',1301,,870,0,10 11,0
2109,'1478103',1411,,871,0,10 11,0
2109,'1478104',1631,,872,0,10 11,0
2109,'1478105',1741,,873,0,10 11,0
2109,'1478106',1856,,874,0,10 11,0
2109,'1478109',1556,,877,0,10 11,0
2109,'1478110',1116,,878,0,10 11,0
2109,'1478112',1041,,880,0,10 11,0
2109,'1478115',1521,,883,0,10 11,0
