700,'100009',538,,1014,27,,,0,70,,1024,27,,,0,30,,1015,27,,,0,18,,1042,27,,,0,52,,1025,27,,,0,30,,1016,27,,,0,70,,1026,27,,,0,40,,1035,27,,,0,70,,1017,27,,,0,30,,1036,27,,,0,70,,1018,27,,,0,30,,1043,27,,,0,70,,1019,27,,,0,30,,1044,27,,,0,70,,1020,27,,,0,82,,1045,27,,,0,35,,1021,27,,,0,75,,1027,27,,,0,35,,1022,27,,,0,75,,1028,27,,,0,35,,1023,27,,,0,75,,1029,27,,,0,80,,1030,27,,,0,41,,1037,27,,,0,70,,1031,27,,,0,30,,1038,27,,,0,70,,1032,27,,,0,30,,1039,27,,,0,86,,1033,27,,,0,70,,1040,27,,,0,30,,1034,27,,,0,70,,1041,27,,,0,30,,1046,27,,,0,70,,1047,27,,,0
700,'100010',816,,1048,27,,,0,100,,1049,27,,,0,100,,1050,27,,,0,100,,1051,27,,,0,100,,1052,27,,,0,115,,1053,27,,,0,100,,1054,27,,,0,100,,1055,27,,,0,115,,1056,27,,,0,100,,1057,27,,,0,100,,1058,27,,,0
700,'100011',816,,2717,27,,,0,100,,2718,27,,,0,100,,2719,27,,,0,100,,2720,27,,,0,100,,2721,27,,,0,115,,2722,27,,,0,100,,2723,27,,,0,100,,2724,27,,,0,115,,2725,27,,,0,100,,2726,27,,,0,100,,2727,27,,,0,100,,2728,27,,,0
700,'100012',816,,2729,27,,,0,100,,2730,27,,,0,100,,2731,27,,,0,100,,2732,27,,,0,100,,2733,27,,,0,115,,2734,27,,,0,100,,2735,27,,,0,100,,2736,27,,,0,115,,2737,27,,,0,100,,2738,27,,,0,100,,2739,27,,,0
700,'100013',538,,2740,27,,,0,70,,2750,27,,,0,30,,2741,27,,,0,18,,2768,27,,,0,52,,2751,27,,,0,30,,2742,27,,,0,70,,2752,27,,,0,40,,2761,27,,,0,70,,2743,27,,,0,30,,2762,27,,,0,70,,2744,27,,,0,30,,2769,27,,,0,70,,2745,27,,,0,30,,2770,27,,,0,70,,2746,27,,,0,82,,2771,27,,,0,35,,2747,27,,,0,75,,2753,27,,,0,35,,2748,27,,,0,75,,2754,27,,,0,35,,2749,27,,,0,75,,2755,27,,,0,80,,2756,27,,,0,41,,2763,27,,,0,70,,2757,27,,,0,30,,2764,27,,,0,70,,2758,27,,,0,30,,2765,27,,,0,86,,2759,27,,,0,70,,2766,27,,,0,30,,2760,27,,,0,70,,2767,27,,,0,30,,2772,27,,,0,70,,2773,27,,,0
700,'100014',538,,2774,27,,,0,70,,2784,27,,,0,30,,2775,27,,,0,18,,2802,27,,,0,52,,2785,27,,,0,30,,2776,27,,,0,70,,2786,27,,,0,40,,2795,27,,,0,70,,2777,27,,,0,30,,2796,27,,,0,70,,2778,27,,,0,30,,2803,27,,,0,70,,2779,27,,,0,30,,2804,27,,,0,70,,2780,27,,,0,82,,2805,27,,,0,35,,2781,27,,,0,75,,2787,27,,,0,35,,2782,27,,,0,75,,2788,27,,,0,35,,2783,27,,,0,75,,2789,27,,,0,80,,2790,27,,,0,41,,2797,27,,,0,70,,2791,27,,,0,30,,2798,27,,,0,70,,2792,27,,,0,30,,2799,27,,,0,86,,2793,27,,,0,70,,2800,27,,,0,30,,2794,27,,,0,70,,2801,27,,,0,30,,2806,27,,,0,70,,2807,27,,,0
700,'100015',816,,2808,27,,,0,100,,2809,27,,,0,100,,2810,27,,,0,100,,2811,27,,,0,100,,2812,27,,,0,115,,2813,27,,,0,100,,2814,27,,,0,100,,2815,27,,,0,115,,2816,27,,,0,100,,2817,27,,,0,100,,2818,27,,,0
5100,'100009',744,,1361,11,0,7 8 9 10 11,0
5100,'100013',744,,3165,11,0,7 8 9 10 11,0
5101,'100009',1444,,1363,18,0,5 28,0,75,,1362,33,0,26 3 27,0
5101,'100013',1444,,3167,18,0,5 28,0,75,,3166,33,0,26 3 27,0
