2109,'1476941',828,,744,0,10 11,0
2109,'1476942',903,,745,0,10 11,0
2109,'1476943',938,,746,0,10 11,0
2109,'1476944',1013,,747,0,10 11,0
2109,'1476945',1048,,748,0,10 11,0
2109,'1476946',1123,,749,0,10 11,0
2109,'1476947',1158,,750,0,10 11,0
2109,'1476948',1233,,751,0,10 11,0
2109,'1476949',1308,,752,0,10 11,0
2109,'1476950',1343,,753,0,10 11,0
2109,'1476951',1418,,754,0,10 11,0
2109,'1476952',1453,,755,0,10 11,0
2109,'1476953',1528,,756,0,10 11,0
2109,'1476954',1603,,757,0,10 11,0
2109,'1476955',1638,,758,0,10 11,0
2109,'1476956',1713,,759,0,10 11,0
2109,'1476957',1748,,760,0,10 11,0
2109,'1476958',1828,,761,0,10 11,0
2109,'1476959',1903,,762,0,10 11,0
2109,'1476960',1938,,763,0,10 11,0
2109,'1477212',725,,791,0,10 11,0
2109,'1477213',835,,792,0,10 11,0
2109,'1477214',944,,793,0,10 11,0
2109,'1477215',1054,,794,0,10 11,0
2109,'1477216',1204,,795,0,10 11,0
2109,'1477217',1317,,796,0,10 11,0
2109,'1477218',1427,,797,0,10 11,0
2109,'1477225',1537,,804,0,10 11,0
2109,'1477226',1647,,805,0,10 11,0
2109,'1477227',1801,,806,0,10 11,0
2109,'1477228',1911,,807,0,10 11,0
2109,'1477229',2021,,808,0,10 11,0
2109,'1477230',2140,,809,0,10 11,0
2109,'1477245',2210,,824,0,10 11,0
2109,'1477246',650,,825,0,10 11,0
2109,'1477247',800,,826,0,10 11,0
2109,'1477248',910,,827,0,10 11,0
2109,'1477249',1019,,828,0,10 11,0
2109,'1477250',1129,,829,0,10 11,0
2109,'1477251',1242,,830,0,10 11,0
2109,'1477252',1352,,831,0,10 11,0
2109,'1477253',1502,,832,0,10 11,0
2109,'1477254',1613,,833,0,10 11,0
2109,'1477255',1722,,834,0,10 11,0
2109,'1477256',1838,,835,0,10 11,0
2109,'1477257',1950,,836,0,10 11,0
2109,'1477258',2100,,837,0,10 11,0
2109,'1477261',2240,,840,0,10 11,0
2109,'1477262',2310,,841,0,10 11,0
2109,'1477263',2340,,842,0,10 11,0
2109,'1478076',1938,,844,0,10 11,0
2109,'1478084',903,,852,0,10 11,0
2109,'1478085',1013,,853,0,10 11,0
2109,'1478086',1233,,854,0,10 11,0
2109,'1478087',1343,,855,0,10 11,0
2109,'1478088',1453,,856,0,10 11,0
2109,'1478089',1713,,857,0,10 11,0
2109,'1478090',1828,,858,0,10 11,0
2109,'1478099',828,,867,0,10 11,0
2109,'1478100',938,,868,0,10 11,0
2109,'1478101',1158,,869,0,10 11,0
2109,'1478102',1308,,870,0,10 11,0
2109,'1478103',1418,,871,0,10 11,0
2109,'1478104',1638,,872,0,10 11,0
2109,'1478105',1748,,873,0,10 11,0
2109,'1478106',1903,,874,0,10 11,0
2109,'1478109',1603,,877,0,10 11,0
2109,'1478110',1123,,878,0,10 11,0
2109,'1478112',1048,,880,0,10 11,0
2109,'1478115',1528,,883,0,10 11,0
