509,'1476884',808,,519,0,16 3 17,0
509,'1476885',908,,520,0,16 3 17,0
509,'1476886',1008,,521,0,16 3 17,0
509,'1476887',1108,,522,0,16 3 17,0
509,'1476888',1208,,523,0,16 3 17,0
509,'1476889',1323,,524,0,16 3 17,0
509,'1476890',1423,,525,0,16 3 17,0
509,'1476891',1523,,526,0,16 3 17,0
509,'1476892',1638,,527,0,16 3 17,0
509,'1476893',1738,,528,0,16 3 17,0
509,'1476894',1838,,529,0,16 3 17,0
509,'1477372',600,,530,0,16 3 17,0
509,'1477373',700,,531,0,16 3 17,0
509,'1477374',800,,532,0,16 3 17,0
509,'1477375',840,,533,0,16 3 17,0
509,'1477376',940,,534,0,16 3 17,0
509,'1477377',1040,,535,0,16 3 17,0
509,'1477378',1140,,536,0,16 3 17,0
509,'1477379',1250,,537,0,16 3 17,0
509,'1477380',1400,,538,0,16 3 17,0
509,'1477381',1510,,539,0,16 3 17,0
509,'1477382',1620,,540,0,16 3 17,0
509,'1477383',1700,,541,0,16 3 17,0
509,'1477384',1813,,542,0,16 3 17,0
509,'1477385',1913,,543,0,16 3 17,0
509,'1477386',2028,,544,0,16 3 17,0
509,'1477387',2128,,545,0,16 3 17,0
509,'1477388',630,,546,0,16 3 17,0
509,'1477389',730,,547,0,16 3 17,0
509,'1477390',1435,,548,0,16 3 17,0
509,'1477391',1545,,549,0,16 3 17,0
509,'1477392',1743,,550,0,16 3 17,0
509,'1477393',1843,,551,0,16 3 17,0
509,'1477394',1943,,552,0,16 3 17,0
509,'1477395',2058,,553,0,16 3 17,0
509,'1477396',2158,,554,0,16 3 17,0
509,'1477397',910,,555,0,16 3 17,0
509,'1477398',1325,,556,0,16 3 17,0
509,'1477399',1110,,557,0,16 3 17,0
509,'1477400',1010,,558,0,16 3 17,0
509,'1477401',1210,,559,0,16 3 17,0
509,'1477402',2228,,560,0,16 3 17,0
509,'1477403',2258,,561,0,16 3 17,0
509,'1477735',808,,562,0,16 3 17,0
509,'1477736',908,,563,0,16 3 17,0
509,'1477737',1008,,564,0,16 3 17,0
509,'1477738',1108,,565,0,16 3 17,0
509,'1477739',1208,,566,0,16 3 17,0
509,'1477740',1323,,567,0,16 3 17,0
509,'1477741',1423,,568,0,16 3 17,0
509,'1477742',1523,,569,0,16 3 17,0
509,'1477743',1638,,570,0,16 3 17,0
509,'1477744',1738,,571,0,16 3 17,0
509,'1477745',1838,,572,0,16 3 17,0
