200,'100011',718,,1902,12,,,0,30,,1901,12,,,0,70,,1880,12,,,0,30,,1879,12,,,0,70,,1881,12,,,0,30,,1882,12,,,0,70,,1883,12,,,0,30,,1884,12,,,0,70,,1885,12,,,0,30,,1886,12,,,0,85,,1887,12,,,0,70,,1888,12,,,0,30,,1889,12,,,0,70,,1890,12,,,0,30,,1891,12,,,0,70,,1892,12,,,0,30,,1893,12,,,0,85,,1894,12,,,0,30,,1895,12,,,0,70,,1896,12,,,0,30,,1897,12,,,0,70,,1898,12,,,0,30,,1899,12,,,0,70,,1900,12,,,0,30,,1903,12,,,0
200,'100012',718,,1927,12,,,0,30,,1926,12,,,0,70,,1905,12,,,0,30,,1904,12,,,0,70,,1906,12,,,0,30,,1907,12,,,0,70,,1908,12,,,0,30,,1909,12,,,0,70,,1910,12,,,0,30,,1911,12,,,0,85,,1912,12,,,0,70,,1913,12,,,0,30,,1914,12,,,0,70,,1915,12,,,0,30,,1916,12,,,0,70,,1917,12,,,0,30,,1918,12,,,0,85,,1919,12,,,0,30,,1920,12,,,0,70,,1921,12,,,0,30,,1922,12,,,0,70,,1923,12,,,0,30,,1924,12,,,0,70,,1925,12,,,0
200,'100013',540,,1928,12,,,0,70,,1937,12,,,0,30,,1929,12,,,0,70,,1938,12,,,0,30,,1930,12,,,0,70,,1939,12,,,0,40,,1931,12,,,0,70,,1940,12,,,0,30,,1932,12,,,0,70,,1941,12,,,0,30,,1933,12,,,0,70,,1942,12,,,0,30,,1934,12,,,0,70,,1943,12,,,0,83,,1935,12,,,0,35,,1944,12,,,0,75,,1936,12,,,0,35,,1945,12,,,0,75,,1953,12,,,0,35,,1946,12,,,0,75,,1954,12,,,0,80,,1947,12,,,0,40,,1948,12,,,0,70,,1955,12,,,0,30,,1949,12,,,0,70,,1956,12,,,0,30,,1950,12,,,0,85,,1957,12,,,0,70,,1951,12,,,0,30,,1958,12,,,0,70,,1952,12,,,0,30,,1959,12,,,0,70,,1960,12,,,0
200,'100014',540,,1961,12,,,0,70,,1970,12,,,0,30,,1962,12,,,0,70,,1971,12,,,0,30,,1963,12,,,0,70,,1972,12,,,0,40,,1964,12,,,0,70,,1973,12,,,0,30,,1965,12,,,0,70,,1974,12,,,0,30,,1966,12,,,0,70,,1975,12,,,0,30,,1967,12,,,0,70,,1976,12,,,0,83,,1968,12,,,0,35,,1977,12,,,0,75,,1969,12,,,0,35,,1978,12,,,0,75,,1986,12,,,0,35,,1979,12,,,0,75,,1987,12,,,0,80,,1980,12,,,0,40,,1981,12,,,0,70,,1988,12,,,0,30,,1982,12,,,0,70,,1989,12,,,0,30,,1983,12,,,0,85,,1990,12,,,0,70,,1984,12,,,0,30,,1991,12,,,0,70,,1985,12,,,0,30,,1992,12,,,0,70,,1993,12,,,0
200,'100015',718,,2017,12,,,0,30,,1994,12,,,0,70,,1995,12,,,0,30,,1996,12,,,0,70,,1997,12,,,0,30,,1998,12,,,0,70,,1999,12,,,0,30,,2000,12,,,0,70,,2001,12,,,0,30,,2002,12,,,0,85,,2003,12,,,0,70,,2004,12,,,0,30,,2005,12,,,0,70,,2006,12,,,0,30,,2007,12,,,0,70,,2008,12,,,0,30,,2009,12,,,0,85,,2010,12,,,0,30,,2012,12,,,0,70,,2013,12,,,0,30,,2014,12,,,0,70,,2015,12,,,0,30,,2016,12,,,0,70,,2011,12,,,0
201,'100009',540,,413,31,0,5 6,0,70,,422,31,0,5 6,0,30,,414,31,0,5 6,0,70,,423,31,0,5 6,0,30,,415,31,0,5 6,0,70,,424,31,0,5 6,0,40,,416,31,0,5 6,0,70,,425,31,0,5 6,0,30,,417,31,0,5 6,0,70,,426,31,0,5 6,0,30,,418,31,0,5 6,0,70,,427,31,0,5 6,0,30,,419,31,0,5 6,0,70,,428,31,0,5 6,0,83,,420,31,0,5 6,0,35,,429,31,0,5 6,0,75,,421,31,0,5 6,0,35,,430,31,0,5 6,0,75,,438,31,0,5 6,0,35,,431,31,0,5 6,0,75,,439,31,0,5 6,0,80,,432,31,0,5 6,0,40,,433,31,0,5 6,0,70,,440,31,0,5 6,0,30,,434,31,0,5 6,0,70,,441,31,0,5 6,0,30,,435,31,0,5 6,0,85,,442,31,0,5 6,0,70,,436,31,0,5 6,0,30,,443,31,0,5 6,0,70,,437,31,0,5 6,0,30,,444,31,0,5 6,0,70,,445,31,0,5 6,0,30,,446,31,0,5 6,0
201,'100010',718,,470,31,0,5 6,0,30,,469,31,0,5 6,0,70,,448,31,0,5 6,0,30,,447,31,0,5 6,0,70,,449,31,0,5 6,0,30,,450,31,0,5 6,0,70,,451,31,0,5 6,0,30,,452,31,0,5 6,0,70,,453,31,0,5 6,0,30,,454,31,0,5 6,0,70,,455,31,0,5 6,0,85,,456,31,0,5 6,0,30,,457,31,0,5 6,0,70,,458,31,0,5 6,0,30,,459,31,0,5 6,0,70,,460,31,0,5 6,0,30,,461,31,0,5 6,0,70,,462,31,0,5 6,0,45,,463,31,0,5 6,0,70,,464,31,0,5 6,0,30,,465,31,0,5 6,0,70,,466,31,0,5 6,0,30,,467,31,0,5 6,0,70,,468,31,0,5 6,0
5301,'100009',1558,,1369,44,,,0
5301,'100013',1558,,3173,44,,,0
1005300,'100009',803,,1513,23,,,0
1005300,'100013',803,,3301,23,,,0
1005300,'100014',803,,3302,23,,,0
