200,'100011',718,,1902,11,,,0,30,,1901,11,,,0,70,,1880,11,,,0,30,,1879,11,,,0,70,,1881,11,,,0,30,,1882,11,,,0,70,,1883,11,,,0,30,,1884,11,,,0,70,,1885,11,,,0,30,,1886,11,,,0,85,,1887,11,,,0,70,,1888,11,,,0,30,,1889,11,,,0,70,,1890,11,,,0,30,,1891,11,,,0,70,,1892,11,,,0,30,,1893,11,,,0,85,,1894,11,,,0,30,,1895,11,,,0,70,,1896,11,,,0,30,,1897,11,,,0,70,,1898,11,,,0,30,,1899,11,,,0,70,,1900,11,,,0,30,,1903,11,,,0
200,'100012',718,,1927,11,,,0,30,,1926,11,,,0,70,,1905,11,,,0,30,,1904,11,,,0,70,,1906,11,,,0,30,,1907,11,,,0,70,,1908,11,,,0,30,,1909,11,,,0,70,,1910,11,,,0,30,,1911,11,,,0,85,,1912,11,,,0,70,,1913,11,,,0,30,,1914,11,,,0,70,,1915,11,,,0,30,,1916,11,,,0,70,,1917,11,,,0,30,,1918,11,,,0,85,,1919,11,,,0,30,,1920,11,,,0,70,,1921,11,,,0,30,,1922,11,,,0,70,,1923,11,,,0,30,,1924,11,,,0,70,,1925,11,,,0
200,'100013',540,,1928,11,,,0,70,,1937,11,,,0,30,,1929,11,,,0,70,,1938,11,,,0,30,,1930,11,,,0,70,,1939,11,,,0,40,,1931,11,,,0,70,,1940,11,,,0,30,,1932,11,,,0,70,,1941,11,,,0,30,,1933,11,,,0,70,,1942,11,,,0,30,,1934,11,,,0,70,,1943,11,,,0,82,,1935,11,,,0,35,,1944,11,,,0,75,,1936,11,,,0,35,,1945,11,,,0,75,,1953,11,,,0,35,,1946,11,,,0,75,,1954,11,,,0,80,,1947,11,,,0,41,,1948,11,,,0,70,,1955,11,,,0,30,,1949,11,,,0,70,,1956,11,,,0,30,,1950,11,,,0,85,,1957,11,,,0,70,,1951,11,,,0,30,,1958,11,,,0,70,,1952,11,,,0,30,,1959,11,,,0,70,,1960,11,,,0
200,'100014',540,,1961,11,,,0,70,,1970,11,,,0,30,,1962,11,,,0,70,,1971,11,,,0,30,,1963,11,,,0,70,,1972,11,,,0,40,,1964,11,,,0,70,,1973,11,,,0,30,,1965,11,,,0,70,,1974,11,,,0,30,,1966,11,,,0,70,,1975,11,,,0,30,,1967,11,,,0,70,,1976,11,,,0,82,,1968,11,,,0,35,,1977,11,,,0,75,,1969,11,,,0,35,,1978,11,,,0,75,,1986,11,,,0,35,,1979,11,,,0,75,,1987,11,,,0,80,,1980,11,,,0,41,,1981,11,,,0,70,,1988,11,,,0,30,,1982,11,,,0,70,,1989,11,,,0,30,,1983,11,,,0,85,,1990,11,,,0,70,,1984,11,,,0,30,,1991,11,,,0,70,,1985,11,,,0,30,,1992,11,,,0,70,,1993,11,,,0
200,'100015',718,,2017,11,,,0,30,,1994,11,,,0,70,,1995,11,,,0,30,,1996,11,,,0,70,,1997,11,,,0,30,,1998,11,,,0,70,,1999,11,,,0,30,,2000,11,,,0,70,,2001,11,,,0,30,,2002,11,,,0,85,,2003,11,,,0,70,,2004,11,,,0,30,,2005,11,,,0,70,,2006,11,,,0,30,,2007,11,,,0,70,,2008,11,,,0,30,,2009,11,,,0,85,,2010,11,,,0,30,,2012,11,,,0,70,,2013,11,,,0,30,,2014,11,,,0,70,,2015,11,,,0,30,,2016,11,,,0,70,,2011,11,,,0
201,'100009',540,,413,30,0,5 6,0,70,,422,30,0,5 6,0,30,,414,30,0,5 6,0,70,,423,30,0,5 6,0,30,,415,30,0,5 6,0,70,,424,30,0,5 6,0,40,,416,30,0,5 6,0,70,,425,30,0,5 6,0,30,,417,30,0,5 6,0,70,,426,30,0,5 6,0,30,,418,30,0,5 6,0,70,,427,30,0,5 6,0,30,,419,30,0,5 6,0,70,,428,30,0,5 6,0,82,,420,30,0,5 6,0,35,,429,30,0,5 6,0,75,,421,30,0,5 6,0,35,,430,30,0,5 6,0,75,,438,30,0,5 6,0,35,,431,30,0,5 6,0,75,,439,30,0,5 6,0,80,,432,30,0,5 6,0,41,,433,30,0,5 6,0,70,,440,30,0,5 6,0,30,,434,30,0,5 6,0,70,,441,30,0,5 6,0,30,,435,30,0,5 6,0,85,,442,30,0,5 6,0,70,,436,30,0,5 6,0,30,,443,30,0,5 6,0,70,,437,30,0,5 6,0,30,,444,30,0,5 6,0,70,,445,30,0,5 6,0,30,,446,30,0,5 6,0
201,'100010',718,,470,30,0,5 6,0,30,,469,30,0,5 6,0,70,,448,30,0,5 6,0,30,,447,30,0,5 6,0,70,,449,30,0,5 6,0,30,,450,30,0,5 6,0,70,,451,30,0,5 6,0,30,,452,30,0,5 6,0,70,,453,30,0,5 6,0,30,,454,30,0,5 6,0,70,,455,30,0,5 6,0,85,,456,30,0,5 6,0,30,,457,30,0,5 6,0,70,,458,30,0,5 6,0,30,,459,30,0,5 6,0,70,,460,30,0,5 6,0,30,,461,30,0,5 6,0,70,,462,30,0,5 6,0,45,,463,30,0,5 6,0,70,,464,30,0,5 6,0,30,,465,30,0,5 6,0,70,,466,30,0,5 6,0,30,,467,30,0,5 6,0,70,,468,30,0,5 6,0
5101,'100009',1459,,1362,5,0,7 8 9 10 11,0
5101,'100013',1459,,3166,5,0,7 8 9 10 11,0
1005300,'100009',803,,1513,22,,,0
1005300,'100013',803,,3301,22,,,0
1005300,'100014',803,,3302,22,,,0
