2100,'100009',805,,2928,1,,,0,35,,2921,1,,,0,75,,2929,1,,,0,35,,2922,1,,,0,75,,2938,1,,,0,75,,2937,1,,,0,35,,2930,1,,,0,75,,2923,1,,,0,35,,2931,1,,,0,75,,2924,1,,,0,35,,2932,1,,,0,75,,2925,1,,,0,75,,2939,1,,,0,35,,2936,1,,,0,75,,2933,1,,,0,35,,2926,1,,,0,75,,2934,1,,,0,80,,2927,1,,,0,35,,2935,1,,,0,75,,2920,1,,,0,110,,2940,1,,,0
2100,'100010',805,,2949,1,,,0,35,,2942,1,,,0,75,,2950,1,,,0,35,,2943,1,,,0,75,,2959,1,,,0,75,,2958,1,,,0,35,,2951,1,,,0,75,,2944,1,,,0,35,,2952,1,,,0,75,,2945,1,,,0,35,,2953,1,,,0,75,,2946,1,,,0,75,,2960,1,,,0,35,,2957,1,,,0,75,,2954,1,,,0,35,,2947,1,,,0,75,,2955,1,,,0,80,,2948,1,,,0,35,,2956,1,,,0,75,,2941,1,,,0
2100,'100011',627,,2975,1,,,0,75,,2961,1,,,0,35,,2976,1,,,0,75,,2962,1,,,0,35,,2977,1,,,0,75,,2963,1,,,0,35,,2978,1,,,0,75,,2964,1,,,0,75,,2979,1,,,0,35,,2965,1,,,0,75,,2980,1,,,0,35,,2966,1,,,0,75,,2981,1,,,0,75,,2967,1,,,0,35,,2982,1,,,0,75,,2968,1,,,0,36,,2983,1,,,0,74,,2969,1,,,0,35,,2984,1,,,0,80,,2970,1,,,0,77,,2985,1,,,0,33,,2971,1,,,0,79,,2986,1,,,0,31,,2972,1,,,0,79,,2987,1,,,0,83,,2973,1,,,0,30,,2974,1,,,0,70,,2988,1,,,0,30,,2989,1,,,0,70,,2990,1,,,0
2100,'100012',627,,3005,1,,,0,75,,2991,1,,,0,35,,3006,1,,,0,75,,2992,1,,,0,35,,3007,1,,,0,75,,2993,1,,,0,35,,3008,1,,,0,75,,2994,1,,,0,75,,3009,1,,,0,35,,2995,1,,,0,75,,3010,1,,,0,35,,2996,1,,,0,75,,3011,1,,,0,75,,2997,1,,,0,35,,3012,1,,,0,75,,2998,1,,,0,36,,3013,1,,,0,74,,2999,1,,,0,35,,3014,1,,,0,80,,3000,1,,,0,77,,3015,1,,,0,33,,3001,1,,,0,79,,3016,1,,,0,31,,3002,1,,,0,79,,3017,1,,,0,83,,3003,1,,,0,30,,3004,1,,,0,70,,3018,1,,,0,30,,3019,1,,,0,70,,3020,1,,,0
2100,'100013',805,,3021,1,,,0,35,,3022,1,,,0,75,,3023,1,,,0,35,,3024,1,,,0,75,,3025,1,,,0,75,,3026,1,,,0,35,,3027,1,,,0,75,,3028,1,,,0,35,,3029,1,,,0,75,,3030,1,,,0,35,,3031,1,,,0,75,,3032,1,,,0,75,,3033,1,,,0,35,,3034,1,,,0,75,,3035,1,,,0,35,,3036,1,,,0,75,,3037,1,,,0,80,,3038,1,,,0,35,,3039,1,,,0,75,,3040,1,,,0
2101,'100009',800,,3048,19,4,,0,35,,3041,19,4,,0,75,,3049,19,4,,0,35,,3042,19,4,,0,75,,3059,19,4,,0,35,,3057,19,4,,0,75,,3050,19,4,,0,76,,3043,19,4,,0,34,,3051,19,4,,0,75,,3044,19,4,,0,35,,3052,19,4,,0,75,,3045,19,4,,0,75,,3053,19,4,,0,35,,3046,19,4,,0,75,,3060,19,4,,0,35,,3056,19,4,,0,75,,3054,19,4,,0,80,,3047,19,4,,0,35,,3055,19,4,,0,75,,3058,19,4,,0,110,,3061,19,4,,0
2101,'100010',800,,3069,19,4,,0,35,,3062,19,4,,0,75,,3070,19,4,,0,35,,3063,19,4,,0,75,,3080,19,4,,0,35,,3078,19,4,,0,75,,3071,19,4,,0,76,,3064,19,4,,0,34,,3072,19,4,,0,75,,3065,19,4,,0,35,,3073,19,4,,0,75,,3066,19,4,,0,75,,3074,19,4,,0,35,,3067,19,4,,0,75,,3081,19,4,,0,35,,3077,19,4,,0,75,,3075,19,4,,0,80,,3068,19,4,,0,35,,3076,19,4,,0,75,,3079,19,4,,0
2101,'100011',622,,3095,19,4,,0,33,,3082,19,4,,0,77,,3096,19,4,,0,75,,3083,19,4,,0,34,,3097,19,4,,0,76,,3084,19,4,,0,35,,3098,19,4,,0,75,,3085,19,4,,0,75,,3099,19,4,,0,35,,3086,19,4,,0,75,,3100,19,4,,0,35,,3087,19,4,,0,75,,3101,19,4,,0,35,,3088,19,4,,0,75,,3102,19,4,,0,75,,3089,19,4,,0,35,,3103,19,4,,0,75,,3090,19,4,,0,35,,3104,19,4,,0,80,,3091,19,4,,0,75,,3105,19,4,,0,35,,3092,19,4,,0,77,,3106,19,4,,0,33,,3093,19,4,,0,79,,3107,19,4,,0,84,,3094,19,4,,0,30,,3108,19,4,,0,70,,3111,19,4,,0,30,,3110,19,4,,0,70,,3109,19,4,,0
2101,'100012',622,,3125,19,4,,0,33,,3112,19,4,,0,77,,3126,19,4,,0,75,,3113,19,4,,0,34,,3127,19,4,,0,76,,3114,19,4,,0,35,,3128,19,4,,0,75,,3115,19,4,,0,75,,3129,19,4,,0,35,,3116,19,4,,0,75,,3130,19,4,,0,35,,3117,19,4,,0,75,,3131,19,4,,0,35,,3118,19,4,,0,75,,3132,19,4,,0,75,,3119,19,4,,0,35,,3133,19,4,,0,75,,3120,19,4,,0,35,,3134,19,4,,0,80,,3121,19,4,,0,75,,3135,19,4,,0,35,,3122,19,4,,0,77,,3136,19,4,,0,33,,3123,19,4,,0,79,,3137,19,4,,0,84,,3124,19,4,,0,30,,3138,19,4,,0,70,,3141,19,4,,0,30,,3140,19,4,,0,70,,3139,19,4,,0
2101,'100013',800,,3142,19,4,,0,35,,3143,19,4,,0,75,,3144,19,4,,0,35,,3145,19,4,,0,75,,3146,19,4,,0,35,,3147,19,4,,0,75,,3148,19,4,,0,75,,3149,19,4,,0,35,,3150,19,4,,0,75,,3151,19,4,,0,35,,3152,19,4,,0,75,,3153,19,4,,0,75,,3154,19,4,,0,35,,3155,19,4,,0,75,,3156,19,4,,0,35,,3157,19,4,,0,75,,3158,19,4,,0,80,,3159,19,4,,0,35,,3160,19,4,,0,75,,3161,19,4,,0
