1000909,'1476779',530,,898,,,0
1000909,'1476780',600,,899,,,0
1000909,'1476781',630,,900,,,0
1000909,'1476782',700,,901,,,0
1000909,'1476783',730,,902,,,0
1000909,'1476784',800,,903,,,0
1000909,'1476785',822,,904,,,0
1000909,'1476786',850,,905,,,0
1000909,'1476787',925,,906,,,0
1000909,'1476788',945,,907,,,0
1000909,'1476789',1015,,908,,,0
1000909,'1476790',1045,,909,,,0
1000909,'1476791',1115,,910,,,0
1000909,'1476792',1145,,911,,,0
1000909,'1476793',1215,,912,,,0
1000909,'1476794',1245,,913,,,0
1000909,'1476795',1315,,914,,,0
1000909,'1476796',1345,,915,,,0
1000909,'1476797',1417,,916,,,0
1000909,'1476798',1447,,917,,,0
1000909,'1476799',1517,,918,,,0
1000909,'1476800',1545,,919,,,0
1000909,'1476801',1617,,920,,,0
1000909,'1476802',1647,,921,,,0
1000909,'1476803',1705,,922,,,0
1000909,'1476804',1750,,923,,,0
1000909,'1476805',1820,,924,,,0
1000909,'1476806',1850,,925,,,0
1000909,'1476807',1920,,926,,,0
1000909,'1476808',1949,,927,,,0
1000909,'1476809',2032,,928,,,0
1000909,'1476810',2117,,929,,,0
1000909,'1476811',2152,,930,,,0
1000909,'1476812',2302,,931,,,0
1000909,'1476813',2227,,932,,,0
1000909,'1476831',744,,933,,,0
1000909,'1476832',824,,934,,,0
1000909,'1476833',904,,935,,,0
1000909,'1476834',944,,936,,,0
1000909,'1476835',1024,,937,,,0
1000909,'1476836',1104,,938,,,0
1000909,'1476837',1144,,939,,,0
1000909,'1476838',1229,,940,,,0
1000909,'1476839',1309,,941,,,0
1000909,'1476840',1350,,942,,,0
1000909,'1476841',1430,,943,,,0
1000909,'1476842',1510,,944,,,0
1000909,'1476843',1550,,945,,,0
1000909,'1476844',1630,,946,,,0
1000909,'1476845',1715,,947,,,0
1000909,'1476846',1755,,948,,,0
1000909,'1476847',1835,,949,,,0
1000909,'1476848',1915,,950,,,0
1000909,'1477594',744,,951,,,0
1000909,'1477595',824,,952,,,0
1000909,'1477596',904,,953,,,0
1000909,'1477597',944,,954,,,0
1000909,'1477598',1024,,955,,,0
1000909,'1477599',1104,,956,,,0
1000909,'1477600',1144,,957,,,0
1000909,'1477601',1229,,958,,,0
1000909,'1477602',1309,,959,,,0
1000909,'1477603',1350,,960,,,0
1000909,'1477604',1430,,961,,,0
1000909,'1477605',1510,,962,,,0
1000909,'1477606',1550,,963,,,0
1000909,'1477607',1630,,964,,,0
1000909,'1477608',1715,,965,,,0
1000909,'1477609',1755,,966,,,0
1000909,'1477610',1835,,967,,,0
1000909,'1477611',1915,,968,,,0
1000909,'1478041',1920,,969,,,0
1000909,'1478042',2302,,970,,,0
1000909,'1478043',1949,,971,,,0
1000909,'1478044',1750,,972,,,0
1000909,'1478045',1820,,973,,,0
1000909,'1478046',2152,,974,,,0
1000909,'1478047',2117,,975,,,0
1000909,'1478048',1850,,976,,,0
1000909,'1478049',2032,,977,,,0
1000909,'1478050',2227,,978,,,0
1000909,'1478051',530,,979,,,0
1000909,'1478052',600,,980,,,0
1000909,'1478053',630,,981,,,0
1000909,'1478054',700,,982,,,0
1000909,'1478055',730,,983,,,0
1000909,'1478056',800,,984,,,0
1000909,'1478057',822,,985,,,0
1000909,'1478058',850,,986,,,0
1000909,'1478059',925,,987,,,0
1000909,'1478060',945,,988,,,0
1000909,'1478061',1015,,989,,,0
1000909,'1478062',1045,,990,,,0
1000909,'1478063',1115,,991,,,0
1000909,'1478064',1145,,992,,,0
1000909,'1478065',1215,,993,,,0
1000909,'1478066',1245,,994,,,0
1000909,'1478067',1315,,995,,,0
1000909,'1478068',1345,,996,,,0
1000909,'1478069',1417,,997,,,0
1000909,'1478070',1447,,998,,,0
1000909,'1478071',1517,,999,,,0
1000909,'1478072',1545,,1000,,,0
1000909,'1478073',1617,,1001,,,0
1000909,'1478074',1647,,1002,,,0
1000909,'1478075',1705,,1003,,,0
