200,'100009',555,,300,6,0,29 30,0,70,,309,6,0,29 30,0,30,,301,6,0,29 30,0,70,,310,6,0,29 30,0,30,,302,6,0,29 30,0,80,,311,6,0,29 30,0,70,,303,6,0,29 30,0,30,,312,6,0,29 30,0,70,,304,6,0,29 30,0,30,,313,6,0,29 30,0,70,,305,6,0,29 30,0,30,,314,6,0,29 30,0,70,,306,6,0,29 30,0,39,,315,6,0,29 30,0,75,,307,6,0,29 30,0,35,,316,6,0,29 30,0,75,,324,6,0,29 30,0,75,,317,6,0,29 30,0,35,,325,6,0,29 30,0,75,,318,6,0,29 30,0,40,,319,6,0,29 30,0,85,,326,6,0,29 30,0,70,,320,6,0,29 30,0,30,,327,6,0,29 30,0,70,,321,6,0,29 30,0,30,,328,6,0,29 30,0,85,,322,6,0,29 30,0,30,,329,6,0,29 30,0,70,,323,6,0,29 30,0,30,,330,6,0,29 30,0,70,,331,6,0,29 30,0,30,,332,6,0,29 30,0
200,'100010',733,,338,6,0,29 30,0,70,,342,6,0,29 30,0,30,,339,6,0,29 30,0,70,,352,6,0,29 30,0,30,,341,6,0,29 30,0,70,,340,6,0,29 30,0,30,,343,6,0,29 30,0,70,,344,6,0,29 30,0,30,,333,6,0,29 30,0,70,,346,6,0,29 30,0,45,,347,6,0,29 30,0,70,,348,6,0,29 30,0,30,,349,6,0,29 30,0,70,,350,6,0,29 30,0,30,,351,6,0,29 30,0,70,,355,6,0,29 30,0,30,,353,6,0,29 30,0,85,,354,6,0,29 30,0,70,,334,6,0,29 30,0,30,,337,6,0,29 30,0,70,,336,6,0,29 30,0,30,,335,6,0,29 30,0,70,,345,6,0,29 30,0
200,'100011',733,,1902,30,0,29 30,0,70,,1901,30,0,29 30,0,30,,1880,30,0,29 30,0,70,,1879,30,0,29 30,0,30,,1881,30,0,29 30,0,70,,1882,30,0,29 30,0,30,,1883,30,0,29 30,0,70,,1884,30,0,29 30,0,30,,1885,30,0,29 30,0,70,,1886,30,0,29 30,0,45,,1887,30,0,29 30,0,70,,1888,30,0,29 30,0,30,,1889,30,0,29 30,0,70,,1890,30,0,29 30,0,30,,1891,30,0,29 30,0,70,,1892,30,0,29 30,0,30,,1893,30,0,29 30,0,85,,1894,30,0,29 30,0,70,,1895,30,0,29 30,0,30,,1896,30,0,29 30,0,70,,1897,30,0,29 30,0,30,,1898,30,0,29 30,0,70,,1899,30,0,29 30,0,30,,1900,30,0,29 30,0,70,,1903,30,0,29 30,0
200,'100012',733,,1927,30,0,29 30,0,70,,1926,30,0,29 30,0,30,,1905,30,0,29 30,0,70,,1904,30,0,29 30,0,30,,1906,30,0,29 30,0,70,,1907,30,0,29 30,0,30,,1908,30,0,29 30,0,70,,1909,30,0,29 30,0,30,,1910,30,0,29 30,0,70,,1911,30,0,29 30,0,45,,1912,30,0,29 30,0,70,,1913,30,0,29 30,0,30,,1914,30,0,29 30,0,70,,1915,30,0,29 30,0,30,,1916,30,0,29 30,0,70,,1917,30,0,29 30,0,30,,1918,30,0,29 30,0,85,,1919,30,0,29 30,0,70,,1920,30,0,29 30,0,30,,1921,30,0,29 30,0,70,,1922,30,0,29 30,0,30,,1923,30,0,29 30,0,70,,1924,30,0,29 30,0,30,,1925,30,0,29 30,0
200,'100013',555,,1928,30,0,29 30,0,70,,1937,30,0,29 30,0,30,,1929,30,0,29 30,0,70,,1938,30,0,29 30,0,30,,1930,30,0,29 30,0,80,,1939,30,0,29 30,0,70,,1931,30,0,29 30,0,30,,1940,30,0,29 30,0,70,,1932,30,0,29 30,0,30,,1941,30,0,29 30,0,70,,1933,30,0,29 30,0,30,,1942,30,0,29 30,0,70,,1934,30,0,29 30,0,30,,1943,30,0,29 30,0,84,,1935,30,0,29 30,0,35,,1944,30,0,29 30,0,75,,1936,30,0,29 30,0,75,,1945,30,0,29 30,0,35,,1953,30,0,29 30,0,75,,1946,30,0,29 30,0,35,,1954,30,0,29 30,0,89,,1947,30,0,29 30,0,71,,1948,30,0,29 30,0,30,,1955,30,0,29 30,0,70,,1949,30,0,29 30,0,30,,1956,30,0,29 30,0,85,,1950,30,0,29 30,0,30,,1957,30,0,29 30,0,70,,1951,30,0,29 30,0,30,,1958,30,0,29 30,0,70,,1952,30,0,29 30,0,30,,1959,30,0,29 30,0,70,,1960,30,0,29 30,0
200,'100014',555,,1961,30,0,29 30,0,70,,1970,30,0,29 30,0,30,,1962,30,0,29 30,0,70,,1971,30,0,29 30,0,30,,1963,30,0,29 30,0,80,,1972,30,0,29 30,0,70,,1964,30,0,29 30,0,30,,1973,30,0,29 30,0,70,,1965,30,0,29 30,0,30,,1974,30,0,29 30,0,70,,1966,30,0,29 30,0,30,,1975,30,0,29 30,0,70,,1967,30,0,29 30,0,30,,1976,30,0,29 30,0,84,,1968,30,0,29 30,0,35,,1977,30,0,29 30,0,75,,1969,30,0,29 30,0,75,,1978,30,0,29 30,0,35,,1986,30,0,29 30,0,75,,1979,30,0,29 30,0,35,,1987,30,0,29 30,0,89,,1980,30,0,29 30,0,71,,1981,30,0,29 30,0,30,,1988,30,0,29 30,0,70,,1982,30,0,29 30,0,30,,1989,30,0,29 30,0,85,,1983,30,0,29 30,0,30,,1990,30,0,29 30,0,70,,1984,30,0,29 30,0,30,,1991,30,0,29 30,0,70,,1985,30,0,29 30,0,30,,1992,30,0,29 30,0,70,,1993,30,0,29 30,0
200,'100015',733,,2017,30,0,29 30,0,70,,1994,30,0,29 30,0,30,,1995,30,0,29 30,0,70,,1996,30,0,29 30,0,30,,1997,30,0,29 30,0,70,,1998,30,0,29 30,0,30,,1999,30,0,29 30,0,70,,2000,30,0,29 30,0,30,,2001,30,0,29 30,0,70,,2002,30,0,29 30,0,45,,2003,30,0,29 30,0,70,,2004,30,0,29 30,0,30,,2005,30,0,29 30,0,70,,2006,30,0,29 30,0,30,,2007,30,0,29 30,0,70,,2008,30,0,29 30,0,30,,2009,30,0,29 30,0,85,,2010,30,0,29 30,0,70,,2012,30,0,29 30,0,30,,2013,30,0,29 30,0,70,,2014,30,0,29 30,0,30,,2015,30,0,29 30,0,70,,2016,30,0,29 30,0,30,,2011,30,0,29 30,0
2101,'100009',556,,1301,6,,,0,73,,1288,6,,,0,77,,1302,6,,,0,35,,1289,6,,,0,74,,1303,6,,,0,36,,1290,6,,,0,75,,1304,6,,,0,75,,1291,6,,,0,35,,1305,6,,,0,75,,1292,6,,,0,35,,1306,6,,,0,75,,1293,6,,,0,35,,1307,6,,,0,75,,1294,6,,,0,75,,1308,6,,,0,35,,1295,6,,,0,75,,1309,6,,,0,35,,1296,6,,,0,75,,1310,6,,,0,80,,1297,6,,,0,35,,1311,6,,,0,75,,1298,6,,,0,37,,1312,6,,,0,73,,1299,6,,,0,79,,1313,6,,,0,48,,1300,6,,,0,70,,1314,6,,,0,30,,1317,6,,,0,70,,1316,6,,,0,30,,1315,6,,,0
2101,'100010',734,,1325,6,,,0,75,,1318,6,,,0,35,,1326,6,,,0,75,,1319,6,,,0,35,,1336,6,,,0,75,,1334,6,,,0,75,,1327,6,,,0,36,,1320,6,,,0,74,,1328,6,,,0,35,,1321,6,,,0,75,,1329,6,,,0,35,,1322,6,,,0,75,,1330,6,,,0,75,,1323,6,,,0,35,,1337,6,,,0,75,,1333,6,,,0,35,,1331,6,,,0,80,,1324,6,,,0,75,,1332,6,,,0,35,,1335,6,,,0
2101,'100011',734,,3048,6,,,0,75,,3041,6,,,0,35,,3049,6,,,0,75,,3042,6,,,0,35,,3059,6,,,0,75,,3057,6,,,0,75,,3050,6,,,0,36,,3043,6,,,0,74,,3051,6,,,0,35,,3044,6,,,0,75,,3052,6,,,0,35,,3045,6,,,0,75,,3053,6,,,0,75,,3046,6,,,0,35,,3060,6,,,0,75,,3056,6,,,0,35,,3054,6,,,0,80,,3047,6,,,0,75,,3055,6,,,0,35,,3058,6,,,0,110,,3061,6,,,0
2101,'100012',734,,3069,6,,,0,75,,3062,6,,,0,35,,3070,6,,,0,75,,3063,6,,,0,35,,3080,6,,,0,75,,3078,6,,,0,75,,3071,6,,,0,36,,3064,6,,,0,74,,3072,6,,,0,35,,3065,6,,,0,75,,3073,6,,,0,35,,3066,6,,,0,75,,3074,6,,,0,75,,3067,6,,,0,35,,3081,6,,,0,75,,3077,6,,,0,35,,3075,6,,,0,80,,3068,6,,,0,75,,3076,6,,,0,35,,3079,6,,,0
2101,'100013',556,,3095,6,,,0,73,,3082,6,,,0,77,,3096,6,,,0,35,,3083,6,,,0,74,,3097,6,,,0,36,,3084,6,,,0,75,,3098,6,,,0,75,,3085,6,,,0,35,,3099,6,,,0,75,,3086,6,,,0,35,,3100,6,,,0,75,,3087,6,,,0,35,,3101,6,,,0,75,,3088,6,,,0,75,,3102,6,,,0,35,,3089,6,,,0,75,,3103,6,,,0,35,,3090,6,,,0,75,,3104,6,,,0,80,,3091,6,,,0,35,,3105,6,,,0,75,,3092,6,,,0,37,,3106,6,,,0,73,,3093,6,,,0,79,,3107,6,,,0,48,,3094,6,,,0,70,,3108,6,,,0,30,,3111,6,,,0,70,,3110,6,,,0,30,,3109,6,,,0
2101,'100014',556,,3125,6,,,0,73,,3112,6,,,0,77,,3126,6,,,0,35,,3113,6,,,0,74,,3127,6,,,0,36,,3114,6,,,0,75,,3128,6,,,0,75,,3115,6,,,0,35,,3129,6,,,0,75,,3116,6,,,0,35,,3130,6,,,0,75,,3117,6,,,0,35,,3131,6,,,0,75,,3118,6,,,0,75,,3132,6,,,0,35,,3119,6,,,0,75,,3133,6,,,0,35,,3120,6,,,0,75,,3134,6,,,0,80,,3121,6,,,0,35,,3135,6,,,0,75,,3122,6,,,0,37,,3136,6,,,0,73,,3123,6,,,0,79,,3137,6,,,0,48,,3124,6,,,0,70,,3138,6,,,0,30,,3141,6,,,0,70,,3140,6,,,0,30,,3139,6,,,0
2101,'100015',734,,3142,6,,,0,75,,3143,6,,,0,35,,3144,6,,,0,75,,3145,6,,,0,35,,3146,6,,,0,75,,3147,6,,,0,75,,3148,6,,,0,35,,3149,6,,,0,75,,3150,6,,,0,35,,3151,6,,,0,75,,3152,6,,,0,35,,3153,6,,,0,75,,3154,6,,,0,75,,3155,6,,,0,35,,3156,6,,,0,75,,3157,6,,,0,35,,3158,6,,,0,80,,3159,6,,,0,75,,3160,6,,,0,35,,3161,6,,,0
