2019,'1476981',747,,160,,,0
2019,'1476982',817,,161,,,0
2019,'1476983',847,,162,,,0
2019,'1476984',917,,163,,,0
2019,'1476985',947,,164,,,0
2019,'1476986',1017,,165,,,0
2019,'1476987',1047,,166,,,0
2019,'1476988',1117,,167,,,0
2019,'1476989',1147,,168,,,0
2019,'1476990',1217,,169,,,0
2019,'1476991',1302,,170,,,0
2019,'1476992',1332,,171,,,0
2019,'1476993',1402,,172,,,0
2019,'1476994',1432,,173,,,0
2019,'1476995',1502,,174,,,0
2019,'1476996',1532,,175,,,0
2019,'1476997',1602,,176,,,0
2019,'1476998',1917,,177,,,0
2019,'1476999',1647,,178,,,0
2019,'1477000',1717,,179,,,0
2019,'1477001',1747,,180,,,0
2019,'1477002',1817,,181,,,0
2019,'1477003',1847,,182,,,0
2019,'1477147',609,,215,,,0
2019,'1477148',709,,216,,,0
2019,'1477149',809,,217,,,0
2019,'1477150',919,,218,,,0
2019,'1477151',1019,,219,,,0
2019,'1477152',1119,,220,,,0
2019,'1477153',1219,,221,,,0
2019,'1477154',1333,,222,,,0
2019,'1477156',639,,224,,,0
2019,'1477157',739,,225,,,0
2019,'1477158',849,,226,,,0
2019,'1477159',949,,227,,,0
2019,'1477160',1049,,228,,,0
2019,'1477161',1149,,229,,,0
2019,'1477162',1258,,230,,,0
2019,'1477163',1408,,231,,,0
2019,'1477173',1518,,241,,,0
2019,'1477174',1628,,242,,,0
2019,'1477175',1708,,243,,,0
2019,'1477176',1822,,244,,,0
2019,'1477177',1922,,245,,,0
2019,'1477178',2037,,246,,,0
2019,'1477179',2137,,247,,,0
2019,'1477187',1443,,255,,,0
2019,'1477188',1553,,256,,,0
2019,'1477189',1752,,257,,,0
2019,'1477190',1852,,258,,,0
2019,'1477191',1952,,259,,,0
2019,'1477192',2107,,260,,,0
2019,'1477193',2207,,261,,,0
2019,'1477200',2237,,268,,,0
2019,'1477201',2309,,269,,,0
2019,'1477769',1147,,273,,,0
2019,'1477770',1717,,274,,,0
2019,'1477771',1847,,275,,,0
2019,'1477772',1817,,276,,,0
2019,'1477773',1747,,277,,,0
2019,'1477774',747,,278,,,0
2019,'1477775',847,,279,,,0
2019,'1477776',1017,,280,,,0
2019,'1477777',947,,281,,,0
2019,'1477778',817,,282,,,0
2019,'1477779',1047,,283,,,0
2019,'1477780',1117,,284,,,0
2019,'1477781',1917,,285,,,0
2019,'1477782',1217,,286,,,0
2019,'1477783',1302,,287,,,0
2019,'1477784',1332,,288,,,0
2019,'1477785',1402,,289,,,0
2019,'1477786',1432,,290,,,0
2019,'1477787',1502,,291,,,0
2019,'1477788',917,,292,,,0
2019,'1477789',1602,,293,,,0
2019,'1477790',1647,,294,,,0
2019,'1477791',1532,,295,,,0
