300,'100011',801,,2168,6,0,15 7 16 3 17,0,100,,2169,6,0,15 7 16 3 17,0,100,,2170,6,0,15 7 16 3 17,0,100,,2171,6,0,15 7 16 3 17,0,100,,2172,6,0,15 7 16 3 17,0,115,,2178,6,0,15 7 16 3 17,0,100,,2173,6,0,15 7 16 3 17,0,100,,2174,6,0,15 7 16 3 17,0,100,,2175,6,0,15 7 16 3 17,0,115,,2176,6,0,15 7 16 3 17,0,100,,2177,6,0,15 7 16 3 17,0
300,'100012',525,,2179,6,0,15 7 16 3 17,0,30,,2180,6,0,15 7 16 3 17,0,55,,2186,6,0,15 7 16 3 17,0,15,,2181,6,0,15 7 16 3 17,0,30,,2182,6,0,15 7 16 3 17,0,70,,2183,6,0,15 7 16 3 17,0,30,,2184,6,0,15 7 16 3 17,0,50,,2187,6,0,15 7 16 3 17,0,20,,2185,6,0,15 7 16 3 17,0,80,,2188,6,0,15 7 16 3 17,0,30,,2192,6,0,15 7 16 3 17,0,70,,2189,6,0,15 7 16 3 17,0,30,,2193,6,0,15 7 16 3 17,0,70,,2190,6,0,15 7 16 3 17,0,30,,2194,6,0,15 7 16 3 17,0,71,,2191,6,0,15 7 16 3 17,0,30,,2195,6,0,15 7 16 3 17,0,83,,2196,6,0,15 7 16 3 17,0,35,,2197,6,0,15 7 16 3 17,0,75,,2198,6,0,15 7 16 3 17,0,1,,2199,6,0,15 7 16 3 17,0,13,,2200,6,0,15 7 16 3 17,0,61,,2201,6,0,15 7 16 3 17,0,35,,2202,6,0,15 7 16 3 17,0,5,,2203,6,0,15 7 16 3 17,0,70,,2204,6,0,15 7 16 3 17,0,35,,2205,6,0,15 7 16 3 17,0,80,,2206,6,0,15 7 16 3 17,0,79,,2207,6,0,15 7 16 3 17,0,30,,2208,6,0,15 7 16 3 17,0,70,,2209,6,0,15 7 16 3 17,0,30,,2210,6,0,15 7 16 3 17,0,70,,2211,6,0,15 7 16 3 17,0,45,,2212,6,0,15 7 16 3 17,0,70,,2213,6,0,15 7 16 3 17,0,30,,2214,6,0,15 7 16 3 17,0,70,,2215,6,0,15 7 16 3 17,0
300,'100013',525,,2216,6,0,15 7 16 3 17,0,30,,2217,6,0,15 7 16 3 17,0,55,,2223,6,0,15 7 16 3 17,0,15,,2218,6,0,15 7 16 3 17,0,30,,2219,6,0,15 7 16 3 17,0,70,,2220,6,0,15 7 16 3 17,0,30,,2221,6,0,15 7 16 3 17,0,50,,2224,6,0,15 7 16 3 17,0,20,,2222,6,0,15 7 16 3 17,0,80,,2225,6,0,15 7 16 3 17,0,30,,2229,6,0,15 7 16 3 17,0,70,,2226,6,0,15 7 16 3 17,0,30,,2230,6,0,15 7 16 3 17,0,70,,2227,6,0,15 7 16 3 17,0,30,,2231,6,0,15 7 16 3 17,0,71,,2228,6,0,15 7 16 3 17,0,30,,2232,6,0,15 7 16 3 17,0,83,,2233,6,0,15 7 16 3 17,0,35,,2234,6,0,15 7 16 3 17,0,75,,2235,6,0,15 7 16 3 17,0,1,,2236,6,0,15 7 16 3 17,0,13,,2237,6,0,15 7 16 3 17,0,61,,2238,6,0,15 7 16 3 17,0,35,,2239,6,0,15 7 16 3 17,0,5,,2240,6,0,15 7 16 3 17,0,70,,2241,6,0,15 7 16 3 17,0,35,,2242,6,0,15 7 16 3 17,0,80,,2243,6,0,15 7 16 3 17,0,79,,2244,6,0,15 7 16 3 17,0,30,,2245,6,0,15 7 16 3 17,0,70,,2246,6,0,15 7 16 3 17,0,30,,2247,6,0,15 7 16 3 17,0,70,,2248,6,0,15 7 16 3 17,0,45,,2249,6,0,15 7 16 3 17,0,70,,2250,6,0,15 7 16 3 17,0,30,,2251,6,0,15 7 16 3 17,0,70,,2252,6,0,15 7 16 3 17,0
800,'100011',741,,2832,22,,,0,100,,2833,22,,,0,100,,2834,22,,,0,100,,2835,22,,,0,100,,2836,22,,,0,115,,2837,22,,,0,100,,2838,22,,,0,100,,2839,22,,,0,100,,2840,22,,,0,155,,2841,22,,,0,100,,2842,22,,,0,100,,2843,22,,,0
800,'100012',605,,2859,22,,,0,30,,2844,22,,,0,70,,2860,22,,,0,30,,2845,22,,,0,70,,2861,22,,,0,40,,2862,22,,,0,69,,2846,22,,,0,30,,2870,22,,,0,70,,2847,22,,,0,30,,2871,22,,,0,70,,2848,22,,,0,30,,2872,22,,,0,70,,2849,22,,,0,42,,2873,22,,,0,75,,2850,22,,,0,75,,2863,22,,,0,35,,2851,22,,,0,75,,2852,22,,,0,35,,2864,22,,,0,75,,2853,22,,,0,80,,2865,22,,,0,42,,2854,22,,,0,70,,2866,22,,,0,30,,2855,22,,,0,70,,2867,22,,,0,30,,2856,22,,,0,85,,2868,22,,,0,70,,2857,22,,,0,30,,2869,22,,,0,70,,2858,22,,,0,28,,2875,22,,,0,28,,2874,22,,,0
800,'100013',605,,2891,22,,,0,30,,2876,22,,,0,70,,2892,22,,,0,30,,2877,22,,,0,70,,2893,22,,,0,40,,2894,22,,,0,69,,2878,22,,,0,30,,2902,22,,,0,70,,2879,22,,,0,30,,2903,22,,,0,70,,2880,22,,,0,30,,2904,22,,,0,70,,2881,22,,,0,42,,2905,22,,,0,75,,2882,22,,,0,75,,2895,22,,,0,35,,2883,22,,,0,75,,2884,22,,,0,35,,2896,22,,,0,75,,2885,22,,,0,80,,2897,22,,,0,42,,2886,22,,,0,70,,2898,22,,,0,30,,2887,22,,,0,70,,2899,22,,,0,30,,2888,22,,,0,85,,2900,22,,,0,70,,2889,22,,,0,30,,2901,22,,,0,70,,2890,22,,,0,28,,2907,22,,,0,28,,2906,22,,,0
5000,'100012',754,,3162,20,,,0
5100,'100012',752,,3165,21,0,5 28,0
5200,'100012',1434,,3168,2,0,5 6,0
5201,'100012',1526,,3170,11,0,5 6,0
5300,'100012',817,,3171,33,,,0
5301,'100012',1549,,3173,26,,,0
