5400,'100009',753,,1370,49,0,7 18,0
5400,'100013',753,,3174,49,0,7 18,0
5401,'100009',1443,,1371,6,0,7 18,0
5401,'100013',1443,,3175,6,0,7 18,0
2000900,'100009',554,,1550,14,0,19 3 20 21 22 23,0,60,,1551,14,0,19 3 20 21 22 23,0,30,,1552,14,0,19 3 20 21 22 23,0,70,,1553,14,0,19 3 20 21 22 23,0,30,,1554,14,0,19 3 20 21 22 23,0,60,,1555,14,0,19 3 20 21 22 23,0,40,,1556,14,0,19 3 20 21 22 23,0,62,,1581,14,0,19 3 20 21 22 23,0,28,,1557,14,0,19 3 20 21 22 23,0,70,,1558,14,0,19 3 20 21 22 23,0,20,,1559,14,0,19 3 20 21 22 23,0,30,,1560,14,0,19 3 20 21 22 23,0,70,,1561,14,0,19 3 20 21 22 23,0,30,,1562,14,0,19 3 20 21 22 23,0,70,,1563,14,0,19 3 20 21 22 23,0,30,,1564,14,0,19 3 20 21 22 23,0,70,,1565,14,0,19 3 20 21 22 23,0,30,,1566,14,0,19 3 20 21 22 23,0,72,,1567,14,0,19 3 20 21 22 23,0,31,,1568,14,0,19 3 20 21 22 23,0,70,,1569,14,0,19 3 20 21 22 23,0,74,,1570,14,0,19 3 20 21 22 23,0,24,,1571,14,0,19 3 20 21 22 23,0,32,,1572,14,0,19 3 20 21 22 23,0,78,,1573,14,0,19 3 20 21 22 23,0,70,,1574,14,0,19 3 20 21 22 23,0,30,,1575,14,0,19 3 20 21 22 23,0,70,,1576,14,0,19 3 20 21 22 23,0,30,,1577,14,0,19 3 20 21 22 23,0,65,,1578,14,0,19 3 20 21 22 23,0,32,,1579,14,0,19 3 20 21 22 23,0,74,,1580,14,0,19 3 20 21 22 23,0,45,,1582,14,0,19 3 20 21 22 23,0,75,,1583,14,0,19 3 20 21 22 23,0,76,,1584,14,0,19 3 20 21 22 23,0
2000900,'100010',804,,1585,14,0,19 3 20 21 22 23,0,40,,1586,14,0,19 3 20 21 22 23,0,80,,1587,14,0,19 3 20 21 22 23,0,80,,1588,14,0,19 3 20 21 22 23,0,40,,1589,14,0,19 3 20 21 22 23,0,80,,1590,14,0,19 3 20 21 22 23,0,80,,1591,14,0,19 3 20 21 22 23,0,40,,1592,14,0,19 3 20 21 22 23,0,85,,1593,14,0,19 3 20 21 22 23,0,80,,1594,14,0,19 3 20 21 22 23,0,41,,1595,14,0,19 3 20 21 22 23,0,80,,1596,14,0,19 3 20 21 22 23,0,85,,1597,14,0,19 3 20 21 22 23,0,40,,1598,14,0,19 3 20 21 22 23,0,80,,1599,14,0,19 3 20 21 22 23,0,80,,1600,14,0,19 3 20 21 22 23,0,40,,1601,14,0,19 3 20 21 22 23,0
2000900,'100011',804,,3305,14,0,19 3 20 21 22 23,0,40,,3306,14,0,19 3 20 21 22 23,0,80,,3307,14,0,19 3 20 21 22 23,0,80,,3308,14,0,19 3 20 21 22 23,0,40,,3309,14,0,19 3 20 21 22 23,0,80,,3310,14,0,19 3 20 21 22 23,0,80,,3311,14,0,19 3 20 21 22 23,0,40,,3312,14,0,19 3 20 21 22 23,0,85,,3313,14,0,19 3 20 21 22 23,0,80,,3314,14,0,19 3 20 21 22 23,0,41,,3315,14,0,19 3 20 21 22 23,0,80,,3316,14,0,19 3 20 21 22 23,0,85,,3317,14,0,19 3 20 21 22 23,0,40,,3318,14,0,19 3 20 21 22 23,0,80,,3319,14,0,19 3 20 21 22 23,0,80,,3320,14,0,19 3 20 21 22 23,0,40,,3321,14,0,19 3 20 21 22 23,0,80,,3323,14,0,19 3 20 21 22 23,0,80,,3322,14,0,19 3 20 21 22 23,0
2000900,'100012',804,,3324,14,0,19 3 20 21 22 23,0,40,,3325,14,0,19 3 20 21 22 23,0,80,,3326,14,0,19 3 20 21 22 23,0,80,,3327,14,0,19 3 20 21 22 23,0,40,,3328,14,0,19 3 20 21 22 23,0,80,,3329,14,0,19 3 20 21 22 23,0,80,,3330,14,0,19 3 20 21 22 23,0,40,,3331,14,0,19 3 20 21 22 23,0,85,,3332,14,0,19 3 20 21 22 23,0,80,,3333,14,0,19 3 20 21 22 23,0,41,,3334,14,0,19 3 20 21 22 23,0,80,,3335,14,0,19 3 20 21 22 23,0,85,,3336,14,0,19 3 20 21 22 23,0,40,,3337,14,0,19 3 20 21 22 23,0,80,,3338,14,0,19 3 20 21 22 23,0,80,,3339,14,0,19 3 20 21 22 23,0,40,,3340,14,0,19 3 20 21 22 23,0
2000900,'100013',554,,3341,14,0,19 3 20 21 22 23,0,60,,3342,14,0,19 3 20 21 22 23,0,30,,3343,14,0,19 3 20 21 22 23,0,70,,3344,14,0,19 3 20 21 22 23,0,30,,3345,14,0,19 3 20 21 22 23,0,60,,3346,14,0,19 3 20 21 22 23,0,40,,3347,14,0,19 3 20 21 22 23,0,62,,3372,14,0,19 3 20 21 22 23,0,28,,3348,14,0,19 3 20 21 22 23,0,70,,3349,14,0,19 3 20 21 22 23,0,20,,3350,14,0,19 3 20 21 22 23,0,30,,3351,14,0,19 3 20 21 22 23,0,70,,3352,14,0,19 3 20 21 22 23,0,30,,3353,14,0,19 3 20 21 22 23,0,70,,3354,14,0,19 3 20 21 22 23,0,30,,3355,14,0,19 3 20 21 22 23,0,70,,3356,14,0,19 3 20 21 22 23,0,30,,3357,14,0,19 3 20 21 22 23,0,72,,3358,14,0,19 3 20 21 22 23,0,31,,3359,14,0,19 3 20 21 22 23,0,70,,3360,14,0,19 3 20 21 22 23,0,74,,3361,14,0,19 3 20 21 22 23,0,24,,3362,14,0,19 3 20 21 22 23,0,32,,3363,14,0,19 3 20 21 22 23,0,78,,3364,14,0,19 3 20 21 22 23,0,70,,3365,14,0,19 3 20 21 22 23,0,30,,3366,14,0,19 3 20 21 22 23,0,70,,3367,14,0,19 3 20 21 22 23,0,30,,3368,14,0,19 3 20 21 22 23,0,65,,3369,14,0,19 3 20 21 22 23,0,32,,3370,14,0,19 3 20 21 22 23,0,74,,3371,14,0,19 3 20 21 22 23,0,45,,3373,14,0,19 3 20 21 22 23,0,75,,3374,14,0,19 3 20 21 22 23,0,76,,3375,14,0,19 3 20 21 22 23,0
2000900,'100014',554,,3376,14,0,19 3 20 21 22 23,0,60,,3377,14,0,19 3 20 21 22 23,0,30,,3378,14,0,19 3 20 21 22 23,0,70,,3379,14,0,19 3 20 21 22 23,0,30,,3380,14,0,19 3 20 21 22 23,0,60,,3381,14,0,19 3 20 21 22 23,0,40,,3382,14,0,19 3 20 21 22 23,0,62,,3407,14,0,19 3 20 21 22 23,0,28,,3383,14,0,19 3 20 21 22 23,0,70,,3384,14,0,19 3 20 21 22 23,0,20,,3385,14,0,19 3 20 21 22 23,0,30,,3386,14,0,19 3 20 21 22 23,0,70,,3387,14,0,19 3 20 21 22 23,0,30,,3388,14,0,19 3 20 21 22 23,0,70,,3389,14,0,19 3 20 21 22 23,0,30,,3390,14,0,19 3 20 21 22 23,0,70,,3391,14,0,19 3 20 21 22 23,0,30,,3392,14,0,19 3 20 21 22 23,0,72,,3393,14,0,19 3 20 21 22 23,0,31,,3394,14,0,19 3 20 21 22 23,0,70,,3395,14,0,19 3 20 21 22 23,0,74,,3396,14,0,19 3 20 21 22 23,0,24,,3397,14,0,19 3 20 21 22 23,0,32,,3398,14,0,19 3 20 21 22 23,0,78,,3399,14,0,19 3 20 21 22 23,0,70,,3400,14,0,19 3 20 21 22 23,0,30,,3401,14,0,19 3 20 21 22 23,0,70,,3402,14,0,19 3 20 21 22 23,0,30,,3403,14,0,19 3 20 21 22 23,0,65,,3404,14,0,19 3 20 21 22 23,0,32,,3405,14,0,19 3 20 21 22 23,0,74,,3406,14,0,19 3 20 21 22 23,0,45,,3408,14,0,19 3 20 21 22 23,0,75,,3409,14,0,19 3 20 21 22 23,0,76,,3410,14,0,19 3 20 21 22 23,0
2000900,'100015',804,,3411,14,0,19 3 20 21 22 23,0,40,,3412,14,0,19 3 20 21 22 23,0,80,,3413,14,0,19 3 20 21 22 23,0,80,,3414,14,0,19 3 20 21 22 23,0,40,,3415,14,0,19 3 20 21 22 23,0,80,,3416,14,0,19 3 20 21 22 23,0,80,,3417,14,0,19 3 20 21 22 23,0,40,,3418,14,0,19 3 20 21 22 23,0,85,,3419,14,0,19 3 20 21 22 23,0,80,,3420,14,0,19 3 20 21 22 23,0,41,,3421,14,0,19 3 20 21 22 23,0,80,,3422,14,0,19 3 20 21 22 23,0,85,,3423,14,0,19 3 20 21 22 23,0,40,,3424,14,0,19 3 20 21 22 23,0,80,,3425,14,0,19 3 20 21 22 23,0,80,,3426,14,0,19 3 20 21 22 23,0,40,,3427,14,0,19 3 20 21 22 23,0
