109,'1477039',814,,13,0,33,0
109,'1477040',914,,14,0,33,0
109,'1477041',1014,,15,0,33,0
109,'1477042',1114,,16,0,33,0
109,'1477043',1214,,17,0,33,0
109,'1477044',1314,,18,0,33,0
109,'1477045',1414,,19,0,33,0
109,'1477046',1514,,20,0,33,0
109,'1477047',1614,,21,0,33,0
109,'1477048',1714,,22,0,33,0
109,'1477049',1814,,23,0,33,0
109,'1477050',1914,,24,0,33,0
109,'1477051',837,,25,0,33,0
109,'1477052',537,,26,0,33,0
109,'1477053',935,,27,0,33,0
109,'1477054',737,,28,0,33,0
109,'1477055',637,,29,0,33,0
109,'1477061',617,,35,0,33,0
109,'1477062',717,,36,0,33,0
109,'1477063',817,,37,0,33,0
109,'1477064',915,,38,0,33,0
109,'1477065',1015,,39,0,33,0
109,'1477066',1115,,40,0,33,0
109,'1477067',1216,,41,0,33,0
109,'1477068',1316,,42,0,33,0
109,'1477073',1356,,47,0,33,0
109,'1477074',1456,,48,0,33,0
109,'1477075',1556,,49,0,33,0
109,'1477076',1656,,50,0,33,0
109,'1477077',1755,,51,0,33,0
109,'1477078',1855,,52,0,33,0
109,'1477079',1955,,53,0,33,0
109,'1477087',1045,,61,0,33,0
109,'1477088',1145,,62,0,33,0
109,'1477089',1246,,63,0,33,0
109,'1477098',2103,,72,0,33,0
109,'1477099',557,,73,0,33,0
109,'1477100',657,,74,0,33,0
109,'1477101',757,,75,0,33,0
109,'1477102',857,,76,0,33,0
109,'1477107',2033,,81,0,33,0
109,'1477108',1935,,82,0,33,0
109,'1477109',1835,,83,0,33,0
109,'1477110',1735,,84,0,33,0
109,'1477111',1636,,85,0,33,0
109,'1477112',1536,,86,0,33,0
109,'1477124',1915,,98,0,33,0
109,'1477125',1516,,99,0,33,0
109,'1477126',1616,,100,0,33,0
109,'1477127',1715,,101,0,33,0
109,'1477128',1815,,102,0,33,0
109,'1477130',1426,,104,0,33,0
109,'1477131',2133,,105,0,33,0
109,'1477132',2203,,106,0,33,0
109,'1477133',2302,,107,0,33,0
109,'1477137',2232,,111,0,33,0
109,'1477612',814,,112,0,33,0
109,'1477614',914,,114,0,33,0
109,'1477617',1014,,117,0,33,0
109,'1477618',1114,,118,0,33,0
109,'1477619',1214,,119,0,33,0
109,'1477622',1414,,122,0,33,0
109,'1477625',1314,,125,0,33,0
109,'1477628',1614,,128,0,33,0
109,'1477629',1514,,129,0,33,0
109,'1477630',1714,,130,0,33,0
109,'1477632',1814,,132,0,33,0
109,'1477635',1914,,135,0,33,0
109,'1477636',844,,136,0,33,0
109,'1477637',944,,137,0,33,0
109,'1477638',1044,,138,0,33,0
109,'1477639',1144,,139,0,33,0
109,'1477640',1244,,140,0,33,0
109,'1477641',1344,,141,0,33,0
109,'1477642',1444,,142,0,33,0
109,'1477643',1544,,143,0,33,0
109,'1477644',1644,,144,0,33,0
109,'1477645',1744,,145,0,33,0
109,'1477646',1844,,146,0,33,0
109,'1477658',744,,158,0,33,0
