300,'100009',531,,531,13,0,15 7 16 3 17,0,70,,532,13,0,15 7 16 3 17,0,15,,538,13,0,15 7 16 3 17,0,15,,533,13,0,15 7 16 3 17,0,70,,534,13,0,15 7 16 3 17,0,30,,535,13,0,15 7 16 3 17,0,70,,536,13,0,15 7 16 3 17,0,10,,539,13,0,15 7 16 3 17,0,20,,537,13,0,15 7 16 3 17,0,80,,540,13,0,15 7 16 3 17,0,30,,544,13,0,15 7 16 3 17,0,70,,541,13,0,15 7 16 3 17,0,30,,545,13,0,15 7 16 3 17,0,70,,542,13,0,15 7 16 3 17,0,30,,546,13,0,15 7 16 3 17,0,71,,543,13,0,15 7 16 3 17,0,30,,547,13,0,15 7 16 3 17,0,83,,548,13,0,15 7 16 3 17,0,75,,549,13,0,15 7 16 3 17,0,35,,550,13,0,15 7 16 3 17,0,1,,551,13,0,15 7 16 3 17,0,13,,552,13,0,15 7 16 3 17,0,61,,553,13,0,15 7 16 3 17,0,35,,554,13,0,15 7 16 3 17,0,5,,555,13,0,15 7 16 3 17,0,70,,556,13,0,15 7 16 3 17,0,35,,557,13,0,15 7 16 3 17,0,80,,558,13,0,15 7 16 3 17,0,79,,559,13,0,15 7 16 3 17,0,30,,560,13,0,15 7 16 3 17,0,70,,561,13,0,15 7 16 3 17,0,30,,562,13,0,15 7 16 3 17,0,70,,563,13,0,15 7 16 3 17,0,45,,564,13,0,15 7 16 3 17,0,70,,565,13,0,15 7 16 3 17,0,30,,566,13,0,15 7 16 3 17,0,70,,567,13,0,15 7 16 3 17,0
300,'100010',807,,568,13,0,15 7 16 3 17,0,100,,569,13,0,15 7 16 3 17,0,100,,570,13,0,15 7 16 3 17,0,100,,571,13,0,15 7 16 3 17,0,100,,572,13,0,15 7 16 3 17,0,115,,578,13,0,15 7 16 3 17,0,100,,573,13,0,15 7 16 3 17,0,100,,574,13,0,15 7 16 3 17,0,100,,575,13,0,15 7 16 3 17,0,115,,576,13,0,15 7 16 3 17,0,100,,577,13,0,15 7 16 3 17,0
300,'100011',807,,2156,13,0,15 7 16 3 17,0,100,,2157,13,0,15 7 16 3 17,0,100,,2158,13,0,15 7 16 3 17,0,100,,2159,13,0,15 7 16 3 17,0,100,,2160,13,0,15 7 16 3 17,0,115,,2166,13,0,15 7 16 3 17,0,100,,2161,13,0,15 7 16 3 17,0,100,,2162,13,0,15 7 16 3 17,0,100,,2163,13,0,15 7 16 3 17,0,115,,2164,13,0,15 7 16 3 17,0,100,,2165,13,0,15 7 16 3 17,0,100,,2167,13,0,15 7 16 3 17,0
300,'100012',807,,2168,13,0,15 7 16 3 17,0,100,,2169,13,0,15 7 16 3 17,0,100,,2170,13,0,15 7 16 3 17,0,100,,2171,13,0,15 7 16 3 17,0,100,,2172,13,0,15 7 16 3 17,0,115,,2178,13,0,15 7 16 3 17,0,100,,2173,13,0,15 7 16 3 17,0,100,,2174,13,0,15 7 16 3 17,0,100,,2175,13,0,15 7 16 3 17,0,115,,2176,13,0,15 7 16 3 17,0,100,,2177,13,0,15 7 16 3 17,0
300,'100013',531,,2179,13,0,15 7 16 3 17,0,70,,2180,13,0,15 7 16 3 17,0,15,,2186,13,0,15 7 16 3 17,0,15,,2181,13,0,15 7 16 3 17,0,70,,2182,13,0,15 7 16 3 17,0,30,,2183,13,0,15 7 16 3 17,0,70,,2184,13,0,15 7 16 3 17,0,10,,2187,13,0,15 7 16 3 17,0,20,,2185,13,0,15 7 16 3 17,0,80,,2188,13,0,15 7 16 3 17,0,30,,2192,13,0,15 7 16 3 17,0,70,,2189,13,0,15 7 16 3 17,0,30,,2193,13,0,15 7 16 3 17,0,70,,2190,13,0,15 7 16 3 17,0,30,,2194,13,0,15 7 16 3 17,0,71,,2191,13,0,15 7 16 3 17,0,30,,2195,13,0,15 7 16 3 17,0,83,,2196,13,0,15 7 16 3 17,0,75,,2197,13,0,15 7 16 3 17,0,35,,2198,13,0,15 7 16 3 17,0,1,,2199,13,0,15 7 16 3 17,0,13,,2200,13,0,15 7 16 3 17,0,61,,2201,13,0,15 7 16 3 17,0,35,,2202,13,0,15 7 16 3 17,0,5,,2203,13,0,15 7 16 3 17,0,70,,2204,13,0,15 7 16 3 17,0,35,,2205,13,0,15 7 16 3 17,0,80,,2206,13,0,15 7 16 3 17,0,79,,2207,13,0,15 7 16 3 17,0,30,,2208,13,0,15 7 16 3 17,0,70,,2209,13,0,15 7 16 3 17,0,30,,2210,13,0,15 7 16 3 17,0,70,,2211,13,0,15 7 16 3 17,0,45,,2212,13,0,15 7 16 3 17,0,70,,2213,13,0,15 7 16 3 17,0,30,,2214,13,0,15 7 16 3 17,0,70,,2215,13,0,15 7 16 3 17,0
300,'100014',531,,2216,13,0,15 7 16 3 17,0,70,,2217,13,0,15 7 16 3 17,0,15,,2223,13,0,15 7 16 3 17,0,15,,2218,13,0,15 7 16 3 17,0,70,,2219,13,0,15 7 16 3 17,0,30,,2220,13,0,15 7 16 3 17,0,70,,2221,13,0,15 7 16 3 17,0,10,,2224,13,0,15 7 16 3 17,0,20,,2222,13,0,15 7 16 3 17,0,80,,2225,13,0,15 7 16 3 17,0,30,,2229,13,0,15 7 16 3 17,0,70,,2226,13,0,15 7 16 3 17,0,30,,2230,13,0,15 7 16 3 17,0,70,,2227,13,0,15 7 16 3 17,0,30,,2231,13,0,15 7 16 3 17,0,71,,2228,13,0,15 7 16 3 17,0,30,,2232,13,0,15 7 16 3 17,0,83,,2233,13,0,15 7 16 3 17,0,75,,2234,13,0,15 7 16 3 17,0,35,,2235,13,0,15 7 16 3 17,0,1,,2236,13,0,15 7 16 3 17,0,13,,2237,13,0,15 7 16 3 17,0,61,,2238,13,0,15 7 16 3 17,0,35,,2239,13,0,15 7 16 3 17,0,5,,2240,13,0,15 7 16 3 17,0,70,,2241,13,0,15 7 16 3 17,0,35,,2242,13,0,15 7 16 3 17,0,80,,2243,13,0,15 7 16 3 17,0,79,,2244,13,0,15 7 16 3 17,0,30,,2245,13,0,15 7 16 3 17,0,70,,2246,13,0,15 7 16 3 17,0,30,,2247,13,0,15 7 16 3 17,0,70,,2248,13,0,15 7 16 3 17,0,45,,2249,13,0,15 7 16 3 17,0,70,,2250,13,0,15 7 16 3 17,0,30,,2251,13,0,15 7 16 3 17,0,70,,2252,13,0,15 7 16 3 17,0
300,'100015',807,,2253,13,0,15 7 16 3 17,0,100,,2254,13,0,15 7 16 3 17,0,100,,2255,13,0,15 7 16 3 17,0,100,,2256,13,0,15 7 16 3 17,0,100,,2257,13,0,15 7 16 3 17,0,115,,2258,13,0,15 7 16 3 17,0,100,,2259,13,0,15 7 16 3 17,0,100,,2260,13,0,15 7 16 3 17,0,100,,2261,13,0,15 7 16 3 17,0,115,,2262,13,0,15 7 16 3 17,0,100,,2263,13,0,15 7 16 3 17,0
5200,'100009',1448,,1364,18,0,5 6,0
5200,'100013',1448,,3168,18,0,5 6,0
5400,'100009',806,,1370,55,4,,0
5400,'100013',806,,3174,55,4,,0
5401,'100009',1427,,1371,1,0,7 18,0
5401,'100013',1427,,3175,1,0,7 18,0
