700,'100009',547,,1014,40,,,0,70,,1024,40,,,0,30,,1015,40,,,0,58,,1042,40,,,0,12,,1025,40,,,0,30,,1016,40,,,0,70,,1026,40,,,0,40,,1035,40,,,0,70,,1017,40,,,0,30,,1036,40,,,0,70,,1018,40,,,0,30,,1043,40,,,0,70,,1019,40,,,0,30,,1044,40,,,0,70,,1020,40,,,0,83,,1045,40,,,0,35,,1021,40,,,0,75,,1027,40,,,0,35,,1022,40,,,0,75,,1028,40,,,0,75,,1023,40,,,0,35,,1029,40,,,0,80,,1030,40,,,0,80,,1037,40,,,0,30,,1031,40,,,0,70,,1038,40,,,0,30,,1032,40,,,0,70,,1039,40,,,0,45,,1033,40,,,0,70,,1040,40,,,0,30,,1034,40,,,0,70,,1041,40,,,0,30,,1046,40,,,0,70,,1047,40,,,0
700,'100010',824,,1048,40,,,0,100,,1049,40,,,0,100,,1050,40,,,0,100,,1051,40,,,0,100,,1052,40,,,0,115,,1053,40,,,0,100,,1054,40,,,0,100,,1055,40,,,0,115,,1056,40,,,0,100,,1057,40,,,0,100,,1058,40,,,0
700,'100011',824,,2717,40,,,0,100,,2718,40,,,0,100,,2719,40,,,0,100,,2720,40,,,0,100,,2721,40,,,0,115,,2722,40,,,0,100,,2723,40,,,0,100,,2724,40,,,0,115,,2725,40,,,0,100,,2726,40,,,0,100,,2727,40,,,0,100,,2728,40,,,0
700,'100012',824,,2729,40,,,0,100,,2730,40,,,0,100,,2731,40,,,0,100,,2732,40,,,0,100,,2733,40,,,0,115,,2734,40,,,0,100,,2735,40,,,0,100,,2736,40,,,0,115,,2737,40,,,0,100,,2738,40,,,0,100,,2739,40,,,0
700,'100013',547,,2740,40,,,0,70,,2750,40,,,0,30,,2741,40,,,0,58,,2768,40,,,0,12,,2751,40,,,0,30,,2742,40,,,0,70,,2752,40,,,0,40,,2761,40,,,0,70,,2743,40,,,0,30,,2762,40,,,0,70,,2744,40,,,0,30,,2769,40,,,0,70,,2745,40,,,0,30,,2770,40,,,0,70,,2746,40,,,0,83,,2771,40,,,0,35,,2747,40,,,0,75,,2753,40,,,0,35,,2748,40,,,0,75,,2754,40,,,0,75,,2749,40,,,0,35,,2755,40,,,0,80,,2756,40,,,0,80,,2763,40,,,0,30,,2757,40,,,0,70,,2764,40,,,0,30,,2758,40,,,0,70,,2765,40,,,0,45,,2759,40,,,0,70,,2766,40,,,0,30,,2760,40,,,0,70,,2767,40,,,0,30,,2772,40,,,0,70,,2773,40,,,0
700,'100014',547,,2774,40,,,0,70,,2784,40,,,0,30,,2775,40,,,0,58,,2802,40,,,0,12,,2785,40,,,0,30,,2776,40,,,0,70,,2786,40,,,0,40,,2795,40,,,0,70,,2777,40,,,0,30,,2796,40,,,0,70,,2778,40,,,0,30,,2803,40,,,0,70,,2779,40,,,0,30,,2804,40,,,0,70,,2780,40,,,0,83,,2805,40,,,0,35,,2781,40,,,0,75,,2787,40,,,0,35,,2782,40,,,0,75,,2788,40,,,0,75,,2783,40,,,0,35,,2789,40,,,0,80,,2790,40,,,0,80,,2797,40,,,0,30,,2791,40,,,0,70,,2798,40,,,0,30,,2792,40,,,0,70,,2799,40,,,0,45,,2793,40,,,0,70,,2800,40,,,0,30,,2794,40,,,0,70,,2801,40,,,0,30,,2806,40,,,0,70,,2807,40,,,0
700,'100015',824,,2808,40,,,0,100,,2809,40,,,0,100,,2810,40,,,0,100,,2811,40,,,0,100,,2812,40,,,0,115,,2813,40,,,0,100,,2814,40,,,0,100,,2815,40,,,0,115,,2816,40,,,0,100,,2817,40,,,0,100,,2818,40,,,0
1000900,'100009',546,,1417,32,,,0,70,,1418,32,,,0,30,,1419,32,,,0,70,,1420,32,,,0,30,,1421,32,,,0,70,,1422,32,,,0,22,,1423,32,,,0,68,,1424,32,,,0,35,,1425,32,,,0,60,,1426,32,,,0,30,,1427,32,,,0,70,,1428,32,,,0,30,,1429,32,,,0,70,,1430,32,,,0,30,,1431,32,,,0,70,,1432,32,,,0,30,,1433,32,,,0,70,,1434,32,,,0,34,,1435,32,,,0,70,,1436,32,,,0,34,,1437,32,,,0,64,,1438,32,,,0,32,,1439,32,,,0,70,,1440,32,,,0,18,,1441,32,,,0,85,,1410,32,,,0,30,,1411,32,,,0,70,,1414,32,,,0,30,,1407,32,,,0,67,,1409,32,,,0,43,,1415,32,,,0,85,,1413,32,,,0,75,,1412,32,,,0,35,,1416,32,,,0,75,,1408,32,,,0
1000900,'100010',759,,1442,32,,,0,80,,1443,32,,,0,80,,1444,32,,,0,40,,1445,32,,,0,80,,1446,32,,,0,81,,1447,32,,,0,80,,1448,32,,,0,45,,1449,32,,,0,80,,1450,32,,,0,81,,1451,32,,,0,40,,1452,32,,,0,80,,1453,32,,,0,80,,1454,32,,,0,40,,1455,32,,,0,85,,1456,32,,,0,80,,1457,32,,,0,40,,1458,32,,,0,80,,1459,32,,,0
1000900,'100011',759,,3176,32,,,0,80,,3177,32,,,0,80,,3178,32,,,0,40,,3179,32,,,0,80,,3180,32,,,0,81,,3181,32,,,0,80,,3182,32,,,0,45,,3183,32,,,0,80,,3184,32,,,0,81,,3185,32,,,0,40,,3186,32,,,0,80,,3187,32,,,0,80,,3188,32,,,0,40,,3189,32,,,0,85,,3190,32,,,0,80,,3191,32,,,0,40,,3192,32,,,0,80,,3193,32,,,0,80,,3194,32,,,0
1000900,'100012',759,,3195,32,,,0,80,,3196,32,,,0,80,,3197,32,,,0,40,,3198,32,,,0,80,,3199,32,,,0,81,,3200,32,,,0,80,,3201,32,,,0,45,,3202,32,,,0,80,,3203,32,,,0,81,,3204,32,,,0,40,,3205,32,,,0,80,,3206,32,,,0,80,,3207,32,,,0,40,,3208,32,,,0,85,,3209,32,,,0,80,,3210,32,,,0,40,,3211,32,,,0,80,,3212,32,,,0
1000900,'100013',546,,3223,32,,,0,70,,3224,32,,,0,30,,3225,32,,,0,70,,3226,32,,,0,30,,3227,32,,,0,70,,3228,32,,,0,22,,3229,32,,,0,68,,3230,32,,,0,35,,3231,32,,,0,60,,3232,32,,,0,30,,3233,32,,,0,70,,3234,32,,,0,30,,3235,32,,,0,70,,3236,32,,,0,30,,3237,32,,,0,70,,3238,32,,,0,30,,3239,32,,,0,70,,3240,32,,,0,34,,3241,32,,,0,70,,3242,32,,,0,34,,3243,32,,,0,64,,3244,32,,,0,32,,3245,32,,,0,70,,3246,32,,,0,18,,3247,32,,,0,85,,3216,32,,,0,30,,3217,32,,,0,70,,3220,32,,,0,30,,3213,32,,,0,67,,3215,32,,,0,43,,3221,32,,,0,85,,3219,32,,,0,75,,3218,32,,,0,35,,3222,32,,,0,75,,3214,32,,,0
1000900,'100014',546,,3258,32,,,0,70,,3259,32,,,0,30,,3260,32,,,0,70,,3261,32,,,0,30,,3262,32,,,0,70,,3263,32,,,0,22,,3264,32,,,0,68,,3265,32,,,0,35,,3266,32,,,0,60,,3267,32,,,0,30,,3268,32,,,0,70,,3269,32,,,0,30,,3270,32,,,0,70,,3271,32,,,0,30,,3272,32,,,0,70,,3273,32,,,0,30,,3274,32,,,0,70,,3275,32,,,0,34,,3276,32,,,0,70,,3277,32,,,0,34,,3278,32,,,0,64,,3279,32,,,0,32,,3280,32,,,0,70,,3281,32,,,0,18,,3282,32,,,0,85,,3251,32,,,0,30,,3252,32,,,0,70,,3255,32,,,0,30,,3248,32,,,0,67,,3250,32,,,0,43,,3256,32,,,0,85,,3254,32,,,0,75,,3253,32,,,0,35,,3257,32,,,0,75,,3249,32,,,0
1000900,'100015',759,,3283,32,,,0,80,,3284,32,,,0,80,,3285,32,,,0,40,,3286,32,,,0,80,,3287,32,,,0,81,,3288,32,,,0,80,,3289,32,,,0,45,,3290,32,,,0,80,,3291,32,,,0,81,,3292,32,,,0,40,,3293,32,,,0,80,,3294,32,,,0,80,,3295,32,,,0,40,,3296,32,,,0,85,,3297,32,,,0,80,,3298,32,,,0,40,,3299,32,,,0,80,,3300,32,,,0
2000900,'100009',611,,1550,30,,,0,20,,1551,30,,,0,70,,1552,30,,,0,30,,1553,30,,,0,70,,1554,30,,,0,20,,1555,30,,,0,80,,1556,30,,,0,22,,1581,30,,,0,28,,1557,30,,,0,70,,1558,30,,,0,20,,1559,30,,,0,70,,1560,30,,,0,30,,1561,30,,,0,70,,1562,30,,,0,30,,1563,30,,,0,70,,1564,30,,,0,30,,1565,30,,,0,70,,1566,30,,,0,33,,1567,30,,,0,71,,1568,30,,,0,30,,1569,30,,,0,74,,1570,30,,,0,24,,1571,30,,,0,72,,1572,30,,,0,38,,1573,30,,,0,70,,1574,30,,,0,30,,1575,30,,,0,70,,1576,30,,,0,30,,1577,30,,,0,65,,1578,30,,,0,31,,1579,30,,,0,74,,1580,30,,,0,85,,1582,30,,,0,35,,1583,30,,,0,76,,1584,30,,,0
2000900,'100010',821,,1585,30,,,0,80,,1586,30,,,0,40,,1587,30,,,0,80,,1588,30,,,0,80,,1589,30,,,0,40,,1590,30,,,0,80,,1591,30,,,0,80,,1592,30,,,0,45,,1593,30,,,0,80,,1594,30,,,0,81,,1595,30,,,0,40,,1596,30,,,0,85,,1597,30,,,0,80,,1598,30,,,0,40,,1599,30,,,0,80,,1600,30,,,0,80,,1601,30,,,0
2000900,'100011',821,,3305,30,,,0,80,,3306,30,,,0,40,,3307,30,,,0,80,,3308,30,,,0,80,,3309,30,,,0,40,,3310,30,,,0,80,,3311,30,,,0,80,,3312,30,,,0,45,,3313,30,,,0,80,,3314,30,,,0,81,,3315,30,,,0,40,,3316,30,,,0,85,,3317,30,,,0,80,,3318,30,,,0,40,,3319,30,,,0,80,,3320,30,,,0,80,,3321,30,,,0,40,,3323,30,,,0,80,,3322,30,,,0
2000900,'100012',821,,3324,30,,,0,80,,3325,30,,,0,40,,3326,30,,,0,80,,3327,30,,,0,80,,3328,30,,,0,40,,3329,30,,,0,80,,3330,30,,,0,80,,3331,30,,,0,45,,3332,30,,,0,80,,3333,30,,,0,81,,3334,30,,,0,40,,3335,30,,,0,85,,3336,30,,,0,80,,3337,30,,,0,40,,3338,30,,,0,80,,3339,30,,,0,80,,3340,30,,,0
2000900,'100013',611,,3341,30,,,0,20,,3342,30,,,0,70,,3343,30,,,0,30,,3344,30,,,0,70,,3345,30,,,0,20,,3346,30,,,0,80,,3347,30,,,0,22,,3372,30,,,0,28,,3348,30,,,0,70,,3349,30,,,0,20,,3350,30,,,0,70,,3351,30,,,0,30,,3352,30,,,0,70,,3353,30,,,0,30,,3354,30,,,0,70,,3355,30,,,0,30,,3356,30,,,0,70,,3357,30,,,0,33,,3358,30,,,0,71,,3359,30,,,0,30,,3360,30,,,0,74,,3361,30,,,0,24,,3362,30,,,0,72,,3363,30,,,0,38,,3364,30,,,0,70,,3365,30,,,0,30,,3366,30,,,0,70,,3367,30,,,0,30,,3368,30,,,0,65,,3369,30,,,0,31,,3370,30,,,0,74,,3371,30,,,0,85,,3373,30,,,0,35,,3374,30,,,0,76,,3375,30,,,0
2000900,'100014',611,,3376,30,,,0,20,,3377,30,,,0,70,,3378,30,,,0,30,,3379,30,,,0,70,,3380,30,,,0,20,,3381,30,,,0,80,,3382,30,,,0,22,,3407,30,,,0,28,,3383,30,,,0,70,,3384,30,,,0,20,,3385,30,,,0,70,,3386,30,,,0,30,,3387,30,,,0,70,,3388,30,,,0,30,,3389,30,,,0,70,,3390,30,,,0,30,,3391,30,,,0,70,,3392,30,,,0,33,,3393,30,,,0,71,,3394,30,,,0,30,,3395,30,,,0,74,,3396,30,,,0,24,,3397,30,,,0,72,,3398,30,,,0,38,,3399,30,,,0,70,,3400,30,,,0,30,,3401,30,,,0,70,,3402,30,,,0,30,,3403,30,,,0,65,,3404,30,,,0,31,,3405,30,,,0,74,,3406,30,,,0,85,,3408,30,,,0,35,,3409,30,,,0,76,,3410,30,,,0
2000900,'100015',821,,3411,30,,,0,80,,3412,30,,,0,40,,3413,30,,,0,80,,3414,30,,,0,80,,3415,30,,,0,40,,3416,30,,,0,80,,3417,30,,,0,80,,3418,30,,,0,45,,3419,30,,,0,80,,3420,30,,,0,81,,3421,30,,,0,40,,3422,30,,,0,85,,3423,30,,,0,80,,3424,30,,,0,40,,3425,30,,,0,80,,3426,30,,,0,80,,3427,30,,,0
