109,'1477039',806,,13,0,33,0
109,'1477040',906,,14,0,33,0
109,'1477041',1006,,15,0,33,0
109,'1477042',1106,,16,0,33,0
109,'1477043',1206,,17,0,33,0
109,'1477044',1306,,18,0,33,0
109,'1477045',1406,,19,0,33,0
109,'1477046',1506,,20,0,33,0
109,'1477047',1606,,21,0,33,0
109,'1477048',1706,,22,0,33,0
109,'1477049',1806,,23,0,33,0
109,'1477050',1906,,24,0,33,0
109,'1477051',830,,25,0,33,0
109,'1477052',530,,26,0,33,0
109,'1477053',930,,27,0,33,0
109,'1477054',730,,28,0,33,0
109,'1477055',630,,29,0,33,0
109,'1477061',610,,35,0,33,0
109,'1477062',710,,36,0,33,0
109,'1477063',810,,37,0,33,0
109,'1477064',910,,38,0,33,0
109,'1477065',1010,,39,0,33,0
109,'1477066',1110,,40,0,33,0
109,'1477067',1210,,41,0,33,0
109,'1477068',1310,,42,0,33,0
109,'1477073',1350,,47,0,33,0
109,'1477074',1450,,48,0,33,0
109,'1477075',1550,,49,0,33,0
109,'1477076',1650,,50,0,33,0
109,'1477077',1750,,51,0,33,0
109,'1477078',1850,,52,0,33,0
109,'1477079',1950,,53,0,33,0
109,'1477087',1040,,61,0,33,0
109,'1477088',1140,,62,0,33,0
109,'1477089',1240,,63,0,33,0
109,'1477098',2058,,72,0,33,0
109,'1477099',550,,73,0,33,0
109,'1477100',650,,74,0,33,0
109,'1477101',750,,75,0,33,0
109,'1477102',850,,76,0,33,0
109,'1477107',2028,,81,0,33,0
109,'1477108',1930,,82,0,33,0
109,'1477109',1830,,83,0,33,0
109,'1477110',1730,,84,0,33,0
109,'1477111',1630,,85,0,33,0
109,'1477112',1530,,86,0,33,0
109,'1477124',1910,,98,0,33,0
109,'1477125',1510,,99,0,33,0
109,'1477126',1610,,100,0,33,0
109,'1477127',1710,,101,0,33,0
109,'1477128',1810,,102,0,33,0
109,'1477130',1420,,104,0,33,0
109,'1477131',2128,,105,0,33,0
109,'1477132',2158,,106,0,33,0
109,'1477133',2257,,107,0,33,0
109,'1477137',2227,,111,0,33,0
109,'1477612',806,,112,0,33,0
109,'1477614',906,,114,0,33,0
109,'1477617',1006,,117,0,33,0
109,'1477618',1106,,118,0,33,0
109,'1477619',1206,,119,0,33,0
109,'1477622',1406,,122,0,33,0
109,'1477625',1306,,125,0,33,0
109,'1477628',1606,,128,0,33,0
109,'1477629',1506,,129,0,33,0
109,'1477630',1706,,130,0,33,0
109,'1477632',1806,,132,0,33,0
109,'1477635',1906,,135,0,33,0
109,'1477636',836,,136,0,33,0
109,'1477637',936,,137,0,33,0
109,'1477638',1036,,138,0,33,0
109,'1477639',1136,,139,0,33,0
109,'1477640',1236,,140,0,33,0
109,'1477641',1336,,141,0,33,0
109,'1477642',1436,,142,0,33,0
109,'1477643',1536,,143,0,33,0
109,'1477644',1636,,144,0,33,0
109,'1477645',1736,,145,0,33,0
109,'1477646',1836,,146,0,33,0
109,'1477658',736,,158,0,33,0
