300,'100009',523,,531,2,0,15 7 16 3 17,0,30,,532,2,0,15 7 16 3 17,0,55,,538,2,0,15 7 16 3 17,0,15,,533,2,0,15 7 16 3 17,0,30,,534,2,0,15 7 16 3 17,0,70,,535,2,0,15 7 16 3 17,0,30,,536,2,0,15 7 16 3 17,0,50,,539,2,0,15 7 16 3 17,0,20,,537,2,0,15 7 16 3 17,0,80,,540,2,0,15 7 16 3 17,0,30,,544,2,0,15 7 16 3 17,0,70,,541,2,0,15 7 16 3 17,0,30,,545,2,0,15 7 16 3 17,0,70,,542,2,0,15 7 16 3 17,0,30,,546,2,0,15 7 16 3 17,0,70,,543,2,0,15 7 16 3 17,0,30,,547,2,0,15 7 16 3 17,0,83,,548,2,0,15 7 16 3 17,0,35,,549,2,0,15 7 16 3 17,0,75,,550,2,0,15 7 16 3 17,0,1,,551,2,0,15 7 16 3 17,0,13,,552,2,0,15 7 16 3 17,0,61,,553,2,0,15 7 16 3 17,0,35,,554,2,0,15 7 16 3 17,0,5,,555,2,0,15 7 16 3 17,0,70,,556,2,0,15 7 16 3 17,0,35,,557,2,0,15 7 16 3 17,0,80,,558,2,0,15 7 16 3 17,0,80,,559,2,0,15 7 16 3 17,0,30,,560,2,0,15 7 16 3 17,0,70,,561,2,0,15 7 16 3 17,0,30,,562,2,0,15 7 16 3 17,0,70,,563,2,0,15 7 16 3 17,0,45,,564,2,0,15 7 16 3 17,0,70,,565,2,0,15 7 16 3 17,0,30,,566,2,0,15 7 16 3 17,0,70,,567,2,0,15 7 16 3 17,0
300,'100010',759,,568,2,0,15 7 16 3 17,0,100,,569,2,0,15 7 16 3 17,0,100,,570,2,0,15 7 16 3 17,0,100,,571,2,0,15 7 16 3 17,0,100,,572,2,0,15 7 16 3 17,0,155,,578,2,0,15 7 16 3 17,0,100,,573,2,0,15 7 16 3 17,0,100,,574,2,0,15 7 16 3 17,0,100,,575,2,0,15 7 16 3 17,0,115,,576,2,0,15 7 16 3 17,0,100,,577,2,0,15 7 16 3 17,0
300,'100011',759,,2156,2,0,15 7 16 3 17,0,100,,2157,2,0,15 7 16 3 17,0,100,,2158,2,0,15 7 16 3 17,0,100,,2159,2,0,15 7 16 3 17,0,100,,2160,2,0,15 7 16 3 17,0,155,,2166,2,0,15 7 16 3 17,0,100,,2161,2,0,15 7 16 3 17,0,100,,2162,2,0,15 7 16 3 17,0,100,,2163,2,0,15 7 16 3 17,0,115,,2164,2,0,15 7 16 3 17,0,100,,2165,2,0,15 7 16 3 17,0,100,,2167,2,0,15 7 16 3 17,0
300,'100012',759,,2168,2,0,15 7 16 3 17,0,100,,2169,2,0,15 7 16 3 17,0,100,,2170,2,0,15 7 16 3 17,0,100,,2171,2,0,15 7 16 3 17,0,100,,2172,2,0,15 7 16 3 17,0,155,,2178,2,0,15 7 16 3 17,0,100,,2173,2,0,15 7 16 3 17,0,100,,2174,2,0,15 7 16 3 17,0,100,,2175,2,0,15 7 16 3 17,0,115,,2176,2,0,15 7 16 3 17,0,100,,2177,2,0,15 7 16 3 17,0
300,'100013',523,,2179,2,0,15 7 16 3 17,0,30,,2180,2,0,15 7 16 3 17,0,55,,2186,2,0,15 7 16 3 17,0,15,,2181,2,0,15 7 16 3 17,0,30,,2182,2,0,15 7 16 3 17,0,70,,2183,2,0,15 7 16 3 17,0,30,,2184,2,0,15 7 16 3 17,0,50,,2187,2,0,15 7 16 3 17,0,20,,2185,2,0,15 7 16 3 17,0,80,,2188,2,0,15 7 16 3 17,0,30,,2192,2,0,15 7 16 3 17,0,70,,2189,2,0,15 7 16 3 17,0,30,,2193,2,0,15 7 16 3 17,0,70,,2190,2,0,15 7 16 3 17,0,30,,2194,2,0,15 7 16 3 17,0,70,,2191,2,0,15 7 16 3 17,0,30,,2195,2,0,15 7 16 3 17,0,83,,2196,2,0,15 7 16 3 17,0,35,,2197,2,0,15 7 16 3 17,0,75,,2198,2,0,15 7 16 3 17,0,1,,2199,2,0,15 7 16 3 17,0,13,,2200,2,0,15 7 16 3 17,0,61,,2201,2,0,15 7 16 3 17,0,35,,2202,2,0,15 7 16 3 17,0,5,,2203,2,0,15 7 16 3 17,0,70,,2204,2,0,15 7 16 3 17,0,35,,2205,2,0,15 7 16 3 17,0,80,,2206,2,0,15 7 16 3 17,0,80,,2207,2,0,15 7 16 3 17,0,30,,2208,2,0,15 7 16 3 17,0,70,,2209,2,0,15 7 16 3 17,0,30,,2210,2,0,15 7 16 3 17,0,70,,2211,2,0,15 7 16 3 17,0,45,,2212,2,0,15 7 16 3 17,0,70,,2213,2,0,15 7 16 3 17,0,30,,2214,2,0,15 7 16 3 17,0,70,,2215,2,0,15 7 16 3 17,0
300,'100014',523,,2216,2,0,15 7 16 3 17,0,30,,2217,2,0,15 7 16 3 17,0,55,,2223,2,0,15 7 16 3 17,0,15,,2218,2,0,15 7 16 3 17,0,30,,2219,2,0,15 7 16 3 17,0,70,,2220,2,0,15 7 16 3 17,0,30,,2221,2,0,15 7 16 3 17,0,50,,2224,2,0,15 7 16 3 17,0,20,,2222,2,0,15 7 16 3 17,0,80,,2225,2,0,15 7 16 3 17,0,30,,2229,2,0,15 7 16 3 17,0,70,,2226,2,0,15 7 16 3 17,0,30,,2230,2,0,15 7 16 3 17,0,70,,2227,2,0,15 7 16 3 17,0,30,,2231,2,0,15 7 16 3 17,0,70,,2228,2,0,15 7 16 3 17,0,30,,2232,2,0,15 7 16 3 17,0,83,,2233,2,0,15 7 16 3 17,0,35,,2234,2,0,15 7 16 3 17,0,75,,2235,2,0,15 7 16 3 17,0,1,,2236,2,0,15 7 16 3 17,0,13,,2237,2,0,15 7 16 3 17,0,61,,2238,2,0,15 7 16 3 17,0,35,,2239,2,0,15 7 16 3 17,0,5,,2240,2,0,15 7 16 3 17,0,70,,2241,2,0,15 7 16 3 17,0,35,,2242,2,0,15 7 16 3 17,0,80,,2243,2,0,15 7 16 3 17,0,80,,2244,2,0,15 7 16 3 17,0,30,,2245,2,0,15 7 16 3 17,0,70,,2246,2,0,15 7 16 3 17,0,30,,2247,2,0,15 7 16 3 17,0,70,,2248,2,0,15 7 16 3 17,0,45,,2249,2,0,15 7 16 3 17,0,70,,2250,2,0,15 7 16 3 17,0,30,,2251,2,0,15 7 16 3 17,0,70,,2252,2,0,15 7 16 3 17,0
300,'100015',759,,2253,2,0,15 7 16 3 17,0,100,,2254,2,0,15 7 16 3 17,0,100,,2255,2,0,15 7 16 3 17,0,100,,2256,2,0,15 7 16 3 17,0,100,,2257,2,0,15 7 16 3 17,0,155,,2258,2,0,15 7 16 3 17,0,100,,2259,2,0,15 7 16 3 17,0,100,,2260,2,0,15 7 16 3 17,0,100,,2261,2,0,15 7 16 3 17,0,115,,2262,2,0,15 7 16 3 17,0,100,,2263,2,0,15 7 16 3 17,0
5300,'100009',813,,1367,29,,,0
5300,'100013',813,,3171,29,,,0
5301,'100009',1545,,1369,22,,,0
5301,'100013',1545,,3173,22,,,0
1005300,'100009',752,,1513,4,,,0
1005300,'100013',752,,3301,4,,,0
1005300,'100014',752,,3302,4,,,0
1005301,'100009',1512,,1514,16,,,0
1005301,'100013',1512,,3303,16,,,0
1005301,'100014',1512,,3304,16,,,0
