1000909,'1476779',531,,898,,,0
1000909,'1476780',601,,899,,,0
1000909,'1476781',631,,900,,,0
1000909,'1476782',701,,901,,,0
1000909,'1476783',731,,902,,,0
1000909,'1476784',801,,903,,,0
1000909,'1476785',823,,904,,,0
1000909,'1476786',851,,905,,,0
1000909,'1476787',926,,906,,,0
1000909,'1476788',946,,907,,,0
1000909,'1476789',1016,,908,,,0
1000909,'1476790',1046,,909,,,0
1000909,'1476791',1116,,910,,,0
1000909,'1476792',1146,,911,,,0
1000909,'1476793',1216,,912,,,0
1000909,'1476794',1246,,913,,,0
1000909,'1476795',1316,,914,,,0
1000909,'1476796',1346,,915,,,0
1000909,'1476797',1418,,916,,,0
1000909,'1476798',1448,,917,,,0
1000909,'1476799',1518,,918,,,0
1000909,'1476800',1546,,919,,,0
1000909,'1476801',1618,,920,,,0
1000909,'1476802',1648,,921,,,0
1000909,'1476803',1706,,922,,,0
1000909,'1476804',1751,,923,,,0
1000909,'1476805',1821,,924,,,0
1000909,'1476806',1851,,925,,,0
1000909,'1476807',1921,,926,,,0
1000909,'1476808',1950,,927,,,0
1000909,'1476809',2033,,928,,,0
1000909,'1476810',2118,,929,,,0
1000909,'1476811',2153,,930,,,0
1000909,'1476812',2303,,931,,,0
1000909,'1476813',2228,,932,,,0
1000909,'1476831',745,,933,,,0
1000909,'1476832',825,,934,,,0
1000909,'1476833',905,,935,,,0
1000909,'1476834',945,,936,,,0
1000909,'1476835',1025,,937,,,0
1000909,'1476836',1105,,938,,,0
1000909,'1476837',1145,,939,,,0
1000909,'1476838',1230,,940,,,0
1000909,'1476839',1310,,941,,,0
1000909,'1476840',1351,,942,,,0
1000909,'1476841',1431,,943,,,0
1000909,'1476842',1511,,944,,,0
1000909,'1476843',1551,,945,,,0
1000909,'1476844',1631,,946,,,0
1000909,'1476845',1716,,947,,,0
1000909,'1476846',1756,,948,,,0
1000909,'1476847',1836,,949,,,0
1000909,'1476848',1916,,950,,,0
1000909,'1477594',745,,951,,,0
1000909,'1477595',825,,952,,,0
1000909,'1477596',905,,953,,,0
1000909,'1477597',945,,954,,,0
1000909,'1477598',1025,,955,,,0
1000909,'1477599',1105,,956,,,0
1000909,'1477600',1145,,957,,,0
1000909,'1477601',1230,,958,,,0
1000909,'1477602',1310,,959,,,0
1000909,'1477603',1351,,960,,,0
1000909,'1477604',1431,,961,,,0
1000909,'1477605',1511,,962,,,0
1000909,'1477606',1551,,963,,,0
1000909,'1477607',1631,,964,,,0
1000909,'1477608',1716,,965,,,0
1000909,'1477609',1756,,966,,,0
1000909,'1477610',1836,,967,,,0
1000909,'1477611',1916,,968,,,0
1000909,'1478041',1921,,969,,,0
1000909,'1478042',2303,,970,,,0
1000909,'1478043',1950,,971,,,0
1000909,'1478044',1751,,972,,,0
1000909,'1478045',1821,,973,,,0
1000909,'1478046',2153,,974,,,0
1000909,'1478047',2118,,975,,,0
1000909,'1478048',1851,,976,,,0
1000909,'1478049',2033,,977,,,0
1000909,'1478050',2228,,978,,,0
1000909,'1478051',531,,979,,,0
1000909,'1478052',601,,980,,,0
1000909,'1478053',631,,981,,,0
1000909,'1478054',701,,982,,,0
1000909,'1478055',731,,983,,,0
1000909,'1478056',801,,984,,,0
1000909,'1478057',823,,985,,,0
1000909,'1478058',851,,986,,,0
1000909,'1478059',926,,987,,,0
1000909,'1478060',946,,988,,,0
1000909,'1478061',1016,,989,,,0
1000909,'1478062',1046,,990,,,0
1000909,'1478063',1116,,991,,,0
1000909,'1478064',1146,,992,,,0
1000909,'1478065',1216,,993,,,0
1000909,'1478066',1246,,994,,,0
1000909,'1478067',1316,,995,,,0
1000909,'1478068',1346,,996,,,0
1000909,'1478069',1418,,997,,,0
1000909,'1478070',1448,,998,,,0
1000909,'1478071',1518,,999,,,0
1000909,'1478072',1546,,1000,,,0
1000909,'1478073',1618,,1001,,,0
1000909,'1478074',1648,,1002,,,0
1000909,'1478075',1706,,1003,,,0
