2019,'1476981',752,,160,,,0
2019,'1476982',822,,161,,,0
2019,'1476983',852,,162,,,0
2019,'1476984',922,,163,,,0
2019,'1476985',952,,164,,,0
2019,'1476986',1022,,165,,,0
2019,'1476987',1052,,166,,,0
2019,'1476988',1122,,167,,,0
2019,'1476989',1152,,168,,,0
2019,'1476990',1222,,169,,,0
2019,'1476991',1307,,170,,,0
2019,'1476992',1337,,171,,,0
2019,'1476993',1407,,172,,,0
2019,'1476994',1437,,173,,,0
2019,'1476995',1507,,174,,,0
2019,'1476996',1537,,175,,,0
2019,'1476997',1607,,176,,,0
2019,'1476998',1922,,177,,,0
2019,'1476999',1652,,178,,,0
2019,'1477000',1722,,179,,,0
2019,'1477001',1752,,180,,,0
2019,'1477002',1822,,181,,,0
2019,'1477003',1852,,182,,,0
2019,'1477147',614,,215,,,0
2019,'1477148',714,,216,,,0
2019,'1477149',814,,217,,,0
2019,'1477150',924,,218,,,0
2019,'1477151',1024,,219,,,0
2019,'1477152',1124,,220,,,0
2019,'1477153',1224,,221,,,0
2019,'1477154',1338,,222,,,0
2019,'1477155',544,,223,,,0
2019,'1477156',644,,224,,,0
2019,'1477157',744,,225,,,0
2019,'1477158',854,,226,,,0
2019,'1477159',954,,227,,,0
2019,'1477160',1054,,228,,,0
2019,'1477161',1154,,229,,,0
2019,'1477162',1303,,230,,,0
2019,'1477163',1413,,231,,,0
2019,'1477173',1523,,241,,,0
2019,'1477174',1633,,242,,,0
2019,'1477175',1713,,243,,,0
2019,'1477176',1826,,244,,,0
2019,'1477177',1926,,245,,,0
2019,'1477178',2041,,246,,,0
2019,'1477179',2141,,247,,,0
2019,'1477187',1448,,255,,,0
2019,'1477188',1558,,256,,,0
2019,'1477189',1756,,257,,,0
2019,'1477190',1856,,258,,,0
2019,'1477191',1956,,259,,,0
2019,'1477192',2111,,260,,,0
2019,'1477193',2211,,261,,,0
2019,'1477200',2241,,268,,,0
2019,'1477201',2313,,269,,,0
2019,'1477769',1152,,273,,,0
2019,'1477770',1722,,274,,,0
2019,'1477771',1852,,275,,,0
2019,'1477772',1822,,276,,,0
2019,'1477773',1752,,277,,,0
2019,'1477774',752,,278,,,0
2019,'1477775',852,,279,,,0
2019,'1477776',1022,,280,,,0
2019,'1477777',952,,281,,,0
2019,'1477778',822,,282,,,0
2019,'1477779',1052,,283,,,0
2019,'1477780',1122,,284,,,0
2019,'1477781',1922,,285,,,0
2019,'1477782',1222,,286,,,0
2019,'1477783',1307,,287,,,0
2019,'1477784',1337,,288,,,0
2019,'1477785',1407,,289,,,0
2019,'1477786',1437,,290,,,0
2019,'1477787',1507,,291,,,0
2019,'1477788',922,,292,,,0
2019,'1477789',1607,,293,,,0
2019,'1477790',1652,,294,,,0
2019,'1477791',1537,,295,,,0
