109,'1477027',841,,1,,,0
109,'1477028',941,,2,,,0
109,'1477029',1041,,3,,,0
109,'1477030',1141,,4,,,0
109,'1477031',1241,,5,,,0
109,'1477032',1341,,6,,,0
109,'1477033',1441,,7,,,0
109,'1477034',1541,,8,,,0
109,'1477035',1641,,9,,,0
109,'1477036',1741,,10,,,0
109,'1477037',1841,,11,,,0
109,'1477038',1941,,12,,,0
109,'1477056',604,,30,,,0
109,'1477057',704,,31,,,0
109,'1477058',804,,32,,,0
109,'1477059',904,,33,,,0
109,'1477060',1002,,34,,,0
109,'1477069',644,,43,,,0
109,'1477070',844,,44,,,0
109,'1477071',1042,,45,,,0
109,'1477072',1243,,46,,,0
109,'1477080',1423,,54,,,0
109,'1477081',1723,,55,,,0
109,'1477082',1821,,56,,,0
109,'1477083',1921,,57,,,0
109,'1477084',2021,,58,,,0
109,'1477085',2129,,59,,,0
109,'1477086',1313,,60,,,0
109,'1477090',1112,,64,,,0
109,'1477091',1212,,65,,,0
109,'1477092',744,,66,,,0
109,'1477093',942,,67,,,0
109,'1477094',1142,,68,,,0
109,'1477095',1343,,69,,,0
109,'1477096',1623,,70,,,0
109,'1477097',1523,,71,,,0
109,'1477103',924,,77,,,0
109,'1477104',724,,78,,,0
109,'1477105',624,,79,,,0
109,'1477106',824,,80,,,0
109,'1477113',2059,,87,,,0
109,'1477114',2001,,88,,,0
109,'1477115',1901,,89,,,0
109,'1477116',1801,,90,,,0
109,'1477117',1703,,91,,,0
109,'1477118',1603,,92,,,0
109,'1477119',1543,,93,,,0
109,'1477120',1643,,94,,,0
109,'1477121',1741,,95,,,0
109,'1477122',1841,,96,,,0
109,'1477123',1941,,97,,,0
109,'1477129',1453,,103,,,0
109,'1477134',2227,,108,,,0
109,'1477135',2159,,109,,,0
109,'1477136',2256,,110,,,0
109,'1477613',841,,113,,,0
109,'1477615',941,,115,,,0
109,'1477616',1041,,116,,,0
109,'1477620',1241,,120,,,0
109,'1477621',1141,,121,,,0
109,'1477623',1341,,123,,,0
109,'1477624',1441,,124,,,0
109,'1477626',1541,,126,,,0
109,'1477627',1641,,127,,,0
109,'1477631',1741,,131,,,0
109,'1477633',1841,,133,,,0
109,'1477634',1941,,134,,,0
109,'1477647',1911,,147,,,0
109,'1477648',811,,148,,,0
109,'1477649',1011,,149,,,0
109,'1477650',1111,,150,,,0
109,'1477651',1211,,151,,,0
109,'1477652',1311,,152,,,0
109,'1477653',1411,,153,,,0
109,'1477654',1511,,154,,,0
109,'1477655',1611,,155,,,0
109,'1477656',1711,,156,,,0
109,'1477657',1811,,157,,,0
109,'1477659',911,,159,,,0
