400,'100009',545,,715,36,,,0,70,,694,36,,,0,30,,686,36,,,0,57,,713,36,,,0,13,,695,36,,,0,30,,687,36,,,0,70,,696,36,,,0,40,,688,36,,,0,69,,714,36,,,0,31,,689,36,,,0,70,,710,36,,,0,30,,690,36,,,0,70,,711,36,,,0,30,,691,36,,,0,70,,712,36,,,0,79,,692,36,,,0,35,,717,36,,,0,75,,693,36,,,0,35,,697,36,,,0,75,,716,36,,,0,35,,698,36,,,0,75,,699,36,,,0,80,,705,36,,,0,43,,700,36,,,0,70,,706,36,,,0,30,,701,36,,,0,70,,707,36,,,0,30,,702,36,,,0,85,,708,36,,,0,70,,703,36,,,0,30,,709,36,,,0,70,,704,36,,,0,30,,718,36,,,0,70,,719,36,,,0
400,'100010',545,,749,36,,,0,70,,728,36,,,0,30,,720,36,,,0,57,,747,36,,,0,13,,729,36,,,0,30,,721,36,,,0,70,,730,36,,,0,40,,722,36,,,0,69,,748,36,,,0,31,,723,36,,,0,70,,744,36,,,0,30,,724,36,,,0,70,,745,36,,,0,30,,725,36,,,0,70,,746,36,,,0,79,,726,36,,,0,35,,751,36,,,0,75,,727,36,,,0,35,,731,36,,,0,75,,750,36,,,0,35,,732,36,,,0,75,,733,36,,,0,80,,739,36,,,0,43,,734,36,,,0,70,,740,36,,,0,30,,735,36,,,0,70,,741,36,,,0,30,,736,36,,,0,85,,742,36,,,0,70,,737,36,,,0,30,,743,36,,,0,70,,738,36,,,0,30,,752,36,,,0,70,,753,36,,,0
400,'100012',752,,754,36,,,0,70,,767,36,,,0,30,,755,36,,,0,70,,768,36,,,0,30,,756,36,,,0,70,,769,36,,,0,30,,757,36,,,0,70,,770,36,,,0,30,,758,36,,,0,70,,771,36,,,0,85,,759,36,,,0,30,,772,36,,,0,70,,760,36,,,0,30,,773,36,,,0,70,,761,36,,,0,30,,774,36,,,0,70,,762,36,,,0,45,,775,36,,,0,70,,763,36,,,0,30,,776,36,,,0,70,,764,36,,,0,30,,766,36,,,0,70,,765,36,,,0
400,'100013',752,,777,36,,,0,70,,778,36,,,0,30,,779,36,,,0,70,,780,36,,,0,30,,781,36,,,0,70,,782,36,,,0,30,,783,36,,,0,70,,784,36,,,0,30,,785,36,,,0,70,,786,36,,,0,85,,787,36,,,0,30,,788,36,,,0,70,,789,36,,,0,30,,790,36,,,0,70,,791,36,,,0,30,,792,36,,,0,70,,793,36,,,0,45,,795,36,,,0,70,,796,36,,,0,30,,797,36,,,0,70,,798,36,,,0,30,,799,36,,,0,70,,794,36,,,0
800,'100009',616,,1085,37,,,0,30,,1070,37,,,0,70,,1086,37,,,0,30,,1071,37,,,0,70,,1087,37,,,0,40,,1088,37,,,0,69,,1072,37,,,0,30,,1096,37,,,0,70,,1073,37,,,0,30,,1097,37,,,0,70,,1074,37,,,0,30,,1098,37,,,0,70,,1075,37,,,0,82,,1099,37,,,0,35,,1076,37,,,0,75,,1089,37,,,0,35,,1077,37,,,0,75,,1078,37,,,0,75,,1090,37,,,0,35,,1079,37,,,0,80,,1091,37,,,0,41,,1080,37,,,0,70,,1092,37,,,0,30,,1081,37,,,0,70,,1093,37,,,0,30,,1082,37,,,0,85,,1094,37,,,0,70,,1083,37,,,0,30,,1095,37,,,0,70,,1084,37,,,0,29,,1101,37,,,0,68,,1100,37,,,0
800,'100010',616,,1117,37,,,0,30,,1102,37,,,0,70,,1118,37,,,0,30,,1103,37,,,0,70,,1119,37,,,0,40,,1120,37,,,0,69,,1104,37,,,0,30,,1128,37,,,0,70,,1105,37,,,0,30,,1129,37,,,0,70,,1106,37,,,0,30,,1130,37,,,0,70,,1107,37,,,0,82,,1131,37,,,0,35,,1108,37,,,0,75,,1121,37,,,0,35,,1109,37,,,0,75,,1110,37,,,0,75,,1122,37,,,0,35,,1111,37,,,0,80,,1123,37,,,0,41,,1112,37,,,0,70,,1124,37,,,0,30,,1113,37,,,0,70,,1125,37,,,0,30,,1114,37,,,0,85,,1126,37,,,0,70,,1115,37,,,0,30,,1127,37,,,0,70,,1116,37,,,0,29,,1133,37,,,0,68,,1132,37,,,0
800,'100012',752,,1134,37,,,0,100,,1135,37,,,0,100,,1136,37,,,0,100,,1137,37,,,0,100,,1138,37,,,0,155,,1139,37,,,0,100,,1140,37,,,0,100,,1141,37,,,0,100,,1142,37,,,0,115,,1143,37,,,0,100,,1144,37,,,0,100,,1145,37,,,0
800,'100013',752,,1146,37,,,0,100,,1147,37,,,0,100,,1148,37,,,0,100,,1149,37,,,0,100,,1150,37,,,0,155,,1151,37,,,0,100,,1152,37,,,0,100,,1153,37,,,0,100,,1154,37,,,0,115,,1155,37,,,0,100,,1156,37,,,0,100,,1157,37,,,0
5201,'100010',1535,,1366,23,0,5 6,0
5401,'100010',1454,,1371,20,0,7 18,0
