109,'1477027',836,,1,,,0
109,'1477028',936,,2,,,0
109,'1477029',1036,,3,,,0
109,'1477030',1136,,4,,,0
109,'1477031',1236,,5,,,0
109,'1477032',1336,,6,,,0
109,'1477033',1436,,7,,,0
109,'1477034',1536,,8,,,0
109,'1477035',1636,,9,,,0
109,'1477036',1736,,10,,,0
109,'1477037',1836,,11,,,0
109,'1477038',1936,,12,,,0
109,'1477056',559,,30,,,0
109,'1477057',659,,31,,,0
109,'1477058',759,,32,,,0
109,'1477059',859,,33,,,0
109,'1477060',957,,34,,,0
109,'1477069',639,,43,,,0
109,'1477070',839,,44,,,0
109,'1477071',1037,,45,,,0
109,'1477072',1238,,46,,,0
109,'1477080',1418,,54,,,0
109,'1477081',1718,,55,,,0
109,'1477082',1816,,56,,,0
109,'1477083',1916,,57,,,0
109,'1477084',2016,,58,,,0
109,'1477085',2124,,59,,,0
109,'1477086',1308,,60,,,0
109,'1477090',1107,,64,,,0
109,'1477091',1207,,65,,,0
109,'1477092',739,,66,,,0
109,'1477093',937,,67,,,0
109,'1477094',1137,,68,,,0
109,'1477095',1338,,69,,,0
109,'1477096',1618,,70,,,0
109,'1477097',1518,,71,,,0
109,'1477103',919,,77,,,0
109,'1477104',719,,78,,,0
109,'1477105',619,,79,,,0
109,'1477106',819,,80,,,0
109,'1477113',2054,,87,,,0
109,'1477114',1956,,88,,,0
109,'1477115',1856,,89,,,0
109,'1477116',1756,,90,,,0
109,'1477117',1658,,91,,,0
109,'1477118',1558,,92,,,0
109,'1477119',1538,,93,,,0
109,'1477120',1638,,94,,,0
109,'1477121',1736,,95,,,0
109,'1477122',1836,,96,,,0
109,'1477123',1936,,97,,,0
109,'1477129',1448,,103,,,0
109,'1477134',2223,,108,,,0
109,'1477135',2154,,109,,,0
109,'1477136',2252,,110,,,0
109,'1477613',836,,113,,,0
109,'1477615',936,,115,,,0
109,'1477616',1036,,116,,,0
109,'1477620',1236,,120,,,0
109,'1477621',1136,,121,,,0
109,'1477623',1336,,123,,,0
109,'1477624',1436,,124,,,0
109,'1477626',1536,,126,,,0
109,'1477627',1636,,127,,,0
109,'1477631',1736,,131,,,0
109,'1477633',1836,,133,,,0
109,'1477634',1936,,134,,,0
109,'1477647',1906,,147,,,0
109,'1477648',806,,148,,,0
109,'1477649',1006,,149,,,0
109,'1477650',1106,,150,,,0
109,'1477651',1206,,151,,,0
109,'1477652',1306,,152,,,0
109,'1477653',1406,,153,,,0
109,'1477654',1506,,154,,,0
109,'1477655',1606,,155,,,0
109,'1477656',1706,,156,,,0
109,'1477657',1806,,157,,,0
109,'1477659',906,,159,,,0
