800,'100009',740,,2819,17,0,14 3 15 7 16,0,100,,2820,17,0,14 3 15 7 16,0,100,,2821,17,0,14 3 15 7 16,0,100,,2822,17,0,14 3 15 7 16,0,100,,2823,17,0,14 3 15 7 16,0,115,,2824,17,0,14 3 15 7 16,0,100,,2825,17,0,14 3 15 7 16,0,100,,2826,17,0,14 3 15 7 16,0,100,,2827,17,0,14 3 15 7 16,0,155,,2828,17,0,14 3 15 7 16,0,100,,2829,17,0,14 3 15 7 16,0,100,,2830,17,0,14 3 15 7 16,0,100,,2831,17,0,14 3 15 7 16,0
800,'100010',740,,2832,17,0,14 3 15 7 16,0,100,,2833,17,0,14 3 15 7 16,0,100,,2834,17,0,14 3 15 7 16,0,100,,2835,17,0,14 3 15 7 16,0,100,,2836,17,0,14 3 15 7 16,0,115,,2837,17,0,14 3 15 7 16,0,100,,2838,17,0,14 3 15 7 16,0,100,,2839,17,0,14 3 15 7 16,0,100,,2840,17,0,14 3 15 7 16,0,155,,2841,17,0,14 3 15 7 16,0,100,,2842,17,0,14 3 15 7 16,0,100,,2843,17,0,14 3 15 7 16,0
800,'100011',603,,2859,17,0,14 3 15 7 16,0,30,,2844,17,0,14 3 15 7 16,0,70,,2860,17,0,14 3 15 7 16,0,30,,2845,17,0,14 3 15 7 16,0,70,,2861,17,0,14 3 15 7 16,0,40,,2862,17,0,14 3 15 7 16,0,69,,2846,17,0,14 3 15 7 16,0,30,,2870,17,0,14 3 15 7 16,0,70,,2847,17,0,14 3 15 7 16,0,30,,2871,17,0,14 3 15 7 16,0,70,,2848,17,0,14 3 15 7 16,0,30,,2872,17,0,14 3 15 7 16,0,70,,2849,17,0,14 3 15 7 16,0,41,,2873,17,0,14 3 15 7 16,0,75,,2850,17,0,14 3 15 7 16,0,75,,2863,17,0,14 3 15 7 16,0,35,,2851,17,0,14 3 15 7 16,0,75,,2852,17,0,14 3 15 7 16,0,35,,2864,17,0,14 3 15 7 16,0,75,,2853,17,0,14 3 15 7 16,0,80,,2865,17,0,14 3 15 7 16,0,43,,2854,17,0,14 3 15 7 16,0,70,,2866,17,0,14 3 15 7 16,0,30,,2855,17,0,14 3 15 7 16,0,70,,2867,17,0,14 3 15 7 16,0,30,,2856,17,0,14 3 15 7 16,0,85,,2868,17,0,14 3 15 7 16,0,70,,2857,17,0,14 3 15 7 16,0,30,,2869,17,0,14 3 15 7 16,0,70,,2858,17,0,14 3 15 7 16,0,28,,2875,17,0,14 3 15 7 16,0,28,,2874,17,0,14 3 15 7 16,0
800,'100012',603,,2891,17,0,14 3 15 7 16,0,30,,2876,17,0,14 3 15 7 16,0,70,,2892,17,0,14 3 15 7 16,0,30,,2877,17,0,14 3 15 7 16,0,70,,2893,17,0,14 3 15 7 16,0,40,,2894,17,0,14 3 15 7 16,0,69,,2878,17,0,14 3 15 7 16,0,30,,2902,17,0,14 3 15 7 16,0,70,,2879,17,0,14 3 15 7 16,0,30,,2903,17,0,14 3 15 7 16,0,70,,2880,17,0,14 3 15 7 16,0,30,,2904,17,0,14 3 15 7 16,0,70,,2881,17,0,14 3 15 7 16,0,41,,2905,17,0,14 3 15 7 16,0,75,,2882,17,0,14 3 15 7 16,0,75,,2895,17,0,14 3 15 7 16,0,35,,2883,17,0,14 3 15 7 16,0,75,,2884,17,0,14 3 15 7 16,0,35,,2896,17,0,14 3 15 7 16,0,75,,2885,17,0,14 3 15 7 16,0,80,,2897,17,0,14 3 15 7 16,0,43,,2886,17,0,14 3 15 7 16,0,70,,2898,17,0,14 3 15 7 16,0,30,,2887,17,0,14 3 15 7 16,0,70,,2899,17,0,14 3 15 7 16,0,30,,2888,17,0,14 3 15 7 16,0,85,,2900,17,0,14 3 15 7 16,0,70,,2889,17,0,14 3 15 7 16,0,30,,2901,17,0,14 3 15 7 16,0,70,,2890,17,0,14 3 15 7 16,0,28,,2907,17,0,14 3 15 7 16,0,28,,2906,17,0,14 3 15 7 16,0
800,'100013',740,,2908,17,0,14 3 15 7 16,0,100,,2909,17,0,14 3 15 7 16,0,100,,2910,17,0,14 3 15 7 16,0,100,,2911,17,0,14 3 15 7 16,0,100,,2912,17,0,14 3 15 7 16,0,115,,2913,17,0,14 3 15 7 16,0,100,,2914,17,0,14 3 15 7 16,0,100,,2915,17,0,14 3 15 7 16,0,100,,2916,17,0,14 3 15 7 16,0,155,,2917,17,0,14 3 15 7 16,0,100,,2918,17,0,14 3 15 7 16,0,100,,2919,17,0,14 3 15 7 16,0
5000,'100011',750,,3162,15,0,7 8 9 10 11,0
5100,'100011',748,,3165,16,0,7 8 9 10 11,0
5101,'100011',1503,,3166,12,0,7 8 9 10 11,0
5300,'100011',826,,3171,49,,,0
1005301,'100011',1501,,3303,7,,,0
1005301,'100012',1501,,3304,7,,,0
