101,'100012',801,,3481,2,,,0,100,,3482,2,,,0,100,,3483,2,,,0,100,,3484,2,,,0,100,,3485,2,,,0,100,,3486,2,,,0,100,,3487,2,,,0,100,,3488,2,,,0,100,,3489,2,,,0,100,,3490,2,,,0,100,,3491,2,,,0,100,,3492,2,,,0
101,'100013',731,,3516,2,,,0,70,,3493,2,,,0,30,,3505,2,,,0,70,,3494,2,,,0,30,,3506,2,,,0,70,,3495,2,,,0,30,,3507,2,,,0,70,,3496,2,,,0,30,,3508,2,,,0,70,,3497,2,,,0,30,,3509,2,,,0,70,,3499,2,,,0,30,,3510,2,,,0,70,,3498,2,,,0,30,,3511,2,,,0,70,,3501,2,,,0,30,,3512,2,,,0,70,,3500,2,,,0,30,,3513,2,,,0,70,,3502,2,,,0,30,,3514,2,,,0,70,,3503,2,,,0,30,,3515,2,,,0,70,,3504,2,,,0
101,'100014',523,,3518,2,,,0,30,,3522,2,,,0,70,,3521,2,,,0,30,,3523,2,,,0,70,,3520,2,,,0,30,,3524,2,,,0,80,,3517,2,,,0,70,,3525,2,,,0,30,,3519,2,,,0,70,,3526,2,,,0,30,,3537,2,,,0,70,,3527,2,,,0,30,,3538,2,,,0,70,,3528,2,,,0,30,,3539,2,,,0,70,,3529,2,,,0,30,,3530,2,,,0,70,,3547,2,,,0,30,,3531,2,,,0,78,,3546,2,,,0,30,,3532,2,,,0,70,,3545,2,,,0,30,,3533,2,,,0,70,,3544,2,,,0,30,,3534,2,,,0,70,,3543,2,,,0,30,,3535,2,,,0,70,,3542,2,,,0,40,,3536,2,,,0,70,,3541,2,,,0,30,,3540,2,,,0,70,,3548,2,,,0,30,,3549,2,,,0,70,,3551,2,,,0,30,,3550,2,,,0
500,'100012',825,,3916,48,,,0,100,,3917,48,,,0,100,,3918,48,,,0,100,,3919,48,,,0,100,,3920,48,,,0,115,,3921,48,,,0,100,,3922,48,,,0,100,,3923,48,,,0,115,,3924,48,,,0,100,,3925,48,,,0,100,,3926,48,,,0
500,'100013',825,,3927,48,,,0,100,,3928,48,,,0,100,,3929,48,,,0,100,,3930,48,,,0,100,,3931,48,,,0,115,,3932,48,,,0,100,,3933,48,,,0,100,,3934,48,,,0,115,,3935,48,,,0,100,,3936,48,,,0,100,,3937,48,,,0
500,'100014',617,,3938,48,,,0,30,,3954,48,,,0,70,,3939,48,,,0,30,,3955,48,,,0,70,,3940,48,,,0,40,,3941,48,,,0,70,,3963,48,,,0,30,,3942,48,,,0,70,,3966,48,,,0,30,,3943,48,,,0,70,,3965,48,,,0,30,,3944,48,,,0,70,,3967,48,,,0,83,,3945,48,,,0,35,,3964,48,,,0,75,,3946,48,,,0,35,,3956,48,,,0,75,,3947,48,,,0,75,,3957,48,,,0,35,,3948,48,,,0,80,,3949,48,,,0,80,,3958,48,,,0,30,,3950,48,,,0,70,,3959,48,,,0,30,,3951,48,,,0,70,,3960,48,,,0,45,,3952,48,,,0,70,,3961,48,,,0,30,,3953,48,,,0,70,,3962,48,,,0,30,,3968,48,,,0,70,,3969,48,,,0
800,'100012',755,,4085,41,,,0,100,,4086,41,,,0,100,,4087,41,,,0,100,,4088,41,,,0,100,,4089,41,,,0,155,,4090,41,,,0,100,,4091,41,,,0,100,,4092,41,,,0,100,,4093,41,,,0,115,,4094,41,,,0,100,,4095,41,,,0,100,,4096,41,,,0
800,'100013',755,,4097,41,,,0,100,,4098,41,,,0,100,,4099,41,,,0,100,,4100,41,,,0,100,,4101,41,,,0,155,,4102,41,,,0,100,,4103,41,,,0,100,,4104,41,,,0,100,,4105,41,,,0,115,,4106,41,,,0,100,,4107,41,,,0,100,,4108,41,,,0
800,'100014',618,,4124,41,,,0,30,,4109,41,,,0,70,,4125,41,,,0,30,,4110,41,,,0,70,,4126,41,,,0,40,,4127,41,,,0,69,,4111,41,,,0,30,,4135,41,,,0,70,,4112,41,,,0,30,,4136,41,,,0,70,,4113,41,,,0,30,,4137,41,,,0,70,,4114,41,,,0,83,,4138,41,,,0,35,,4115,41,,,0,75,,4128,41,,,0,35,,4116,41,,,0,75,,4117,41,,,0,75,,4129,41,,,0,35,,4118,41,,,0,80,,4130,41,,,0,81,,4119,41,,,0,30,,4131,41,,,0,70,,4120,41,,,0,30,,4132,41,,,0,70,,4121,41,,,0,45,,4133,41,,,0,70,,4122,41,,,0,30,,4134,41,,,0,70,,4123,41,,,0,28,,4140,41,,,0,68,,4139,41,,,0
2101,'100012',731,,4211,2,,,0,75,,4212,2,,,0,35,,4213,2,,,0,75,,4214,2,,,0,35,,4215,2,,,0,75,,4216,2,,,0,75,,4217,2,,,0,35,,4218,2,,,0,75,,4219,2,,,0,35,,4220,2,,,0,75,,4221,2,,,0,35,,4222,2,,,0,75,,4223,2,,,0,75,,4224,2,,,0,35,,4225,2,,,0,75,,4226,2,,,0,35,,4227,2,,,0,80,,4228,2,,,0,75,,4229,2,,,0,35,,4230,2,,,0
2101,'100013',731,,4238,2,,,0,75,,4231,2,,,0,35,,4239,2,,,0,75,,4232,2,,,0,35,,4249,2,,,0,75,,4247,2,,,0,75,,4240,2,,,0,36,,4233,2,,,0,74,,4241,2,,,0,35,,4234,2,,,0,75,,4242,2,,,0,35,,4235,2,,,0,75,,4243,2,,,0,75,,4236,2,,,0,35,,4250,2,,,0,75,,4246,2,,,0,35,,4244,2,,,0,80,,4237,2,,,0,75,,4245,2,,,0,35,,4248,2,,,0
2101,'100014',553,,4264,2,,,0,73,,4251,2,,,0,77,,4265,2,,,0,35,,4252,2,,,0,74,,4266,2,,,0,36,,4253,2,,,0,75,,4267,2,,,0,35,,4254,2,,,0,75,,4268,2,,,0,75,,4255,2,,,0,35,,4269,2,,,0,75,,4256,2,,,0,35,,4270,2,,,0,75,,4257,2,,,0,75,,4271,2,,,0,35,,4258,2,,,0,75,,4272,2,,,0,35,,4259,2,,,0,75,,4273,2,,,0,80,,4260,2,,,0,35,,4274,2,,,0,75,,4261,2,,,0,37,,4275,2,,,0,73,,4262,2,,,0,79,,4276,2,,,0,49,,4263,2,,,0,70,,4277,2,,,0,30,,4280,2,,,0,70,,4279,2,,,0,30,,4278,2,,,0
1000900,'100012',731,,4281,3,,,0,80,,4282,3,,,0,40,,4283,3,,,0,80,,4284,3,,,0,80,,4285,3,,,0,40,,4286,3,,,0,80,,4287,3,,,0,85,,4288,3,,,0,40,,4289,3,,,0,80,,4290,3,,,0,80,,4291,3,,,0,40,,4292,3,,,0,80,,4293,3,,,0,80,,4294,3,,,0,85,,4295,3,,,0,40,,4296,3,,,0,80,,4297,3,,,0,80,,4298,3,,,0
1000900,'100013',731,,4299,3,,,0,80,,4300,3,,,0,40,,4301,3,,,0,80,,4302,3,,,0,80,,4303,3,,,0,40,,4304,3,,,0,80,,4305,3,,,0,85,,4306,3,,,0,40,,4307,3,,,0,80,,4308,3,,,0,80,,4309,3,,,0,40,,4310,3,,,0,80,,4311,3,,,0,80,,4312,3,,,0,85,,4313,3,,,0,40,,4314,3,,,0,80,,4315,3,,,0,80,,4316,3,,,0
1000900,'100014',519,,4327,3,,,0,30,,4328,3,,,0,70,,4329,3,,,0,30,,4330,3,,,0,70,,4331,3,,,0,30,,4332,3,,,0,62,,4333,3,,,0,28,,4334,3,,,0,74,,4335,3,,,0,20,,4336,3,,,0,70,,4337,3,,,0,30,,4338,3,,,0,70,,4339,3,,,0,30,,4340,3,,,0,70,,4341,3,,,0,30,,4342,3,,,0,70,,4343,3,,,0,30,,4344,3,,,0,70,,4345,3,,,0,30,,4346,3,,,0,70,,4347,3,,,0,28,,4348,3,,,0,72,,4349,3,,,0,30,,4350,3,,,0,18,,4351,3,,,0,85,,4320,3,,,0,70,,4321,3,,,0,30,,4324,3,,,0,70,,4317,3,,,0,30,,4319,3,,,0,85,,4325,3,,,0,85,,4323,3,,,0,35,,4322,3,,,0,75,,4326,3,,,0,35,,4318,3,,,0
2000900,'100012',751,,4352,3,,,0,80,,4353,3,,,0,80,,4354,3,,,0,40,,4355,3,,,0,80,,4356,3,,,0,80,,4357,3,,,0,40,,4358,3,,,0,80,,4359,3,,,0,85,,4360,3,,,0,40,,4361,3,,,0,80,,4362,3,,,0,80,,4363,3,,,0,85,,4364,3,,,0,40,,4365,3,,,0,80,,4366,3,,,0,80,,4367,3,,,0,40,,4368,3,,,0
2000900,'100013',751,,4369,3,,,0,80,,4370,3,,,0,80,,4371,3,,,0,40,,4372,3,,,0,80,,4373,3,,,0,80,,4374,3,,,0,40,,4375,3,,,0,80,,4376,3,,,0,85,,4377,3,,,0,40,,4378,3,,,0,80,,4379,3,,,0,80,,4380,3,,,0,85,,4381,3,,,0,40,,4382,3,,,0,80,,4383,3,,,0,80,,4384,3,,,0,40,,4385,3,,,0
2000900,'100014',543,,4386,3,,,0,60,,4387,3,,,0,30,,4388,3,,,0,70,,4389,3,,,0,30,,4390,3,,,0,20,,4391,3,,,0,80,,4392,3,,,0,22,,4417,3,,,0,68,,4393,3,,,0,29,,4394,3,,,0,60,,4395,3,,,0,30,,4396,3,,,0,70,,4397,3,,,0,30,,4398,3,,,0,70,,4399,3,,,0,30,,4400,3,,,0,70,,4401,3,,,0,30,,4402,3,,,0,70,,4403,3,,,0,31,,4404,3,,,0,70,,4405,3,,,0,34,,4406,3,,,0,64,,4407,3,,,0,32,,4408,3,,,0,78,,4409,3,,,0,30,,4410,3,,,0,70,,4411,3,,,0,30,,4412,3,,,0,70,,4413,3,,,0,26,,4414,3,,,0,74,,4415,3,,,0,34,,4416,3,,,0,85,,4418,3,,,0,75,,4419,3,,,0,36,,4420,3,,,0
