200,'100009',554,,300,4,0,29 30,0,70,,309,4,0,29 30,0,30,,301,4,0,29 30,0,70,,310,4,0,29 30,0,30,,302,4,0,29 30,0,80,,311,4,0,29 30,0,70,,303,4,0,29 30,0,30,,312,4,0,29 30,0,70,,304,4,0,29 30,0,30,,313,4,0,29 30,0,70,,305,4,0,29 30,0,30,,314,4,0,29 30,0,70,,306,4,0,29 30,0,39,,315,4,0,29 30,0,75,,307,4,0,29 30,0,35,,316,4,0,29 30,0,75,,324,4,0,29 30,0,75,,317,4,0,29 30,0,35,,325,4,0,29 30,0,75,,318,4,0,29 30,0,40,,319,4,0,29 30,0,85,,326,4,0,29 30,0,70,,320,4,0,29 30,0,30,,327,4,0,29 30,0,70,,321,4,0,29 30,0,30,,328,4,0,29 30,0,85,,322,4,0,29 30,0,30,,329,4,0,29 30,0,70,,323,4,0,29 30,0,30,,330,4,0,29 30,0,70,,331,4,0,29 30,0,30,,332,4,0,29 30,0
200,'100010',732,,338,4,0,29 30,0,70,,342,4,0,29 30,0,30,,339,4,0,29 30,0,70,,352,4,0,29 30,0,30,,341,4,0,29 30,0,70,,340,4,0,29 30,0,30,,343,4,0,29 30,0,70,,344,4,0,29 30,0,30,,333,4,0,29 30,0,70,,346,4,0,29 30,0,45,,347,4,0,29 30,0,70,,348,4,0,29 30,0,30,,349,4,0,29 30,0,70,,350,4,0,29 30,0,30,,351,4,0,29 30,0,70,,355,4,0,29 30,0,30,,353,4,0,29 30,0,85,,354,4,0,29 30,0,70,,334,4,0,29 30,0,30,,337,4,0,29 30,0,70,,336,4,0,29 30,0,30,,335,4,0,29 30,0,70,,345,4,0,29 30,0
200,'100011',732,,1902,28,0,29 30,0,70,,1901,28,0,29 30,0,30,,1880,28,0,29 30,0,70,,1879,28,0,29 30,0,30,,1881,28,0,29 30,0,70,,1882,28,0,29 30,0,30,,1883,28,0,29 30,0,70,,1884,28,0,29 30,0,30,,1885,28,0,29 30,0,70,,1886,28,0,29 30,0,45,,1887,28,0,29 30,0,70,,1888,28,0,29 30,0,30,,1889,28,0,29 30,0,70,,1890,28,0,29 30,0,30,,1891,28,0,29 30,0,70,,1892,28,0,29 30,0,30,,1893,28,0,29 30,0,85,,1894,28,0,29 30,0,70,,1895,28,0,29 30,0,30,,1896,28,0,29 30,0,70,,1897,28,0,29 30,0,30,,1898,28,0,29 30,0,70,,1899,28,0,29 30,0,30,,1900,28,0,29 30,0,70,,1903,28,0,29 30,0
200,'100012',732,,1927,28,0,29 30,0,70,,1926,28,0,29 30,0,30,,1905,28,0,29 30,0,70,,1904,28,0,29 30,0,30,,1906,28,0,29 30,0,70,,1907,28,0,29 30,0,30,,1908,28,0,29 30,0,70,,1909,28,0,29 30,0,30,,1910,28,0,29 30,0,70,,1911,28,0,29 30,0,45,,1912,28,0,29 30,0,70,,1913,28,0,29 30,0,30,,1914,28,0,29 30,0,70,,1915,28,0,29 30,0,30,,1916,28,0,29 30,0,70,,1917,28,0,29 30,0,30,,1918,28,0,29 30,0,85,,1919,28,0,29 30,0,70,,1920,28,0,29 30,0,30,,1921,28,0,29 30,0,70,,1922,28,0,29 30,0,30,,1923,28,0,29 30,0,70,,1924,28,0,29 30,0,30,,1925,28,0,29 30,0
200,'100013',554,,1928,28,0,29 30,0,70,,1937,28,0,29 30,0,30,,1929,28,0,29 30,0,70,,1938,28,0,29 30,0,30,,1930,28,0,29 30,0,80,,1939,28,0,29 30,0,70,,1931,28,0,29 30,0,30,,1940,28,0,29 30,0,70,,1932,28,0,29 30,0,30,,1941,28,0,29 30,0,70,,1933,28,0,29 30,0,30,,1942,28,0,29 30,0,70,,1934,28,0,29 30,0,30,,1943,28,0,29 30,0,84,,1935,28,0,29 30,0,35,,1944,28,0,29 30,0,75,,1936,28,0,29 30,0,75,,1945,28,0,29 30,0,35,,1953,28,0,29 30,0,75,,1946,28,0,29 30,0,35,,1954,28,0,29 30,0,89,,1947,28,0,29 30,0,71,,1948,28,0,29 30,0,30,,1955,28,0,29 30,0,70,,1949,28,0,29 30,0,30,,1956,28,0,29 30,0,85,,1950,28,0,29 30,0,30,,1957,28,0,29 30,0,70,,1951,28,0,29 30,0,30,,1958,28,0,29 30,0,70,,1952,28,0,29 30,0,30,,1959,28,0,29 30,0,70,,1960,28,0,29 30,0
200,'100014',554,,1961,28,0,29 30,0,70,,1970,28,0,29 30,0,30,,1962,28,0,29 30,0,70,,1971,28,0,29 30,0,30,,1963,28,0,29 30,0,80,,1972,28,0,29 30,0,70,,1964,28,0,29 30,0,30,,1973,28,0,29 30,0,70,,1965,28,0,29 30,0,30,,1974,28,0,29 30,0,70,,1966,28,0,29 30,0,30,,1975,28,0,29 30,0,70,,1967,28,0,29 30,0,30,,1976,28,0,29 30,0,84,,1968,28,0,29 30,0,35,,1977,28,0,29 30,0,75,,1969,28,0,29 30,0,75,,1978,28,0,29 30,0,35,,1986,28,0,29 30,0,75,,1979,28,0,29 30,0,35,,1987,28,0,29 30,0,89,,1980,28,0,29 30,0,71,,1981,28,0,29 30,0,30,,1988,28,0,29 30,0,70,,1982,28,0,29 30,0,30,,1989,28,0,29 30,0,85,,1983,28,0,29 30,0,30,,1990,28,0,29 30,0,70,,1984,28,0,29 30,0,30,,1991,28,0,29 30,0,70,,1985,28,0,29 30,0,30,,1992,28,0,29 30,0,70,,1993,28,0,29 30,0
200,'100015',732,,2017,28,0,29 30,0,70,,1994,28,0,29 30,0,30,,1995,28,0,29 30,0,70,,1996,28,0,29 30,0,30,,1997,28,0,29 30,0,70,,1998,28,0,29 30,0,30,,1999,28,0,29 30,0,70,,2000,28,0,29 30,0,30,,2001,28,0,29 30,0,70,,2002,28,0,29 30,0,45,,2003,28,0,29 30,0,70,,2004,28,0,29 30,0,30,,2005,28,0,29 30,0,70,,2006,28,0,29 30,0,30,,2007,28,0,29 30,0,70,,2008,28,0,29 30,0,30,,2009,28,0,29 30,0,85,,2010,28,0,29 30,0,70,,2012,28,0,29 30,0,30,,2013,28,0,29 30,0,70,,2014,28,0,29 30,0,30,,2015,28,0,29 30,0,70,,2016,28,0,29 30,0,30,,2011,28,0,29 30,0
2101,'100009',554,,1301,4,,,0,73,,1288,4,,,0,77,,1302,4,,,0,35,,1289,4,,,0,74,,1303,4,,,0,36,,1290,4,,,0,75,,1304,4,,,0,35,,1291,4,,,0,75,,1305,4,,,0,75,,1292,4,,,0,35,,1306,4,,,0,75,,1293,4,,,0,35,,1307,4,,,0,75,,1294,4,,,0,75,,1308,4,,,0,35,,1295,4,,,0,75,,1309,4,,,0,35,,1296,4,,,0,75,,1310,4,,,0,80,,1297,4,,,0,35,,1311,4,,,0,75,,1298,4,,,0,37,,1312,4,,,0,73,,1299,4,,,0,79,,1313,4,,,0,49,,1300,4,,,0,70,,1314,4,,,0,30,,1317,4,,,0,70,,1316,4,,,0,30,,1315,4,,,0
2101,'100010',732,,1325,4,,,0,75,,1318,4,,,0,35,,1326,4,,,0,75,,1319,4,,,0,35,,1336,4,,,0,75,,1334,4,,,0,75,,1327,4,,,0,36,,1320,4,,,0,74,,1328,4,,,0,35,,1321,4,,,0,75,,1329,4,,,0,35,,1322,4,,,0,75,,1330,4,,,0,75,,1323,4,,,0,35,,1337,4,,,0,75,,1333,4,,,0,35,,1331,4,,,0,80,,1324,4,,,0,75,,1332,4,,,0,35,,1335,4,,,0
2101,'100011',732,,3048,4,,,0,75,,3041,4,,,0,35,,3049,4,,,0,75,,3042,4,,,0,35,,3059,4,,,0,75,,3057,4,,,0,75,,3050,4,,,0,36,,3043,4,,,0,74,,3051,4,,,0,35,,3044,4,,,0,75,,3052,4,,,0,35,,3045,4,,,0,75,,3053,4,,,0,75,,3046,4,,,0,35,,3060,4,,,0,75,,3056,4,,,0,35,,3054,4,,,0,80,,3047,4,,,0,75,,3055,4,,,0,35,,3058,4,,,0,110,,3061,4,,,0
2101,'100012',732,,3069,4,,,0,75,,3062,4,,,0,35,,3070,4,,,0,75,,3063,4,,,0,35,,3080,4,,,0,75,,3078,4,,,0,75,,3071,4,,,0,36,,3064,4,,,0,74,,3072,4,,,0,35,,3065,4,,,0,75,,3073,4,,,0,35,,3066,4,,,0,75,,3074,4,,,0,75,,3067,4,,,0,35,,3081,4,,,0,75,,3077,4,,,0,35,,3075,4,,,0,80,,3068,4,,,0,75,,3076,4,,,0,35,,3079,4,,,0
2101,'100013',554,,3095,4,,,0,73,,3082,4,,,0,77,,3096,4,,,0,35,,3083,4,,,0,74,,3097,4,,,0,36,,3084,4,,,0,75,,3098,4,,,0,35,,3085,4,,,0,75,,3099,4,,,0,75,,3086,4,,,0,35,,3100,4,,,0,75,,3087,4,,,0,35,,3101,4,,,0,75,,3088,4,,,0,75,,3102,4,,,0,35,,3089,4,,,0,75,,3103,4,,,0,35,,3090,4,,,0,75,,3104,4,,,0,80,,3091,4,,,0,35,,3105,4,,,0,75,,3092,4,,,0,37,,3106,4,,,0,73,,3093,4,,,0,79,,3107,4,,,0,49,,3094,4,,,0,70,,3108,4,,,0,30,,3111,4,,,0,70,,3110,4,,,0,30,,3109,4,,,0
2101,'100014',554,,3125,4,,,0,73,,3112,4,,,0,77,,3126,4,,,0,35,,3113,4,,,0,74,,3127,4,,,0,36,,3114,4,,,0,75,,3128,4,,,0,35,,3115,4,,,0,75,,3129,4,,,0,75,,3116,4,,,0,35,,3130,4,,,0,75,,3117,4,,,0,35,,3131,4,,,0,75,,3118,4,,,0,75,,3132,4,,,0,35,,3119,4,,,0,75,,3133,4,,,0,35,,3120,4,,,0,75,,3134,4,,,0,80,,3121,4,,,0,35,,3135,4,,,0,75,,3122,4,,,0,37,,3136,4,,,0,73,,3123,4,,,0,79,,3137,4,,,0,49,,3124,4,,,0,70,,3138,4,,,0,30,,3141,4,,,0,70,,3140,4,,,0,30,,3139,4,,,0
2101,'100015',732,,3142,4,,,0,75,,3143,4,,,0,35,,3144,4,,,0,75,,3145,4,,,0,35,,3146,4,,,0,75,,3147,4,,,0,75,,3148,4,,,0,35,,3149,4,,,0,75,,3150,4,,,0,35,,3151,4,,,0,75,,3152,4,,,0,35,,3153,4,,,0,75,,3154,4,,,0,75,,3155,4,,,0,35,,3156,4,,,0,75,,3157,4,,,0,35,,3158,4,,,0,80,,3159,4,,,0,75,,3160,4,,,0,35,,3161,4,,,0
