100,2516,1,0
100,2329,2,0
100,2330,3,0
100,2331,4,0
100,2332,5,0
100,2333,6,0
100,2334,7,0
100,2335,8,0
100,2336,9,0
100,2337,10,0
100,2338,11,0
100,2339,12,0
100,2340,13,0
100,2341,14,0
100,2342,15,0
100,2343,16,0
100,2344,17,0
100,2345,18,0
100,2346,19,0
100,2347,20,0
100,2348,21,0
100,2349,22,0
100,2350,23,0
100,2060,24,0
100,2061,25,0
100,2017,26,0
100,2351,27,1
101,2351,1,0
101,2306,2,0
101,2020,3,0
101,2021,4,0
101,2352,5,0
101,2353,6,0
101,2354,7,0
101,2355,8,0
101,2356,9,0
101,2357,10,0
101,2358,11,0
101,2359,12,0
101,2360,13,0
101,2361,14,0
101,2362,15,0
101,2363,16,0
101,2517,17,0
101,2364,18,0
101,2365,19,0
101,2366,20,0
101,2333,21,0
101,2324,22,0
101,2325,23,0
101,2326,24,0
101,2327,25,0
101,2328,26,0
101,2516,27,1
200,2169,1,0
200,2019,2,0
200,2063,3,0
200,2064,4,0
200,2065,5,0
200,2066,6,0
200,2067,7,0
200,2068,8,0
200,2069,9,0
200,2070,10,0
200,2071,11,0
200,2072,12,0
200,2073,13,0
200,2074,14,0
200,2075,15,0
200,2076,16,0
200,2077,17,0
200,2078,18,0
200,2001,19,0
200,2002,20,0
200,2003,21,0
200,2004,22,0
200,2005,23,0
200,2006,24,0
200,2007,25,0
200,2008,26,0
200,2009,27,0
200,2010,28,0
200,2011,29,0
200,2012,30,0
200,2013,31,0
200,2014,32,0
200,2015,33,0
200,2016,34,0
200,2017,35,0
201,2169,1,0
201,2019,2,0
201,2020,3,0
201,2021,4,0
201,2022,5,0
201,2023,6,0
201,2024,7,0
201,2025,8,0
201,2026,9,0
201,2027,10,0
201,2028,11,0
201,2030,12,0
201,2031,13,0
201,2032,14,0
201,2033,15,0
201,2034,16,0
201,2035,17,0
201,2036,18,0
201,2037,19,0
201,2038,20,0
201,2039,21,0
201,2040,22,0
201,2041,23,0
201,2042,24,0
201,2043,25,0
201,2044,26,0
201,2045,27,0
201,2046,28,0
201,2047,29,0
201,2048,30,0
201,2049,31,0
201,2050,32,0
201,2051,33,0
201,2052,34,0
201,2054,35,0
201,2055,36,0
201,2056,37,0
201,2057,38,0
201,2058,39,0
201,2059,40,0
201,2060,41,0
201,2061,42,0
201,2017,43,0
300,2482,1,0
300,2472,2,0
300,2484,3,0
300,2515,4,0
300,2254,5,0
300,2255,6,0
300,2256,7,0
300,2486,8,0
300,2487,9,0
300,2488,10,0
300,2489,11,0
300,2491,12,0
300,2481,13,0
300,2401,14,0
300,2492,15,0
300,2291,16,0
300,2292,17,0
300,2293,18,0
300,2294,19,0
300,2295,20,0
300,2296,21,0
300,2297,22,0
300,2298,23,0
300,2299,24,0
300,2300,25,0
300,2301,26,0
300,2302,27,0
300,2303,28,0
300,2304,29,0
300,2305,30,0
300,2166,31,0
300,2167,32,0
300,2168,33,0
300,2123,34,1
301,2123,1,0
301,2125,2,0
301,2266,3,0
301,2267,4,0
301,2268,5,0
301,2269,6,0
301,2270,7,0
301,2271,8,0
301,2272,9,0
301,2273,10,0
301,2274,11,0
301,2275,12,0
301,2276,13,0
301,2277,14,0
301,2278,15,0
301,2279,16,0
301,2280,17,0
301,2281,18,0
301,2282,19,0
301,2283,20,0
301,2285,21,0
301,2286,22,0
301,2147,23,0
301,2148,24,0
301,2149,25,0
301,2150,26,0
301,2152,27,0
301,2490,28,0
301,2461,29,0
301,2462,30,0
301,2451,31,0
301,2485,32,0
301,2414,33,0
301,2415,34,0
301,2389,35,0
301,2483,36,0
301,2471,37,0
301,2482,38,1
400,2123,1,0
400,2125,2,0
400,2126,3,0
400,2127,4,0
400,2128,5,0
400,2129,6,0
400,2130,7,0
400,2131,8,0
400,2132,9,0
400,2133,10,0
400,2134,11,0
400,2135,12,0
400,2136,13,0
400,2137,14,0
400,2138,15,0
400,2139,16,0
400,2140,17,0
400,2141,18,0
400,2142,19,0
400,2143,20,0
400,2144,21,0
400,2145,22,0
400,2147,23,0
400,2148,24,0
400,2149,25,0
400,2150,26,0
400,2152,27,0
400,2153,28,0
400,2155,29,0
400,2156,30,0
400,2158,31,0
400,2159,32,0
400,2160,33,0
400,2161,34,0
400,2162,35,0
400,2163,36,0
400,2164,37,0
400,2165,38,0
400,2166,39,0
400,2167,40,0
400,2168,41,0
500,2203,1,0
500,2125,2,0
500,2204,3,0
500,2205,4,0
500,2206,5,0
500,2207,6,0
500,2208,7,0
500,2209,8,0
500,2210,9,0
500,2211,10,0
500,2212,11,0
500,2213,12,0
500,2214,13,0
500,2215,14,0
500,2120,15,0
500,2216,16,0
500,2217,17,0
500,2218,18,0
500,2220,19,0
500,2221,20,0
500,2222,21,0
500,2223,22,0
500,2224,23,0
500,2225,24,0
500,2226,25,0
500,2227,26,0
500,2228,27,0
500,2229,28,0
500,2230,29,0
500,2231,30,0
500,2232,31,0
500,2233,32,0
500,2235,33,0
500,2236,34,0
500,2237,35,0
500,2238,36,0
500,2239,37,0
500,2240,38,0
500,2241,39,0
500,2242,40,0
500,2243,41,0
500,2244,42,0
500,2395,43,0
500,2396,44,0
500,2397,45,0
500,2398,46,0
500,2399,47,0
500,2306,48,0
500,2017,49,0
600,2169,1,0
600,2019,2,0
600,2020,3,0
600,2021,4,0
600,2022,5,0
600,2023,6,0
600,2024,7,0
600,2080,8,0
600,2029,9,0
600,2082,10,0
600,2083,11,0
600,2084,12,0
600,2085,13,0
600,2086,14,0
600,2087,15,0
600,2088,16,0
600,2089,17,0
600,2090,18,0
600,2091,19,0
600,2092,20,0
600,2093,21,0
600,2094,22,0
600,2096,23,0
600,2097,24,0
600,2098,25,0
600,2100,26,0
600,2496,27,0
600,2497,28,0
600,2498,29,0
600,2109,30,0
600,2052,31,0
600,2054,32,0
600,2110,33,0
600,2058,34,0
600,2059,35,0
600,2060,36,0
600,2061,37,0
600,2017,38,0
700,2169,1,0
700,2019,2,0
700,2020,3,0
700,2380,4,0
700,2210,5,0
700,2211,6,0
700,2212,7,0
700,2213,8,0
700,2214,9,0
700,2215,10,0
700,2245,11,0
700,2175,12,0
700,2176,13,0
700,2177,14,0
700,2178,15,0
700,2179,16,0
700,2180,17,0
700,2181,18,0
700,2182,19,0
700,2183,20,0
700,2184,21,0
700,2185,22,0
700,2186,23,0
700,2188,24,0
700,2189,25,0
700,2190,26,0
700,2191,27,0
700,2192,28,0
700,2193,29,0
700,2038,30,0
700,2039,31,0
700,2195,32,0
700,2265,33,0
700,2239,34,0
700,2240,35,0
700,2241,36,0
700,2242,37,0
700,2243,38,0
700,2244,39,0
700,2119,40,0
700,2060,41,0
700,2061,42,0
700,2017,43,0
800,2203,1,0
800,2125,2,0
800,2126,3,0
800,2127,4,0
800,2128,5,0
800,2129,6,0
800,2170,7,0
800,2172,8,0
800,2173,9,0
800,2121,10,0
800,2175,11,0
800,2176,12,0
800,2177,13,0
800,2178,14,0
800,2246,15,0
800,2248,16,0
800,2249,17,0
800,2250,18,0
800,2251,19,0
800,2253,20,0
800,2254,21,0
800,2255,22,0
800,2257,23,0
800,2258,24,0
800,2259,25,0
800,2260,26,0
800,2261,27,0
800,2262,28,0
800,2263,29,0
800,2264,30,0
800,2195,31,0
800,2197,32,0
800,2199,33,0
800,2200,34,0
800,2202,35,0
800,2162,36,0
800,2163,37,0
800,2164,38,0
800,2165,39,0
800,2166,40,0
800,2306,41,0
800,2017,42,0
2100,4011,1,0
2100,4112,2,0
2100,4012,3,0
2100,4113,4,0
2100,4013,5,0
2100,4014,6,0
2100,4015,7,0
2100,4016,8,0
2100,4017,9,0
2100,4018,10,0
2100,4019,11,0
2100,4020,12,0
2100,4021,13,0
2100,4022,14,0
2100,4023,15,0
2100,2013,16,0
2100,2014,17,0
2100,2015,18,0
2100,2016,19,0
2100,2017,20,0
2100,2203,21,1
2101,2203,1,0
2101,2306,2,0
2101,2063,3,0
2101,2064,4,0
2101,2065,5,0
2101,2066,6,0
2101,4001,7,0
2101,4002,8,0
2101,4003,9,0
2101,4004,10,0
2101,4005,11,0
2101,4006,12,0
2101,4007,13,0
2101,4008,14,0
2101,4010,15,0
2101,4009,16,0
2101,4110,17,0
2101,4111,18,0
2101,4011,19,1
5000,2094,1,0
5000,2096,2,0
5000,2097,3,0
5000,2098,4,0
5000,2100,5,0
5000,2102,6,0
5000,2103,7,0
5000,2088,8,0
5000,2089,9,0
5000,2090,10,0
5000,2091,11,0
5000,2092,12,0
5000,2246,13,0
5000,2248,14,0
5000,2249,15,0
5000,2250,16,0
5000,2251,17,0
5000,2253,18,0
5000,2254,19,0
5000,2255,20,0
5000,2256,21,0
5000,2257,22,0
5000,2258,23,0
5000,2259,24,0
5000,2260,25,0
5000,2261,26,0
5000,2262,27,0
5000,2408,28,0
5000,2263,29,0
5000,2264,30,0
5000,2040,31,0
5000,2041,32,0
5000,2042,33,1
5001,2389,1,0
5001,2426,2,0
5001,2427,3,0
5001,2428,4,0
5001,2429,5,0
5001,2430,6,0
5001,2400,7,0
5001,2177,8,0
5001,2178,9,0
5001,2179,10,0
5001,2093,11,0
5001,2094,12,0
5001,2096,13,0
5001,2097,14,0
5001,2098,15,0
5001,2100,16,0
5001,2101,17,0
5001,2102,18,0
5001,2103,19,0
5001,2088,20,0
5001,2089,21,0
5001,2090,22,0
5001,2091,23,0
5001,2092,24,1
5100,2180,1,0
5100,2181,2,0
5100,2182,3,0
5100,2183,4,0
5100,2184,5,0
5100,2185,6,0
5100,2186,7,0
5100,2188,8,0
5100,2189,9,0
5100,2190,10,0
5100,2191,11,0
5100,2192,12,0
5100,2193,13,0
5100,2246,14,0
5100,2248,15,0
5100,2249,16,0
5100,2250,17,0
5100,2251,18,0
5100,2253,19,0
5100,2254,20,0
5100,2255,21,0
5100,2256,22,0
5100,2257,23,0
5100,2258,24,0
5100,2259,25,0
5100,2260,26,0
5100,2261,27,0
5100,2262,28,0
5100,2263,29,0
5100,2264,30,0
5100,2040,31,0
5100,2041,32,0
5100,2042,33,1
5101,2042,1,0
5101,2045,2,0
5101,2046,3,0
5101,2047,4,0
5101,2048,5,0
5101,2033,6,0
5101,2034,7,0
5101,2035,8,0
5101,2036,9,0
5101,2246,10,0
5101,2248,11,0
5101,2249,12,0
5101,2250,13,0
5101,2251,14,0
5101,2415,15,0
5101,2389,16,0
5101,2426,17,0
5101,2427,18,0
5101,2428,19,0
5101,2429,20,0
5101,2430,21,0
5101,2179,22,0
5101,2180,23,0
5101,2181,24,0
5101,2182,25,0
5101,2183,26,0
5101,2184,27,0
5101,2185,28,0
5101,2186,29,0
5101,2188,30,0
5101,2189,31,0
5101,2190,32,0
5101,2191,33,0
5101,2192,34,0
5101,2193,35,0
5101,2038,36,0
5101,2039,37,0
5101,2040,38,0
5101,2041,39,0
5200,2254,1,0
5200,2255,2,0
5200,2256,3,0
5200,2486,4,0
5200,2487,5,0
5200,2402,6,0
5200,2229,7,0
5200,2230,8,0
5200,2231,9,0
5200,2232,10,0
5200,2233,11,0
5200,2221,12,0
5200,2222,13,0
5200,2223,14,0
5200,6110,15,0
5200,2403,16,0
5200,3015,17,0
5200,2481,18,0
5200,2401,19,1
5201,2123,1,0
5201,2125,2,0
5201,2126,3,0
5201,2127,4,0
5201,2128,5,0
5201,2129,6,0
5201,2130,7,0
5201,2131,8,0
5201,2132,9,0
5201,2224,10,0
5201,2225,11,0
5201,2226,12,0
5201,2227,13,0
5201,2228,14,0
5201,2229,15,0
5201,2230,16,0
5201,2231,17,0
5201,2232,18,0
5201,2233,19,0
5201,2221,20,0
5201,2222,21,0
5201,2223,22,0
5201,6110,23,0
5201,2133,24,0
5201,2134,25,0
5201,2135,26,0
5201,2136,27,0
5201,2137,28,0
5201,2138,29,0
5201,2139,30,0
5201,2140,31,0
5201,2141,32,0
5201,2142,33,0
5201,2143,34,0
5201,2144,35,0
5201,2290,36,0
5201,2282,37,0
5201,2283,38,0
5201,2285,39,0
5201,2286,40,0
5201,2147,41,0
5201,2148,42,0
5201,2149,43,0
5201,2150,44,0
5201,2152,45,0
5201,2461,46,0
5201,2462,47,0
5201,2404,48,0
5201,2450,49,0
5201,2487,50,0
5201,2451,51,0
5201,2485,52,0
5201,2256,53,0
5201,2414,54,0
5201,2415,55,0
5201,2389,56,1
5201,2424,57,0
5201,2425,58,0
5201,2254,59,0
5201,2255,60,0
5201,2486,61,0
5201,2488,62,0
5201,2489,63,0
5201,2171,64,0
5201,2155,65,0
5201,2156,66,0
5201,2158,67,0
5201,2159,68,0
5201,2160,69,0
5201,2161,70,0
5201,2162,71,0
5201,2163,72,0
5201,2164,73,0
5201,2165,74,0
5201,2166,75,0
5201,2167,76,0
5201,2169,77,1
5300,2169,1,0
5300,2020,2,0
5300,2021,3,0
5300,2022,4,0
5300,2023,5,0
5300,2024,6,0
5300,2080,7,0
5300,2030,8,0
5300,2031,9,0
5300,2032,10,0
5300,2033,11,0
5300,2034,12,0
5300,2035,13,0
5300,2036,14,0
5300,2037,15,0
5300,2179,16,0
5300,2180,17,0
5300,2181,18,0
5300,2182,19,0
5300,2183,20,0
5300,2184,21,0
5300,2185,22,0
5300,2513,23,0
5300,2514,24,0
5300,2471,25,0
5300,2475,26,0
5300,2473,27,0
5300,2474,28,0
5300,2472,29,0
5300,2484,30,0
5300,2515,31,0
5300,2254,32,0
5300,2255,33,0
5300,2256,34,0
5300,2257,35,0
5300,2258,36,0
5300,2259,37,0
5300,2260,38,0
5300,2261,39,0
5300,2262,40,0
5300,2408,41,0
5300,2263,42,0
5300,2264,43,0
5300,2176,44,0
5300,2177,45,0
5300,2178,46,0
5300,2246,47,0
5300,2248,48,0
5300,2249,49,0
5300,2250,50,0
5300,2251,51,0
5300,2253,52,0
5300,2500,53,1
5301,2500,1,0
5301,2424,2,0
5301,2425,3,0
5301,2426,4,0
5301,2427,5,0
5301,2428,6,0
5301,2429,7,0
5301,2430,8,0
5301,2179,9,0
5301,2180,10,0
5301,2181,11,0
5301,2182,12,0
5301,2183,13,0
5301,2184,14,0
5301,2185,15,0
5301,2513,16,0
5301,2514,17,0
5301,2471,18,0
5301,2475,19,0
5301,2473,20,0
5301,2474,21,0
5301,2472,22,0
5301,2484,23,0
5301,2515,24,0
5301,2254,25,0
5301,2255,26,0
5301,2256,27,0
5301,2257,28,0
5301,2258,29,0
5301,2259,30,0
5301,2260,31,0
5301,2261,32,0
5301,2262,33,0
5301,2408,34,0
5301,2263,35,0
5301,2264,36,0
5301,2176,37,0
5301,2177,38,0
5301,2178,39,0
5301,2431,40,0
5301,2432,41,0
5301,2433,42,0
5301,2434,43,0
5301,2049,44,0
5301,2050,45,0
5301,2051,46,0
5301,2052,47,0
5301,2054,48,0
5301,2110,49,0
5301,2058,50,0
5301,2059,51,0
5301,2060,52,0
5301,2061,53,0
5301,2017,54,0
5301,2169,55,1
5400,2123,1,0
5400,2125,2,0
5400,2126,3,0
5400,2127,4,0
5400,2128,5,0
5400,2129,6,0
5400,2130,7,0
5400,2131,8,0
5400,2132,9,0
5400,2224,10,0
5400,2225,11,0
5400,2226,12,0
5400,2227,13,0
5400,2228,14,0
5400,2229,15,0
5400,2230,16,0
5400,2231,17,0
5400,2232,18,0
5400,2233,19,0
5400,2221,20,0
5400,2222,21,0
5400,2223,22,0
5400,6110,23,0
5400,2133,24,0
5400,2134,25,0
5400,2135,26,0
5400,2136,27,0
5400,2137,28,0
5400,2138,29,0
5400,2139,30,0
5400,2140,31,0
5400,2141,32,0
5400,2142,33,0
5400,2143,34,0
5400,2144,35,0
5400,2290,36,0
5400,2282,37,0
5400,2283,38,0
5400,2285,39,0
5400,2286,40,0
5400,2147,41,0
5400,2148,42,0
5400,2149,43,0
5400,2150,44,0
5400,2152,45,0
5400,2490,46,0
5400,2461,47,0
5400,2462,48,0
5400,2479,49,0
5400,2478,50,0
5400,2493,51,0
5400,2477,52,0
5400,2476,53,0
5400,2480,54,0
5400,2481,55,1
5401,2481,1,0
5401,2401,2,0
5401,2492,3,0
5401,2404,4,0
5401,2450,5,0
5401,2479,6,0
5401,2478,7,0
5401,2493,8,0
5401,2477,9,0
5401,2476,10,0
5401,2480,11,0
5401,2171,12,0
5401,2155,13,0
5401,2156,14,0
5401,2158,15,0
5401,2159,16,0
5401,2160,17,0
5401,2161,18,0
5401,2162,19,0
5401,2163,20,0
5401,2164,21,0
5401,2165,22,0
5401,2166,23,0
5401,2203,24,1
1000900,2203,1,0
1000900,2123,2,0
1000900,2306,3,0
1000900,2020,4,0
1000900,2380,5,0
1000900,2210,6,0
1000900,2211,7,0
1000900,2212,8,0
1000900,2213,9,0
1000900,2214,10,0
1000900,2215,11,0
1000900,2245,12,0
1000900,2390,13,0
1000900,2504,14,0
1000900,2510,15,0
1000900,2505,16,0
1000900,2500,17,0
1000900,2416,18,0
1000900,2417,19,0
1000900,2418,20,0
1000900,2501,21,0
1000900,2502,22,0
1000900,2460,23,0
1000900,2394,24,0
1000900,2265,25,0
1000900,2239,26,0
1000900,2240,27,0
1000900,2241,28,0
1000900,2242,29,0
1000900,2243,30,0
1000900,2244,31,0
1000900,2119,32,0
1000900,2060,33,0
1000900,2061,34,0
1000900,2017,35,0
1005300,2475,1,0
1005300,2473,2,0
1005300,2474,3,0
1005300,2472,4,0
1005300,2484,5,0
1005300,2515,6,0
1005300,2426,7,0
1005300,2427,8,0
1005300,2428,9,0
1005300,2429,10,0
1005300,2430,11,0
1005300,2038,12,0
1005300,2039,13,0
1005300,2040,14,0
1005300,2041,15,0
1005300,2042,16,0
1005300,2043,17,0
1005300,2044,18,0
1005300,2045,19,0
1005300,2046,20,0
1005300,2047,21,0
1005300,2048,22,0
1005300,2049,23,0
1005300,2050,24,0
1005300,2051,25,0
1005300,2052,26,0
1005300,2054,27,0
1005300,2110,28,0
1005300,2058,29,0
1005300,2059,30,0
1005300,2060,31,0
1005300,2061,32,0
1005300,2017,33,0
1005300,2351,34,1
1005301,2400,1,0
1005301,2176,2,0
1005301,2177,3,0
1005301,2178,4,0
1005301,2246,5,0
1005301,2248,6,0
1005301,2249,7,0
1005301,2250,8,0
1005301,2251,9,0
1005301,2253,10,0
1005301,2483,11,0
1005301,2471,12,0
1005301,2475,13,0
1005301,2473,14,0
1005301,2474,15,0
1005301,2472,16,0
1005301,2484,17,0
1005301,2515,18,0
1005301,2500,19,1
2000900,2203,1,0
2000900,2123,2,0
2000900,2306,3,0
2000900,2020,4,0
2000900,2380,5,0
2000900,2210,6,0
2000900,2211,7,0
2000900,2212,8,0
2000900,2213,9,0
2000900,2214,10,0
2000900,2215,11,0
2000900,2245,12,0
2000900,2390,13,0
2000900,2479,14,0
2000900,2478,15,0
2000900,2493,16,0
2000900,2477,17,0
2000900,2476,18,0
2000900,2499,19,0
2000900,2494,20,0
2000900,2495,21,0
2000900,2394,22,0
2000900,2265,23,0
2000900,2239,24,0
2000900,2240,25,0
2000900,2241,26,0
2000900,2242,27,0
2000900,2243,28,0
2000900,2244,29,0
2000900,2119,30,0
2000900,2060,31,0
2000900,2061,32,0
2000900,2017,33,0
