2019,'1476981',754,,160,,,0
2019,'1476982',824,,161,,,0
2019,'1476983',854,,162,,,0
2019,'1476984',924,,163,,,0
2019,'1476985',954,,164,,,0
2019,'1476986',1024,,165,,,0
2019,'1476987',1054,,166,,,0
2019,'1476988',1124,,167,,,0
2019,'1476989',1154,,168,,,0
2019,'1476990',1224,,169,,,0
2019,'1476991',1309,,170,,,0
2019,'1476992',1339,,171,,,0
2019,'1476993',1409,,172,,,0
2019,'1476994',1439,,173,,,0
2019,'1476995',1509,,174,,,0
2019,'1476996',1539,,175,,,0
2019,'1476997',1609,,176,,,0
2019,'1476998',1924,,177,,,0
2019,'1476999',1654,,178,,,0
2019,'1477000',1724,,179,,,0
2019,'1477001',1754,,180,,,0
2019,'1477002',1824,,181,,,0
2019,'1477003',1854,,182,,,0
2019,'1477147',616,,215,,,0
2019,'1477148',716,,216,,,0
2019,'1477149',816,,217,,,0
2019,'1477150',926,,218,,,0
2019,'1477151',1026,,219,,,0
2019,'1477152',1126,,220,,,0
2019,'1477153',1226,,221,,,0
2019,'1477154',1340,,222,,,0
2019,'1477155',546,,223,,,0
2019,'1477156',646,,224,,,0
2019,'1477157',746,,225,,,0
2019,'1477158',856,,226,,,0
2019,'1477159',956,,227,,,0
2019,'1477160',1056,,228,,,0
2019,'1477161',1156,,229,,,0
2019,'1477162',1305,,230,,,0
2019,'1477163',1415,,231,,,0
2019,'1477173',1525,,241,,,0
2019,'1477174',1635,,242,,,0
2019,'1477175',1715,,243,,,0
2019,'1477176',1828,,244,,,0
2019,'1477177',1928,,245,,,0
2019,'1477178',2043,,246,,,0
2019,'1477179',2143,,247,,,0
2019,'1477187',1450,,255,,,0
2019,'1477188',1600,,256,,,0
2019,'1477189',1758,,257,,,0
2019,'1477190',1858,,258,,,0
2019,'1477191',1958,,259,,,0
2019,'1477192',2113,,260,,,0
2019,'1477193',2213,,261,,,0
2019,'1477200',2243,,268,,,0
2019,'1477201',2315,,269,,,0
2019,'1477769',1154,,273,,,0
2019,'1477770',1724,,274,,,0
2019,'1477771',1854,,275,,,0
2019,'1477772',1824,,276,,,0
2019,'1477773',1754,,277,,,0
2019,'1477774',754,,278,,,0
2019,'1477775',854,,279,,,0
2019,'1477776',1024,,280,,,0
2019,'1477777',954,,281,,,0
2019,'1477778',824,,282,,,0
2019,'1477779',1054,,283,,,0
2019,'1477780',1124,,284,,,0
2019,'1477781',1924,,285,,,0
2019,'1477782',1224,,286,,,0
2019,'1477783',1309,,287,,,0
2019,'1477784',1339,,288,,,0
2019,'1477785',1409,,289,,,0
2019,'1477786',1439,,290,,,0
2019,'1477787',1509,,291,,,0
2019,'1477788',924,,292,,,0
2019,'1477789',1609,,293,,,0
2019,'1477790',1654,,294,,,0
2019,'1477791',1539,,295,,,0
