309,'1476929',1707,,331,,,0
309,'1476930',1807,,332,,,0
309,'1476931',1907,,333,,,0
309,'1476932',736,,334,,,0
309,'1476933',836,,335,,,0
309,'1476934',936,,336,,,0
309,'1476935',1037,,337,,,0
309,'1476936',1137,,338,,,0
309,'1476937',1252,,339,,,0
309,'1476938',1352,,340,,,0
309,'1476939',1452,,341,,,0
309,'1476940',1552,,342,,,0
309,'1477265',530,,343,,,0
309,'1477266',600,,344,,,0
309,'1477267',630,,345,,,0
309,'1477268',700,,346,,,0
309,'1477269',730,,347,,,0
309,'1477270',740,,348,,,0
309,'1477271',840,,349,,,0
309,'1477272',940,,350,,,0
309,'1477273',1040,,351,,,0
309,'1477274',1140,,352,,,0
309,'1477275',800,,353,,,0
309,'1477276',910,,354,,,0
309,'1477277',1010,,355,,,0
309,'1477278',1110,,356,,,0
309,'1477279',1210,,357,,,0
309,'1477280',1248,,358,,,0
309,'1477281',1323,,359,,,0
309,'1477282',1358,,360,,,0
309,'1477283',1412,,361,,,0
309,'1477284',1433,,362,,,0
309,'1477285',1508,,363,,,0
309,'1477286',1543,,364,,,0
309,'1477287',1618,,365,,,0
309,'1477288',1658,,366,,,0
309,'1477289',1743,,367,,,0
309,'1477290',1813,,368,,,0
309,'1477291',1843,,369,,,0
309,'1477292',1913,,370,,,0
309,'1477293',1943,,371,,,0
309,'1477294',2028,,372,,,0
309,'1477295',2058,,373,,,0
309,'1477296',2128,,374,,,0
309,'1477297',2158,,375,,,0
309,'1477298',2228,,376,,,0
309,'1477299',2258,,377,,,0
309,'1477300',1513,,378,,,0
309,'1477565',1807,,427,,,0
309,'1477566',1907,,428,,,0
309,'1477567',1707,,429,,,0
309,'1477568',736,,430,,,0
309,'1477569',836,,431,,,0
309,'1477570',936,,432,,,0
309,'1477571',1037,,433,,,0
309,'1477572',1137,,434,,,0
309,'1477573',1252,,435,,,0
309,'1477574',1352,,436,,,0
309,'1477575',1452,,437,,,0
309,'1477576',1552,,438,,,0
