109,'1477039',813,,13,0,33,0
109,'1477040',913,,14,0,33,0
109,'1477041',1013,,15,0,33,0
109,'1477042',1113,,16,0,33,0
109,'1477043',1213,,17,0,33,0
109,'1477044',1313,,18,0,33,0
109,'1477045',1413,,19,0,33,0
109,'1477046',1513,,20,0,33,0
109,'1477047',1613,,21,0,33,0
109,'1477048',1713,,22,0,33,0
109,'1477049',1813,,23,0,33,0
109,'1477050',1913,,24,0,33,0
109,'1477051',836,,25,0,33,0
109,'1477052',536,,26,0,33,0
109,'1477053',934,,27,0,33,0
109,'1477054',736,,28,0,33,0
109,'1477055',636,,29,0,33,0
109,'1477061',616,,35,0,33,0
109,'1477062',716,,36,0,33,0
109,'1477063',816,,37,0,33,0
109,'1477064',914,,38,0,33,0
109,'1477065',1014,,39,0,33,0
109,'1477066',1114,,40,0,33,0
109,'1477067',1215,,41,0,33,0
109,'1477068',1315,,42,0,33,0
109,'1477073',1355,,47,0,33,0
109,'1477074',1455,,48,0,33,0
109,'1477075',1555,,49,0,33,0
109,'1477076',1655,,50,0,33,0
109,'1477077',1754,,51,0,33,0
109,'1477078',1854,,52,0,33,0
109,'1477079',1954,,53,0,33,0
109,'1477087',1044,,61,0,33,0
109,'1477088',1144,,62,0,33,0
109,'1477089',1245,,63,0,33,0
109,'1477098',2102,,72,0,33,0
109,'1477099',556,,73,0,33,0
109,'1477100',656,,74,0,33,0
109,'1477101',756,,75,0,33,0
109,'1477102',856,,76,0,33,0
109,'1477107',2032,,81,0,33,0
109,'1477108',1934,,82,0,33,0
109,'1477109',1834,,83,0,33,0
109,'1477110',1734,,84,0,33,0
109,'1477111',1635,,85,0,33,0
109,'1477112',1535,,86,0,33,0
109,'1477124',1914,,98,0,33,0
109,'1477125',1515,,99,0,33,0
109,'1477126',1615,,100,0,33,0
109,'1477127',1714,,101,0,33,0
109,'1477128',1814,,102,0,33,0
109,'1477130',1425,,104,0,33,0
109,'1477131',2132,,105,0,33,0
109,'1477132',2202,,106,0,33,0
109,'1477133',2301,,107,0,33,0
109,'1477137',2231,,111,0,33,0
109,'1477612',813,,112,0,33,0
109,'1477614',913,,114,0,33,0
109,'1477617',1013,,117,0,33,0
109,'1477618',1113,,118,0,33,0
109,'1477619',1213,,119,0,33,0
109,'1477622',1413,,122,0,33,0
109,'1477625',1313,,125,0,33,0
109,'1477628',1613,,128,0,33,0
109,'1477629',1513,,129,0,33,0
109,'1477630',1713,,130,0,33,0
109,'1477632',1813,,132,0,33,0
109,'1477635',1913,,135,0,33,0
109,'1477636',843,,136,0,33,0
109,'1477637',943,,137,0,33,0
109,'1477638',1043,,138,0,33,0
109,'1477639',1143,,139,0,33,0
109,'1477640',1243,,140,0,33,0
109,'1477641',1343,,141,0,33,0
109,'1477642',1443,,142,0,33,0
109,'1477643',1543,,143,0,33,0
109,'1477644',1643,,144,0,33,0
109,'1477645',1743,,145,0,33,0
109,'1477646',1843,,146,0,33,0
109,'1477658',743,,158,0,33,0
