109,'1477027',839,,1,,,0
109,'1477028',939,,2,,,0
109,'1477029',1039,,3,,,0
109,'1477030',1139,,4,,,0
109,'1477031',1239,,5,,,0
109,'1477032',1339,,6,,,0
109,'1477033',1439,,7,,,0
109,'1477034',1539,,8,,,0
109,'1477035',1639,,9,,,0
109,'1477036',1739,,10,,,0
109,'1477037',1839,,11,,,0
109,'1477038',1939,,12,,,0
109,'1477056',602,,30,,,0
109,'1477057',702,,31,,,0
109,'1477058',802,,32,,,0
109,'1477059',902,,33,,,0
109,'1477060',1000,,34,,,0
109,'1477069',642,,43,,,0
109,'1477070',842,,44,,,0
109,'1477071',1040,,45,,,0
109,'1477072',1241,,46,,,0
109,'1477080',1421,,54,,,0
109,'1477081',1721,,55,,,0
109,'1477082',1819,,56,,,0
109,'1477083',1919,,57,,,0
109,'1477084',2019,,58,,,0
109,'1477085',2127,,59,,,0
109,'1477086',1311,,60,,,0
109,'1477090',1110,,64,,,0
109,'1477091',1210,,65,,,0
109,'1477092',742,,66,,,0
109,'1477093',940,,67,,,0
109,'1477094',1140,,68,,,0
109,'1477095',1341,,69,,,0
109,'1477096',1621,,70,,,0
109,'1477097',1521,,71,,,0
109,'1477103',922,,77,,,0
109,'1477104',722,,78,,,0
109,'1477105',622,,79,,,0
109,'1477106',822,,80,,,0
109,'1477113',2057,,87,,,0
109,'1477114',1959,,88,,,0
109,'1477115',1859,,89,,,0
109,'1477116',1759,,90,,,0
109,'1477117',1701,,91,,,0
109,'1477118',1601,,92,,,0
109,'1477119',1541,,93,,,0
109,'1477120',1641,,94,,,0
109,'1477121',1739,,95,,,0
109,'1477122',1839,,96,,,0
109,'1477123',1939,,97,,,0
109,'1477129',1451,,103,,,0
109,'1477134',2226,,108,,,0
109,'1477135',2157,,109,,,0
109,'1477136',2255,,110,,,0
109,'1477613',839,,113,,,0
109,'1477615',939,,115,,,0
109,'1477616',1039,,116,,,0
109,'1477620',1239,,120,,,0
109,'1477621',1139,,121,,,0
109,'1477623',1339,,123,,,0
109,'1477624',1439,,124,,,0
109,'1477626',1539,,126,,,0
109,'1477627',1639,,127,,,0
109,'1477631',1739,,131,,,0
109,'1477633',1839,,133,,,0
109,'1477634',1939,,134,,,0
109,'1477647',1909,,147,,,0
109,'1477648',809,,148,,,0
109,'1477649',1009,,149,,,0
109,'1477650',1109,,150,,,0
109,'1477651',1209,,151,,,0
109,'1477652',1309,,152,,,0
109,'1477653',1409,,153,,,0
109,'1477654',1509,,154,,,0
109,'1477655',1609,,155,,,0
109,'1477656',1709,,156,,,0
109,'1477657',1809,,157,,,0
109,'1477659',909,,159,,,0
