309,'1476918',805,,320,,,0
309,'1476919',905,,321,,,0
309,'1476920',1005,,322,,,0
309,'1476921',1105,,323,,,0
309,'1476922',1205,,324,,,0
309,'1476923',1320,,325,,,0
309,'1476924',1420,,326,,,0
309,'1476925',1520,,327,,,0
309,'1476926',1620,,328,,,0
309,'1476927',1735,,329,,,0
309,'1476928',1835,,330,,,0
309,'1477301',529,,379,,,0
309,'1477302',559,,380,,,0
309,'1477303',629,,381,,,0
309,'1477304',659,,382,,,0
309,'1477305',729,,383,,,0
309,'1477306',759,,384,,,0
309,'1477307',829,,385,,,0
309,'1477308',614,,386,,,0
309,'1477309',809,,387,,,0
309,'1477310',909,,388,,,0
309,'1477311',1009,,389,,,0
309,'1477312',1109,,390,,,0
309,'1477313',1210,,391,,,0
309,'1477314',939,,392,,,0
309,'1477315',1039,,393,,,0
309,'1477316',1139,,394,,,0
309,'1477317',1240,,395,,,0
309,'1477318',1323,,396,,,0
309,'1477319',1358,,397,,,0
309,'1477320',1433,,398,,,0
309,'1477321',1434,,399,,,0
309,'1477322',1447,,400,,,0
309,'1477323',1508,,401,,,0
309,'1477324',1543,,402,,,0
309,'1477325',1548,,403,,,0
309,'1477326',1618,,404,,,0
309,'1477327',1653,,405,,,0
309,'1477328',1733,,406,,,0
309,'1477329',1812,,407,,,0
309,'1477330',1842,,408,,,0
309,'1477331',1912,,409,,,0
309,'1477332',1942,,410,,,0
309,'1477333',2012,,411,,,0
309,'1477334',2057,,412,,,0
309,'1477335',2127,,413,,,0
309,'1477336',2157,,414,,,0
309,'1477337',2227,,415,,,0
309,'1477554',805,,416,,,0
309,'1477555',905,,417,,,0
309,'1477556',1005,,418,,,0
309,'1477557',1105,,419,,,0
309,'1477558',1205,,420,,,0
309,'1477559',1420,,421,,,0
309,'1477560',1520,,422,,,0
309,'1477561',1620,,423,,,0
309,'1477562',1735,,424,,,0
309,'1477563',1835,,425,,,0
309,'1477564',1320,,426,,,0
5209,'1477513',1531,,892,,,0
