500,'100009',603,,832,21,0,12 3 13,0,30,,848,21,0,12 3 13,0,70,,833,21,0,12 3 13,0,30,,849,21,0,12 3 13,0,70,,834,21,0,12 3 13,0,40,,835,21,0,12 3 13,0,70,,857,21,0,12 3 13,0,30,,836,21,0,12 3 13,0,70,,860,21,0,12 3 13,0,30,,837,21,0,12 3 13,0,70,,859,21,0,12 3 13,0,30,,838,21,0,12 3 13,0,70,,861,21,0,12 3 13,0,41,,839,21,0,12 3 13,0,75,,858,21,0,12 3 13,0,75,,840,21,0,12 3 13,0,35,,850,21,0,12 3 13,0,75,,841,21,0,12 3 13,0,35,,851,21,0,12 3 13,0,75,,842,21,0,12 3 13,0,80,,843,21,0,12 3 13,0,42,,852,21,0,12 3 13,0,70,,844,21,0,12 3 13,0,30,,853,21,0,12 3 13,0,70,,845,21,0,12 3 13,0,30,,854,21,0,12 3 13,0,85,,846,21,0,12 3 13,0,70,,855,21,0,12 3 13,0,30,,847,21,0,12 3 13,0,70,,856,21,0,12 3 13,0,30,,862,21,0,12 3 13,0,70,,863,21,0,12 3 13,0
500,'100010',811,,864,21,0,12 3 13,0,100,,865,21,0,12 3 13,0,100,,866,21,0,12 3 13,0,100,,867,21,0,12 3 13,0,100,,868,21,0,12 3 13,0,115,,869,21,0,12 3 13,0,100,,870,21,0,12 3 13,0,100,,871,21,0,12 3 13,0,115,,872,21,0,12 3 13,0,100,,873,21,0,12 3 13,0,100,,874,21,0,12 3 13,0
500,'100011',811,,2512,21,0,12 3 13,0,100,,2513,21,0,12 3 13,0,100,,2514,21,0,12 3 13,0,100,,2515,21,0,12 3 13,0,100,,2516,21,0,12 3 13,0,115,,2517,21,0,12 3 13,0,100,,2518,21,0,12 3 13,0,100,,2519,21,0,12 3 13,0,115,,2520,21,0,12 3 13,0,100,,2521,21,0,12 3 13,0,100,,2522,21,0,12 3 13,0,100,,2523,21,0,12 3 13,0
500,'100012',811,,2524,21,0,12 3 13,0,100,,2525,21,0,12 3 13,0,100,,2526,21,0,12 3 13,0,100,,2527,21,0,12 3 13,0,100,,2528,21,0,12 3 13,0,115,,2529,21,0,12 3 13,0,100,,2530,21,0,12 3 13,0,100,,2531,21,0,12 3 13,0,115,,2532,21,0,12 3 13,0,100,,2533,21,0,12 3 13,0,100,,2534,21,0,12 3 13,0
500,'100013',603,,2535,21,0,12 3 13,0,30,,2551,21,0,12 3 13,0,70,,2536,21,0,12 3 13,0,30,,2552,21,0,12 3 13,0,70,,2537,21,0,12 3 13,0,40,,2538,21,0,12 3 13,0,70,,2560,21,0,12 3 13,0,30,,2539,21,0,12 3 13,0,70,,2563,21,0,12 3 13,0,30,,2540,21,0,12 3 13,0,70,,2562,21,0,12 3 13,0,30,,2541,21,0,12 3 13,0,70,,2564,21,0,12 3 13,0,41,,2542,21,0,12 3 13,0,75,,2561,21,0,12 3 13,0,75,,2543,21,0,12 3 13,0,35,,2553,21,0,12 3 13,0,75,,2544,21,0,12 3 13,0,35,,2554,21,0,12 3 13,0,75,,2545,21,0,12 3 13,0,80,,2546,21,0,12 3 13,0,42,,2555,21,0,12 3 13,0,70,,2547,21,0,12 3 13,0,30,,2556,21,0,12 3 13,0,70,,2548,21,0,12 3 13,0,30,,2557,21,0,12 3 13,0,85,,2549,21,0,12 3 13,0,70,,2558,21,0,12 3 13,0,30,,2550,21,0,12 3 13,0,70,,2559,21,0,12 3 13,0,30,,2565,21,0,12 3 13,0,70,,2566,21,0,12 3 13,0
500,'100014',603,,2567,21,0,12 3 13,0,30,,2583,21,0,12 3 13,0,70,,2568,21,0,12 3 13,0,30,,2584,21,0,12 3 13,0,70,,2569,21,0,12 3 13,0,40,,2570,21,0,12 3 13,0,70,,2592,21,0,12 3 13,0,30,,2571,21,0,12 3 13,0,70,,2595,21,0,12 3 13,0,30,,2572,21,0,12 3 13,0,70,,2594,21,0,12 3 13,0,30,,2573,21,0,12 3 13,0,70,,2596,21,0,12 3 13,0,41,,2574,21,0,12 3 13,0,75,,2593,21,0,12 3 13,0,75,,2575,21,0,12 3 13,0,35,,2585,21,0,12 3 13,0,75,,2576,21,0,12 3 13,0,35,,2586,21,0,12 3 13,0,75,,2577,21,0,12 3 13,0,80,,2578,21,0,12 3 13,0,42,,2587,21,0,12 3 13,0,70,,2579,21,0,12 3 13,0,30,,2588,21,0,12 3 13,0,70,,2580,21,0,12 3 13,0,30,,2589,21,0,12 3 13,0,85,,2581,21,0,12 3 13,0,70,,2590,21,0,12 3 13,0,30,,2582,21,0,12 3 13,0,70,,2591,21,0,12 3 13,0,30,,2597,21,0,12 3 13,0,70,,2598,21,0,12 3 13,0
500,'100015',811,,2599,21,0,12 3 13,0,100,,2600,21,0,12 3 13,0,100,,2601,21,0,12 3 13,0,100,,2602,21,0,12 3 13,0,100,,2603,21,0,12 3 13,0,115,,2604,21,0,12 3 13,0,100,,2605,21,0,12 3 13,0,100,,2606,21,0,12 3 13,0,115,,2607,21,0,12 3 13,0,100,,2608,21,0,12 3 13,0,100,,2609,21,0,12 3 13,0
5200,'100009',1442,,1364,13,0,5 6,0
5200,'100013',1442,,3168,13,0,5 6,0
5201,'100009',741,,1365,21,0,7 8 9,0
5201,'100013',741,,3169,21,0,7 8 9,0
5400,'100009',735,,1370,21,0,7 18,0
5400,'100013',735,,3174,21,0,7 18,0
