100,'100012',853,,3411,26,,,0,100,,3412,26,,,0,100,,3413,26,,,0,100,,3414,26,,,0,100,,3415,26,,,0,100,,3416,26,,,0,100,,3417,26,,,0,100,,3418,26,,,0,100,,3419,26,,,0,100,,3420,26,,,0,100,,3421,26,,,0,100,,3422,26,,,0
100,'100013',823,,3436,26,,,0,30,,3423,26,,,0,70,,3446,26,,,0,30,,3424,26,,,0,70,,3437,26,,,0,30,,3425,26,,,0,70,,3438,26,,,0,30,,3427,26,,,0,70,,3439,26,,,0,30,,3426,26,,,0,70,,3440,26,,,0,30,,3428,26,,,0,70,,3441,26,,,0,30,,3429,26,,,0,70,,3442,26,,,0,30,,3430,26,,,0,70,,3443,26,,,0,30,,3431,26,,,0,70,,3444,26,,,0,30,,3432,26,,,0,70,,3445,26,,,0,30,,3433,26,,,0,70,,3435,26,,,0,30,,3434,26,,,0
100,'100014',615,,3447,26,,,0,30,,3452,26,,,0,70,,3448,26,,,0,30,,3465,26,,,0,70,,3449,26,,,0,30,,3453,26,,,0,80,,3450,26,,,0,28,,3466,26,,,0,70,,3451,26,,,0,30,,3454,26,,,0,70,,3463,26,,,0,30,,3467,26,,,0,70,,3464,26,,,0,31,,3455,26,,,0,70,,3462,26,,,0,30,,3468,26,,,0,70,,3456,26,,,0,80,,3477,26,,,0,20,,3470,26,,,0,78,,3476,26,,,0,30,,3469,26,,,0,70,,3475,26,,,0,30,,3457,26,,,0,68,,3474,26,,,0,30,,3458,26,,,0,70,,3473,26,,,0,30,,3459,26,,,0,70,,3472,26,,,0,40,,3460,26,,,0,70,,3471,26,,,0,30,,3461,26,,,0,70,,3479,26,,,0,27,,3478,26,,,0,69,,3480,26,,,0
200,'100012',727,,3574,24,0,5 6,0,30,,3552,24,0,5 6,0,70,,3553,24,0,5 6,0,30,,3554,24,0,5 6,0,70,,3555,24,0,5 6,0,30,,3556,24,0,5 6,0,70,,3557,24,0,5 6,0,30,,3558,24,0,5 6,0,70,,3559,24,0,5 6,0,30,,3560,24,0,5 6,0,70,,3561,24,0,5 31,0,85,,3562,24,0,5 6,0,30,,3563,24,0,5 6,0,70,,3564,24,0,5 6,0,30,,3565,24,0,5 6,0,70,,3566,24,0,5 6,0,30,,3567,24,0,5 6,0,70,,3577,24,0,5 31,0,45,,3569,24,0,5 6,0,70,,3570,24,0,5 6,0,30,,3571,24,0,5 6,0,70,,3572,24,0,5 6,0,30,,3573,24,0,5 6,0,70,,3568,24,0,5 6,0
200,'100013',727,,3599,24,0,5 6,0,30,,3598,24,0,5 6,0,70,,3579,24,0,5 6,0,30,,3578,24,0,5 6,0,70,,3580,24,0,5 6,0,30,,3581,24,0,5 6,0,70,,3582,24,0,5 6,0,30,,3583,24,0,5 6,0,70,,3584,24,0,5 6,0,30,,3585,24,0,5 6,0,70,,3602,24,0,5 31,0,85,,3586,24,0,5 6,0,30,,3587,24,0,5 6,0,70,,3588,24,0,5 6,0,30,,3589,24,0,5 6,0,70,,3590,24,0,5 6,0,30,,3591,24,0,5 6,0,70,,3600,24,0,5 31,0,45,,3592,24,0,5 6,0,70,,3593,24,0,5 6,0,30,,3594,24,0,5 6,0,70,,3595,24,0,5 6,0,30,,3596,24,0,5 6,0,70,,3597,24,0,5 6,0
200,'100014',549,,3604,24,0,5 6,0,70,,3613,24,0,5 6,0,30,,3605,24,0,5 6,0,70,,3614,24,0,5 6,0,30,,3606,24,0,5 6,0,70,,3615,24,0,5 6,0,40,,3607,24,0,5 6,0,70,,3616,24,0,5 6,0,30,,3608,24,0,5 6,0,70,,3617,24,0,5 6,0,30,,3609,24,0,5 6,0,70,,3618,24,0,5 6,0,30,,3610,24,0,5 6,0,70,,3619,24,0,5 31,0,83,,3611,24,0,5 6,0,35,,3620,24,0,5 6,0,75,,3612,24,0,5 6,0,35,,3621,24,0,5 6,0,75,,3629,24,0,5 6,0,75,,3622,24,0,5 6,0,35,,3630,24,0,5 6,0,80,,3623,24,0,5 6,0,80,,3624,24,0,5 6,0,30,,3631,24,0,5 6,0,70,,3625,24,0,5 6,0,30,,3632,24,0,5 6,0,70,,3626,24,0,5 6,0,45,,3633,24,0,5 6,0,70,,3627,24,0,5 6,0,30,,3634,24,0,5 6,0,70,,3628,24,0,5 6,0,30,,3635,24,0,5 6,0,70,,3636,24,0,5 6,0
201,'100012',758,,3638,17,0,5 6,0,70,,3639,17,0,5 6,0,30,,3640,17,0,5 6,0,70,,3641,17,0,5 6,0,30,,3642,17,0,5 6,0,70,,3643,17,0,5 6,0,30,,3644,17,0,5 6,0,70,,3645,17,0,5 6,0,30,,3646,17,0,5 6,0,70,,3647,17,0,5 6,0,85,,3648,17,0,5 6,0,30,,3649,17,0,5 6,0,70,,3650,17,0,5 6,0,30,,3651,17,0,5 6,0,70,,3652,17,0,5 6,0,30,,3653,17,0,5 6,0,70,,3662,17,0,5 6,0,45,,3655,17,0,5 6,0,70,,3656,17,0,5 6,0,30,,3657,17,0,5 6,0,70,,3658,17,0,5 6,0,30,,3659,17,0,5 6,0,70,,3654,17,0,5 6,0
201,'100013',758,,3668,17,0,5 6,0,70,,3672,17,0,5 6,0,30,,3669,17,0,5 6,0,70,,3681,17,0,5 6,0,30,,3671,17,0,5 6,0,70,,3670,17,0,5 6,0,30,,3673,17,0,5 6,0,70,,3674,17,0,5 6,0,30,,3663,17,0,5 6,0,70,,3686,17,0,5 6,0,85,,3676,17,0,5 6,0,30,,3677,17,0,5 6,0,70,,3678,17,0,5 6,0,30,,3679,17,0,5 6,0,70,,3680,17,0,5 6,0,30,,3683,17,0,5 6,0,70,,3684,17,0,5 6,0,45,,3682,17,0,5 6,0,70,,3664,17,0,5 6,0,30,,3667,17,0,5 6,0,70,,3666,17,0,5 6,0,30,,3665,17,0,5 6,0,70,,3675,17,0,5 6,0
201,'100014',550,,3721,17,0,5 6,0,70,,3688,17,0,5 6,0,30,,3696,17,0,5 6,0,70,,3689,17,0,5 6,0,30,,3697,17,0,5 6,0,70,,3690,17,0,5 6,0,80,,3698,17,0,5 6,0,30,,3691,17,0,5 6,0,70,,3699,17,0,5 6,0,30,,3692,17,0,5 6,0,70,,3700,17,0,5 6,0,30,,3693,17,0,5 6,0,70,,3701,17,0,5 6,0,30,,3694,17,0,5 6,0,79,,3719,17,0,5 6,0,35,,3695,17,0,5 6,0,75,,3702,17,0,5 6,0,35,,3709,17,0,5 6,0,75,,3703,17,0,5 6,0,75,,3710,17,0,5 6,0,35,,3704,17,0,5 6,0,79,,3720,17,0,5 6,0,84,,3711,17,0,5 6,0,30,,3705,17,0,5 6,0,70,,3712,17,0,5 6,0,30,,3706,17,0,5 6,0,70,,3713,17,0,5 6,0,45,,3707,17,0,5 6,0,70,,3714,17,0,5 6,0,30,,3708,17,0,5 6,0,70,,3715,17,0,5 6,0,30,,3716,17,0,5 6,0,72,,3717,17,0,5 6,0
500,'100012',828,,3916,49,,,0,100,,3917,49,,,0,100,,3918,49,,,0,100,,3919,49,,,0,100,,3920,49,,,0,115,,3921,49,,,0,100,,3922,49,,,0,100,,3923,49,,,0,115,,3924,49,,,0,100,,3925,49,,,0,100,,3926,49,,,0
500,'100013',828,,3927,49,,,0,100,,3928,49,,,0,100,,3929,49,,,0,100,,3930,49,,,0,100,,3931,49,,,0,115,,3932,49,,,0,100,,3933,49,,,0,100,,3934,49,,,0,115,,3935,49,,,0,100,,3936,49,,,0,100,,3937,49,,,0
500,'100014',620,,3938,49,,,0,30,,3954,49,,,0,70,,3939,49,,,0,30,,3955,49,,,0,70,,3940,49,,,0,80,,3941,49,,,0,30,,3963,49,,,0,70,,3942,49,,,0,30,,3966,49,,,0,70,,3943,49,,,0,30,,3965,49,,,0,70,,3944,49,,,0,30,,3967,49,,,0,83,,3945,49,,,0,35,,3964,49,,,0,75,,3946,49,,,0,35,,3956,49,,,0,75,,3947,49,,,0,75,,3957,49,,,0,35,,3948,49,,,0,80,,3949,49,,,0,80,,3958,49,,,0,30,,3950,49,,,0,70,,3959,49,,,0,30,,3951,49,,,0,70,,3960,49,,,0,45,,3952,49,,,0,70,,3961,49,,,0,30,,3953,49,,,0,70,,3962,49,,,0,30,,3968,49,,,0,70,,3969,49,,,0
600,'100012',757,,3970,38,,,0,100,,3971,38,,,0,100,,3972,38,,,0,100,,3973,38,,,0,100,,3974,38,,,0,155,,3975,38,,,0,100,,3976,38,,,0,100,,3977,38,,,0,100,,3978,38,,,0,115,,3979,38,,,0,100,,3980,38,,,0,100,,3981,38,,,0
600,'100013',757,,3982,38,,,0,100,,3983,38,,,0,100,,3984,38,,,0,100,,3985,38,,,0,100,,3986,38,,,0,155,,3987,38,,,0,100,,3988,38,,,0,100,,3989,38,,,0,100,,3990,38,,,0,115,,3991,38,,,0,100,,3992,38,,,0,100,,3993,38,,,0
600,'100014',550,,4004,38,,,0,70,,3994,38,,,0,18,,4022,38,,,0,12,,4005,38,,,0,70,,3995,38,,,0,17,,4023,38,,,0,13,,4006,38,,,0,70,,3996,38,,,0,39,,3997,38,,,0,70,,4014,38,,,0,30,,3998,38,,,0,70,,4015,38,,,0,30,,3999,38,,,0,70,,4024,38,,,0,30,,4000,38,,,0,70,,4025,38,,,0,83,,4001,38,,,0,35,,4026,38,,,0,75,,4002,38,,,0,35,,4007,38,,,0,75,,4003,38,,,0,75,,4016,38,,,0,35,,4008,38,,,0,80,,4017,38,,,0,80,,4009,38,,,0,30,,4018,38,,,0,70,,4010,38,,,0,30,,4019,38,,,0,70,,4011,38,,,0,46,,4020,38,,,0,70,,4012,38,,,0,30,,4021,38,,,0,70,,4013,38,,,0,30,,4028,38,,,0,70,,4027,38,,,0
700,'100012',827,,4029,43,,,0,100,,4030,43,,,0,100,,4031,43,,,0,100,,4032,43,,,0,100,,4033,43,,,0,115,,4034,43,,,0,100,,4035,43,,,0,100,,4036,43,,,0,115,,4037,43,,,0,100,,4038,43,,,0,100,,4039,43,,,0
700,'100013',827,,4040,43,,,0,100,,4041,43,,,0,100,,4042,43,,,0,100,,4043,43,,,0,100,,4044,43,,,0,115,,4045,43,,,0,100,,4046,43,,,0,100,,4047,43,,,0,115,,4048,43,,,0,100,,4049,43,,,0,100,,4050,43,,,0
700,'100014',550,,4051,43,,,0,70,,4061,43,,,0,30,,4052,43,,,0,58,,4079,43,,,0,12,,4062,43,,,0,30,,4053,43,,,0,70,,4063,43,,,0,80,,4072,43,,,0,30,,4054,43,,,0,70,,4073,43,,,0,30,,4055,43,,,0,70,,4080,43,,,0,30,,4056,43,,,0,70,,4081,43,,,0,30,,4057,43,,,0,83,,4082,43,,,0,35,,4058,43,,,0,75,,4064,43,,,0,35,,4059,43,,,0,75,,4065,43,,,0,75,,4060,43,,,0,35,,4066,43,,,0,80,,4067,43,,,0,80,,4074,43,,,0,30,,4068,43,,,0,70,,4075,43,,,0,30,,4069,43,,,0,70,,4076,43,,,0,45,,4070,43,,,0,70,,4077,43,,,0,30,,4071,43,,,0,70,,4078,43,,,0,30,,4083,43,,,0,70,,4084,43,,,0
800,'100012',758,,4085,42,,,0,100,,4086,42,,,0,100,,4087,42,,,0,100,,4088,42,,,0,100,,4089,42,,,0,155,,4090,42,,,0,100,,4091,42,,,0,100,,4092,42,,,0,100,,4093,42,,,0,115,,4094,42,,,0,100,,4095,42,,,0,100,,4096,42,,,0
800,'100013',758,,4097,42,,,0,100,,4098,42,,,0,100,,4099,42,,,0,100,,4100,42,,,0,100,,4101,42,,,0,155,,4102,42,,,0,100,,4103,42,,,0,100,,4104,42,,,0,100,,4105,42,,,0,115,,4106,42,,,0,100,,4107,42,,,0,100,,4108,42,,,0
800,'100014',620,,4124,42,,,0,30,,4109,42,,,0,70,,4125,42,,,0,30,,4110,42,,,0,70,,4126,42,,,0,80,,4127,42,,,0,29,,4111,42,,,0,30,,4135,42,,,0,70,,4112,42,,,0,30,,4136,42,,,0,70,,4113,42,,,0,30,,4137,42,,,0,70,,4114,42,,,0,84,,4138,42,,,0,35,,4115,42,,,0,75,,4128,42,,,0,35,,4116,42,,,0,75,,4117,42,,,0,75,,4129,42,,,0,35,,4118,42,,,0,80,,4130,42,,,0,80,,4119,42,,,0,30,,4131,42,,,0,70,,4120,42,,,0,30,,4132,42,,,0,70,,4121,42,,,0,45,,4133,42,,,0,70,,4122,42,,,0,30,,4134,42,,,0,70,,4123,42,,,0,28,,4140,42,,,0,68,,4139,42,,,0
2100,'100012',835,,4141,20,,,0,75,,4142,20,,,0,35,,4143,20,,,0,75,,4144,20,,,0,35,,4145,20,,,0,75,,4146,20,,,0,75,,4147,20,,,0,35,,4148,20,,,0,75,,4149,20,,,0,35,,4150,20,,,0,75,,4151,20,,,0,75,,4152,20,,,0,35,,4153,20,,,0,75,,4154,20,,,0,35,,4155,20,,,0,75,,4156,20,,,0,35,,4157,20,,,0,80,,4158,20,,,0,75,,4159,20,,,0,35,,4160,20,,,0
2100,'100013',835,,4169,20,,,0,75,,4162,20,,,0,35,,4170,20,,,0,75,,4163,20,,,0,35,,4179,20,,,0,75,,4178,20,,,0,75,,4171,20,,,0,35,,4164,20,,,0,75,,4172,20,,,0,35,,4165,20,,,0,75,,4173,20,,,0,75,,4166,20,,,0,35,,4180,20,,,0,75,,4177,20,,,0,35,,4174,20,,,0,75,,4167,20,,,0,35,,4175,20,,,0,80,,4168,20,,,0,75,,4176,20,,,0,35,,4161,20,,,0
2100,'100014',656,,4195,20,,,0,75,,4181,20,,,0,75,,4196,20,,,0,35,,4182,20,,,0,75,,4197,20,,,0,34,,4183,20,,,0,75,,4198,20,,,0,75,,4184,20,,,0,35,,4199,20,,,0,75,,4185,20,,,0,38,,4200,20,,,0,75,,4186,20,,,0,35,,4201,20,,,0,75,,4187,20,,,0,75,,4202,20,,,0,35,,4188,20,,,0,76,,4203,20,,,0,34,,4189,20,,,0,75,,4204,20,,,0,79,,4190,20,,,0,37,,4205,20,,,0,73,,4191,20,,,0,39,,4206,20,,,0,71,,4192,20,,,0,79,,4207,20,,,0,40,,4193,20,,,0,70,,4194,20,,,0,30,,4208,20,,,0,70,,4209,20,,,0,30,,4210,20,,,0
1000900,'100012',803,,4281,36,,,0,40,,4282,36,,,0,80,,4283,36,,,0,80,,4284,36,,,0,40,,4285,36,,,0,82,,4286,36,,,0,80,,4287,36,,,0,45,,4288,36,,,0,80,,4289,36,,,0,81,,4290,36,,,0,40,,4291,36,,,0,80,,4292,36,,,0,80,,4293,36,,,0,40,,4294,36,,,0,85,,4295,36,,,0,80,,4296,36,,,0,40,,4297,36,,,0,80,,4298,36,,,0
1000900,'100013',803,,4299,36,,,0,40,,4300,36,,,0,80,,4301,36,,,0,80,,4302,36,,,0,40,,4303,36,,,0,82,,4304,36,,,0,80,,4305,36,,,0,45,,4306,36,,,0,80,,4307,36,,,0,81,,4308,36,,,0,40,,4309,36,,,0,80,,4310,36,,,0,80,,4311,36,,,0,40,,4312,36,,,0,85,,4313,36,,,0,80,,4314,36,,,0,40,,4315,36,,,0,80,,4316,36,,,0
1000900,'100014',550,,4327,36,,,0,70,,4328,36,,,0,30,,4329,36,,,0,70,,4330,36,,,0,30,,4331,36,,,0,70,,4332,36,,,0,22,,4333,36,,,0,68,,4334,36,,,0,35,,4335,36,,,0,60,,4336,36,,,0,30,,4337,36,,,0,70,,4338,36,,,0,30,,4339,36,,,0,70,,4340,36,,,0,30,,4341,36,,,0,70,,4342,36,,,0,30,,4343,36,,,0,70,,4344,36,,,0,34,,4345,36,,,0,70,,4346,36,,,0,34,,4347,36,,,0,64,,4348,36,,,0,32,,4349,36,,,0,70,,4350,36,,,0,18,,4351,36,,,0,85,,4320,36,,,0,30,,4321,36,,,0,70,,4324,36,,,0,30,,4317,36,,,0,67,,4319,36,,,0,43,,4325,36,,,0,85,,4323,36,,,0,75,,4322,36,,,0,35,,4326,36,,,0,75,,4318,36,,,0
2000900,'100012',824,,4352,34,,,0,80,,4353,34,,,0,40,,4354,34,,,0,80,,4355,34,,,0,80,,4356,34,,,0,40,,4357,34,,,0,81,,4358,34,,,0,80,,4359,34,,,0,45,,4360,34,,,0,80,,4361,34,,,0,81,,4362,34,,,0,40,,4363,34,,,0,85,,4364,34,,,0,80,,4365,34,,,0,40,,4366,34,,,0,80,,4367,34,,,0,80,,4368,34,,,0
2000900,'100013',824,,4369,34,,,0,80,,4370,34,,,0,40,,4371,34,,,0,80,,4372,34,,,0,80,,4373,34,,,0,40,,4374,34,,,0,81,,4375,34,,,0,80,,4376,34,,,0,45,,4377,34,,,0,80,,4378,34,,,0,81,,4379,34,,,0,40,,4380,34,,,0,85,,4381,34,,,0,80,,4382,34,,,0,40,,4383,34,,,0,80,,4384,34,,,0,80,,4385,34,,,0
2000900,'100014',615,,4386,34,,,0,20,,4387,34,,,0,70,,4388,34,,,0,30,,4389,34,,,0,70,,4390,34,,,0,20,,4391,34,,,0,80,,4392,34,,,0,22,,4417,34,,,0,28,,4393,34,,,0,70,,4394,34,,,0,20,,4395,34,,,0,70,,4396,34,,,0,30,,4397,34,,,0,70,,4398,34,,,0,30,,4399,34,,,0,70,,4400,34,,,0,30,,4401,34,,,0,70,,4402,34,,,0,33,,4403,34,,,0,71,,4404,34,,,0,30,,4405,34,,,0,74,,4406,34,,,0,24,,4407,34,,,0,72,,4408,34,,,0,38,,4409,34,,,0,70,,4410,34,,,0,30,,4411,34,,,0,70,,4412,34,,,0,30,,4413,34,,,0,65,,4414,34,,,0,31,,4415,34,,,0,74,,4416,34,,,0,85,,4418,34,,,0,35,,4419,34,,,0,76,,4420,34,,,0
