700,'100009',531,,1014,15,0,24 3 25,0,70,,1024,15,0,24 3 25,0,30,,1015,15,0,24 3 25,0,18,,1042,15,0,24 3 25,0,52,,1025,15,0,24 3 25,0,30,,1016,15,0,24 3 25,0,70,,1026,15,0,24 3 25,0,40,,1035,15,0,24 3 25,0,70,,1017,15,0,24 3 25,0,30,,1036,15,0,24 3 25,0,70,,1018,15,0,24 3 25,0,30,,1043,15,0,24 3 25,0,70,,1019,15,0,24 3 25,0,30,,1044,15,0,24 3 25,0,70,,1020,15,0,24 3 25,0,41,,1045,15,0,24 3 25,0,75,,1021,15,0,24 3 25,0,75,,1027,15,0,24 3 25,0,35,,1022,15,0,24 3 25,0,75,,1028,15,0,24 3 25,0,35,,1023,15,0,24 3 25,0,75,,1029,15,0,24 3 25,0,80,,1030,15,0,24 3 25,0,42,,1037,15,0,24 3 25,0,70,,1031,15,0,24 3 25,0,30,,1038,15,0,24 3 25,0,70,,1032,15,0,24 3 25,0,30,,1039,15,0,24 3 25,0,86,,1033,15,0,24 3 25,0,70,,1040,15,0,24 3 25,0,30,,1034,15,0,24 3 25,0,70,,1041,15,0,24 3 25,0,30,,1046,15,0,24 3 25,0,70,,1047,15,0,24 3 25,0
700,'100010',809,,1048,15,0,24 3 25,0,100,,1049,15,0,24 3 25,0,100,,1050,15,0,24 3 25,0,100,,1051,15,0,24 3 25,0,100,,1052,15,0,24 3 25,0,115,,1053,15,0,24 3 25,0,100,,1054,15,0,24 3 25,0,100,,1055,15,0,24 3 25,0,115,,1056,15,0,24 3 25,0,100,,1057,15,0,24 3 25,0,100,,1058,15,0,24 3 25,0
700,'100011',809,,2717,15,0,24 3 25,0,100,,2718,15,0,24 3 25,0,100,,2719,15,0,24 3 25,0,100,,2720,15,0,24 3 25,0,100,,2721,15,0,24 3 25,0,115,,2722,15,0,24 3 25,0,100,,2723,15,0,24 3 25,0,100,,2724,15,0,24 3 25,0,115,,2725,15,0,24 3 25,0,100,,2726,15,0,24 3 25,0,100,,2727,15,0,24 3 25,0,100,,2728,15,0,24 3 25,0
700,'100012',809,,2729,15,0,24 3 25,0,100,,2730,15,0,24 3 25,0,100,,2731,15,0,24 3 25,0,100,,2732,15,0,24 3 25,0,100,,2733,15,0,24 3 25,0,115,,2734,15,0,24 3 25,0,100,,2735,15,0,24 3 25,0,100,,2736,15,0,24 3 25,0,115,,2737,15,0,24 3 25,0,100,,2738,15,0,24 3 25,0,100,,2739,15,0,24 3 25,0
700,'100013',531,,2740,15,0,24 3 25,0,70,,2750,15,0,24 3 25,0,30,,2741,15,0,24 3 25,0,18,,2768,15,0,24 3 25,0,52,,2751,15,0,24 3 25,0,30,,2742,15,0,24 3 25,0,70,,2752,15,0,24 3 25,0,40,,2761,15,0,24 3 25,0,70,,2743,15,0,24 3 25,0,30,,2762,15,0,24 3 25,0,70,,2744,15,0,24 3 25,0,30,,2769,15,0,24 3 25,0,70,,2745,15,0,24 3 25,0,30,,2770,15,0,24 3 25,0,70,,2746,15,0,24 3 25,0,41,,2771,15,0,24 3 25,0,75,,2747,15,0,24 3 25,0,75,,2753,15,0,24 3 25,0,35,,2748,15,0,24 3 25,0,75,,2754,15,0,24 3 25,0,35,,2749,15,0,24 3 25,0,75,,2755,15,0,24 3 25,0,80,,2756,15,0,24 3 25,0,42,,2763,15,0,24 3 25,0,70,,2757,15,0,24 3 25,0,30,,2764,15,0,24 3 25,0,70,,2758,15,0,24 3 25,0,30,,2765,15,0,24 3 25,0,86,,2759,15,0,24 3 25,0,70,,2766,15,0,24 3 25,0,30,,2760,15,0,24 3 25,0,70,,2767,15,0,24 3 25,0,30,,2772,15,0,24 3 25,0,70,,2773,15,0,24 3 25,0
700,'100014',531,,2774,15,0,24 3 25,0,70,,2784,15,0,24 3 25,0,30,,2775,15,0,24 3 25,0,18,,2802,15,0,24 3 25,0,52,,2785,15,0,24 3 25,0,30,,2776,15,0,24 3 25,0,70,,2786,15,0,24 3 25,0,40,,2795,15,0,24 3 25,0,70,,2777,15,0,24 3 25,0,30,,2796,15,0,24 3 25,0,70,,2778,15,0,24 3 25,0,30,,2803,15,0,24 3 25,0,70,,2779,15,0,24 3 25,0,30,,2804,15,0,24 3 25,0,70,,2780,15,0,24 3 25,0,41,,2805,15,0,24 3 25,0,75,,2781,15,0,24 3 25,0,75,,2787,15,0,24 3 25,0,35,,2782,15,0,24 3 25,0,75,,2788,15,0,24 3 25,0,35,,2783,15,0,24 3 25,0,75,,2789,15,0,24 3 25,0,80,,2790,15,0,24 3 25,0,42,,2797,15,0,24 3 25,0,70,,2791,15,0,24 3 25,0,30,,2798,15,0,24 3 25,0,70,,2792,15,0,24 3 25,0,30,,2799,15,0,24 3 25,0,86,,2793,15,0,24 3 25,0,70,,2800,15,0,24 3 25,0,30,,2794,15,0,24 3 25,0,70,,2801,15,0,24 3 25,0,30,,2806,15,0,24 3 25,0,70,,2807,15,0,24 3 25,0
700,'100015',809,,2808,15,0,24 3 25,0,100,,2809,15,0,24 3 25,0,100,,2810,15,0,24 3 25,0,100,,2811,15,0,24 3 25,0,100,,2812,15,0,24 3 25,0,115,,2813,15,0,24 3 25,0,100,,2814,15,0,24 3 25,0,100,,2815,15,0,24 3 25,0,115,,2816,15,0,24 3 25,0,100,,2817,15,0,24 3 25,0,100,,2818,15,0,24 3 25,0
800,'100009',601,,1117,14,0,14 3 15 7 16,0,30,,1102,14,0,14 3 15 7 16,0,70,,1118,14,0,14 3 15 7 16,0,30,,1103,14,0,14 3 15 7 16,0,70,,1119,14,0,14 3 15 7 16,0,40,,1120,14,0,14 3 15 7 16,0,69,,1104,14,0,14 3 15 7 16,0,30,,1128,14,0,14 3 15 7 16,0,70,,1105,14,0,14 3 15 7 16,0,30,,1129,14,0,14 3 15 7 16,0,70,,1106,14,0,14 3 15 7 16,0,30,,1130,14,0,14 3 15 7 16,0,70,,1107,14,0,14 3 15 7 16,0,41,,1131,14,0,14 3 15 7 16,0,75,,1108,14,0,14 3 15 7 16,0,75,,1121,14,0,14 3 15 7 16,0,35,,1109,14,0,14 3 15 7 16,0,75,,1110,14,0,14 3 15 7 16,0,35,,1122,14,0,14 3 15 7 16,0,75,,1111,14,0,14 3 15 7 16,0,80,,1123,14,0,14 3 15 7 16,0,43,,1112,14,0,14 3 15 7 16,0,70,,1124,14,0,14 3 15 7 16,0,30,,1113,14,0,14 3 15 7 16,0,70,,1125,14,0,14 3 15 7 16,0,30,,1114,14,0,14 3 15 7 16,0,85,,1126,14,0,14 3 15 7 16,0,30,,1115,14,0,14 3 15 7 16,0,70,,1127,14,0,14 3 15 7 16,0,30,,1116,14,0,14 3 15 7 16,0,69,,1133,14,0,14 3 15 7 16,0,28,,1132,14,0,14 3 15 7 16,0
800,'100010',739,,1134,14,0,14 3 15 7 16,0,100,,1135,14,0,14 3 15 7 16,0,100,,1136,14,0,14 3 15 7 16,0,100,,1137,14,0,14 3 15 7 16,0,100,,1138,14,0,14 3 15 7 16,0,115,,1139,14,0,14 3 15 7 16,0,100,,1140,14,0,14 3 15 7 16,0,100,,1141,14,0,14 3 15 7 16,0,100,,1142,14,0,14 3 15 7 16,0,155,,1143,14,0,14 3 15 7 16,0,100,,1144,14,0,14 3 15 7 16,0,100,,1145,14,0,14 3 15 7 16,0
800,'100011',739,,2819,14,0,14 3 15 7 16,0,100,,2820,14,0,14 3 15 7 16,0,100,,2821,14,0,14 3 15 7 16,0,100,,2822,14,0,14 3 15 7 16,0,100,,2823,14,0,14 3 15 7 16,0,115,,2824,14,0,14 3 15 7 16,0,100,,2825,14,0,14 3 15 7 16,0,100,,2826,14,0,14 3 15 7 16,0,100,,2827,14,0,14 3 15 7 16,0,155,,2828,14,0,14 3 15 7 16,0,100,,2829,14,0,14 3 15 7 16,0,100,,2830,14,0,14 3 15 7 16,0,100,,2831,14,0,14 3 15 7 16,0
800,'100012',739,,2832,14,0,14 3 15 7 16,0,100,,2833,14,0,14 3 15 7 16,0,100,,2834,14,0,14 3 15 7 16,0,100,,2835,14,0,14 3 15 7 16,0,100,,2836,14,0,14 3 15 7 16,0,115,,2837,14,0,14 3 15 7 16,0,100,,2838,14,0,14 3 15 7 16,0,100,,2839,14,0,14 3 15 7 16,0,100,,2840,14,0,14 3 15 7 16,0,155,,2841,14,0,14 3 15 7 16,0,100,,2842,14,0,14 3 15 7 16,0,100,,2843,14,0,14 3 15 7 16,0
800,'100013',601,,2859,14,0,14 3 15 7 16,0,30,,2844,14,0,14 3 15 7 16,0,70,,2860,14,0,14 3 15 7 16,0,30,,2845,14,0,14 3 15 7 16,0,70,,2861,14,0,14 3 15 7 16,0,40,,2862,14,0,14 3 15 7 16,0,69,,2846,14,0,14 3 15 7 16,0,30,,2870,14,0,14 3 15 7 16,0,70,,2847,14,0,14 3 15 7 16,0,30,,2871,14,0,14 3 15 7 16,0,70,,2848,14,0,14 3 15 7 16,0,30,,2872,14,0,14 3 15 7 16,0,70,,2849,14,0,14 3 15 7 16,0,41,,2873,14,0,14 3 15 7 16,0,75,,2850,14,0,14 3 15 7 16,0,75,,2863,14,0,14 3 15 7 16,0,35,,2851,14,0,14 3 15 7 16,0,75,,2852,14,0,14 3 15 7 16,0,35,,2864,14,0,14 3 15 7 16,0,75,,2853,14,0,14 3 15 7 16,0,80,,2865,14,0,14 3 15 7 16,0,43,,2854,14,0,14 3 15 7 16,0,70,,2866,14,0,14 3 15 7 16,0,30,,2855,14,0,14 3 15 7 16,0,70,,2867,14,0,14 3 15 7 16,0,30,,2856,14,0,14 3 15 7 16,0,85,,2868,14,0,14 3 15 7 16,0,30,,2857,14,0,14 3 15 7 16,0,70,,2869,14,0,14 3 15 7 16,0,30,,2858,14,0,14 3 15 7 16,0,69,,2875,14,0,14 3 15 7 16,0,28,,2874,14,0,14 3 15 7 16,0
800,'100014',601,,2891,14,0,14 3 15 7 16,0,30,,2876,14,0,14 3 15 7 16,0,70,,2892,14,0,14 3 15 7 16,0,30,,2877,14,0,14 3 15 7 16,0,70,,2893,14,0,14 3 15 7 16,0,40,,2894,14,0,14 3 15 7 16,0,69,,2878,14,0,14 3 15 7 16,0,30,,2902,14,0,14 3 15 7 16,0,70,,2879,14,0,14 3 15 7 16,0,30,,2903,14,0,14 3 15 7 16,0,70,,2880,14,0,14 3 15 7 16,0,30,,2904,14,0,14 3 15 7 16,0,70,,2881,14,0,14 3 15 7 16,0,41,,2905,14,0,14 3 15 7 16,0,75,,2882,14,0,14 3 15 7 16,0,75,,2895,14,0,14 3 15 7 16,0,35,,2883,14,0,14 3 15 7 16,0,75,,2884,14,0,14 3 15 7 16,0,35,,2896,14,0,14 3 15 7 16,0,75,,2885,14,0,14 3 15 7 16,0,80,,2897,14,0,14 3 15 7 16,0,43,,2886,14,0,14 3 15 7 16,0,70,,2898,14,0,14 3 15 7 16,0,30,,2887,14,0,14 3 15 7 16,0,70,,2899,14,0,14 3 15 7 16,0,30,,2888,14,0,14 3 15 7 16,0,85,,2900,14,0,14 3 15 7 16,0,30,,2889,14,0,14 3 15 7 16,0,70,,2901,14,0,14 3 15 7 16,0,30,,2890,14,0,14 3 15 7 16,0,69,,2907,14,0,14 3 15 7 16,0,28,,2906,14,0,14 3 15 7 16,0
800,'100015',739,,2908,14,0,14 3 15 7 16,0,100,,2909,14,0,14 3 15 7 16,0,100,,2910,14,0,14 3 15 7 16,0,100,,2911,14,0,14 3 15 7 16,0,100,,2912,14,0,14 3 15 7 16,0,115,,2913,14,0,14 3 15 7 16,0,100,,2914,14,0,14 3 15 7 16,0,100,,2915,14,0,14 3 15 7 16,0,100,,2916,14,0,14 3 15 7 16,0,155,,2917,14,0,14 3 15 7 16,0,100,,2918,14,0,14 3 15 7 16,0,100,,2919,14,0,14 3 15 7 16,0
5001,'100009',1450,,1360,3,,,0
5001,'100013',1450,,3164,3,,,0
5300,'100009',824,,1367,46,,,0
5300,'100013',824,,3171,46,,,0
5301,'100009',1556,,1369,39,,,0
5301,'100013',1556,,3173,39,,,0
1005301,'100009',1459,,1514,4,,,0
1005301,'100013',1459,,3303,4,,,0
1005301,'100014',1459,,3304,4,,,0
