2109,'1476961',755,,764,,,0
2109,'1476962',830,,765,,,0
2109,'1476963',905,,766,,,0
2109,'1476964',940,,767,,,0
2109,'1476965',1015,,768,,,0
2109,'1476966',1050,,769,,,0
2109,'1476967',1125,,770,,,0
2109,'1476968',1200,,771,,,0
2109,'1476969',1235,,772,,,0
2109,'1476970',1310,,773,,,0
2109,'1476971',1345,,774,,,0
2109,'1476972',1420,,775,,,0
2109,'1476973',1455,,776,,,0
2109,'1476974',1530,,777,,,0
2109,'1476975',1605,,778,,,0
2109,'1476976',1640,,779,,,0
2109,'1476977',1715,,780,,,0
2109,'1476978',1755,,781,,,0
2109,'1476979',1830,,782,,,0
2109,'1476980',1905,,783,,,0
2109,'1477205',650,,784,,,0
2109,'1477206',802,,785,,,0
2109,'1477207',912,,786,,,0
2109,'1477208',1022,,787,,,0
2109,'1477209',1132,,788,,,0
2109,'1477210',1243,,789,,,0
2109,'1477211',1353,,790,,,0
2109,'1477219',1503,,798,,,0
2109,'1477220',1613,,799,,,0
2109,'1477221',1727,,800,,,0
2109,'1477222',1837,,801,,,0
2109,'1477223',1947,,802,,,0
2109,'1477224',2111,,803,,,0
2109,'1477231',617,,810,,,0
2109,'1477232',727,,811,,,0
2109,'1477233',836,,812,,,0
2109,'1477234',947,,813,,,0
2109,'1477235',1057,,814,,,0
2109,'1477236',1207,,815,,,0
2109,'1477237',1318,,816,,,0
2109,'1477238',1428,,817,,,0
2109,'1477239',1538,,818,,,0
2109,'1477240',1648,,819,,,0
2109,'1477241',1802,,820,,,0
2109,'1477242',1914,,821,,,0
2109,'1477243',2026,,822,,,0
2109,'1477244',2141,,823,,,0
2109,'1477259',2311,,838,,,0
2109,'1477260',2241,,839,,,0
2109,'1477264',2211,,843,,,0
2109,'1478077',830,,845,,,0
2109,'1478078',940,,846,,,0
2109,'1478079',1201,,847,,,0
2109,'1478080',1310,,848,,,0
2109,'1478081',1420,,849,,,0
2109,'1478082',1530,,850,,,0
2109,'1478083',1755,,851,,,0
2109,'1478091',755,,859,,,0
2109,'1478092',905,,860,,,0
2109,'1478093',1125,,861,,,0
2109,'1478094',1235,,862,,,0
2109,'1478095',1345,,863,,,0
2109,'1478096',1455,,864,,,0
2109,'1478097',1715,,865,,,0
2109,'1478098',1830,,866,,,0
2109,'1478107',1640,,875,,,0
2109,'1478108',1050,,876,,,0
2109,'1478111',1905,,879,,,0
2109,'1478113',1015,,881,,,0
2109,'1478114',1605,,882,,,0
