509,'1476884',816,,519,,,0
509,'1476885',916,,520,,,0
509,'1476886',1016,,521,,,0
509,'1476887',1116,,522,,,0
509,'1476888',1216,,523,,,0
509,'1476889',1331,,524,,,0
509,'1476890',1431,,525,,,0
509,'1476891',1531,,526,,,0
509,'1476892',1646,,527,,,0
509,'1476893',1746,,528,,,0
509,'1476894',1846,,529,,,0
509,'1477372',608,,530,,,0
509,'1477373',708,,531,,,0
509,'1477374',808,,532,,,0
509,'1477375',848,,533,,,0
509,'1477376',948,,534,,,0
509,'1477377',1048,,535,,,0
509,'1477378',1148,,536,,,0
509,'1477379',1300,,537,,,0
509,'1477380',1410,,538,,,0
509,'1477381',1520,,539,,,0
509,'1477382',1630,,540,,,0
509,'1477383',1710,,541,,,0
509,'1477384',1821,,542,,,0
509,'1477385',1921,,543,,,0
509,'1477386',2036,,544,,,0
509,'1477387',2136,,545,,,0
509,'1477388',638,,546,,,0
509,'1477389',738,,547,,,0
509,'1477390',1445,,548,,,0
509,'1477391',1555,,549,,,0
509,'1477392',1751,,550,,,0
509,'1477393',1851,,551,,,0
509,'1477394',1951,,552,,,0
509,'1477395',2106,,553,,,0
509,'1477396',2206,,554,,,0
509,'1477397',918,,555,,,0
509,'1477398',1335,,556,,,0
509,'1477399',1118,,557,,,0
509,'1477400',1018,,558,,,0
509,'1477401',1218,,559,,,0
509,'1477402',2236,,560,,,0
509,'1477403',2306,,561,,,0
509,'1477735',816,,562,,,0
509,'1477736',916,,563,,,0
509,'1477737',1016,,564,,,0
509,'1477738',1116,,565,,,0
509,'1477739',1216,,566,,,0
509,'1477740',1331,,567,,,0
509,'1477741',1431,,568,,,0
509,'1477742',1531,,569,,,0
509,'1477743',1646,,570,,,0
509,'1477744',1746,,571,,,0
509,'1477745',1846,,572,,,0
