400,'100009',545,,715,35,,,0,70,,694,35,,,0,30,,686,35,,,0,57,,713,35,,,0,13,,695,35,,,0,30,,687,35,,,0,70,,696,35,,,0,40,,688,35,,,0,69,,714,35,,,0,31,,689,35,,,0,70,,710,35,,,0,30,,690,35,,,0,70,,711,35,,,0,30,,691,35,,,0,70,,712,35,,,0,78,,692,35,,,0,35,,717,35,,,0,75,,693,35,,,0,35,,697,35,,,0,75,,716,35,,,0,35,,698,35,,,0,75,,699,35,,,0,80,,705,35,,,0,44,,700,35,,,0,70,,706,35,,,0,30,,701,35,,,0,70,,707,35,,,0,30,,702,35,,,0,85,,708,35,,,0,70,,703,35,,,0,30,,709,35,,,0,70,,704,35,,,0,30,,718,35,,,0,70,,719,35,,,0
400,'100010',545,,749,35,,,0,70,,728,35,,,0,30,,720,35,,,0,57,,747,35,,,0,13,,729,35,,,0,30,,721,35,,,0,70,,730,35,,,0,40,,722,35,,,0,69,,748,35,,,0,31,,723,35,,,0,70,,744,35,,,0,30,,724,35,,,0,70,,745,35,,,0,30,,725,35,,,0,70,,746,35,,,0,78,,726,35,,,0,35,,751,35,,,0,75,,727,35,,,0,35,,731,35,,,0,75,,750,35,,,0,35,,732,35,,,0,75,,733,35,,,0,80,,739,35,,,0,44,,734,35,,,0,70,,740,35,,,0,30,,735,35,,,0,70,,741,35,,,0,30,,736,35,,,0,85,,742,35,,,0,70,,737,35,,,0,30,,743,35,,,0,70,,738,35,,,0,30,,752,35,,,0,70,,753,35,,,0
400,'100012',752,,754,35,,,0,70,,767,35,,,0,30,,755,35,,,0,70,,768,35,,,0,30,,756,35,,,0,70,,769,35,,,0,30,,757,35,,,0,70,,770,35,,,0,30,,758,35,,,0,70,,771,35,,,0,85,,759,35,,,0,30,,772,35,,,0,70,,760,35,,,0,30,,773,35,,,0,70,,761,35,,,0,30,,774,35,,,0,70,,762,35,,,0,45,,775,35,,,0,70,,763,35,,,0,30,,776,35,,,0,70,,764,35,,,0,30,,766,35,,,0,70,,765,35,,,0
400,'100013',752,,777,35,,,0,70,,778,35,,,0,30,,779,35,,,0,70,,780,35,,,0,30,,781,35,,,0,70,,782,35,,,0,30,,783,35,,,0,70,,784,35,,,0,30,,785,35,,,0,70,,786,35,,,0,85,,787,35,,,0,30,,788,35,,,0,70,,789,35,,,0,30,,790,35,,,0,70,,791,35,,,0,30,,792,35,,,0,70,,793,35,,,0,45,,795,35,,,0,70,,796,35,,,0,30,,797,35,,,0,70,,798,35,,,0,30,,799,35,,,0,70,,794,35,,,0
800,'100009',615,,1085,36,,,0,30,,1070,36,,,0,70,,1086,36,,,0,30,,1071,36,,,0,70,,1087,36,,,0,40,,1088,36,,,0,69,,1072,36,,,0,30,,1096,36,,,0,70,,1073,36,,,0,30,,1097,36,,,0,70,,1074,36,,,0,30,,1098,36,,,0,70,,1075,36,,,0,82,,1099,36,,,0,35,,1076,36,,,0,75,,1089,36,,,0,35,,1077,36,,,0,75,,1078,36,,,0,75,,1090,36,,,0,35,,1079,36,,,0,80,,1091,36,,,0,41,,1080,36,,,0,70,,1092,36,,,0,30,,1081,36,,,0,70,,1093,36,,,0,30,,1082,36,,,0,85,,1094,36,,,0,70,,1083,36,,,0,30,,1095,36,,,0,70,,1084,36,,,0,29,,1101,36,,,0,68,,1100,36,,,0
800,'100010',615,,1117,36,,,0,30,,1102,36,,,0,70,,1118,36,,,0,30,,1103,36,,,0,70,,1119,36,,,0,40,,1120,36,,,0,69,,1104,36,,,0,30,,1128,36,,,0,70,,1105,36,,,0,30,,1129,36,,,0,70,,1106,36,,,0,30,,1130,36,,,0,70,,1107,36,,,0,82,,1131,36,,,0,35,,1108,36,,,0,75,,1121,36,,,0,35,,1109,36,,,0,75,,1110,36,,,0,75,,1122,36,,,0,35,,1111,36,,,0,80,,1123,36,,,0,41,,1112,36,,,0,70,,1124,36,,,0,30,,1113,36,,,0,70,,1125,36,,,0,30,,1114,36,,,0,85,,1126,36,,,0,70,,1115,36,,,0,30,,1127,36,,,0,70,,1116,36,,,0,29,,1133,36,,,0,68,,1132,36,,,0
800,'100012',751,,1134,36,,,0,100,,1135,36,,,0,100,,1136,36,,,0,100,,1137,36,,,0,100,,1138,36,,,0,155,,1139,36,,,0,100,,1140,36,,,0,100,,1141,36,,,0,100,,1142,36,,,0,115,,1143,36,,,0,100,,1144,36,,,0,100,,1145,36,,,0
800,'100013',751,,1146,36,,,0,100,,1147,36,,,0,100,,1148,36,,,0,100,,1149,36,,,0,100,,1150,36,,,0,155,,1151,36,,,0,100,,1152,36,,,0,100,,1153,36,,,0,100,,1154,36,,,0,115,,1155,36,,,0,100,,1156,36,,,0,100,,1157,36,,,0
5201,'100010',1534,,1366,22,0,5 6,0
5401,'100010',1454,,1371,19,0,7 18,0
