409,'1476895',750,,439,,,0
409,'1476896',820,,440,,,0
409,'1476897',850,,441,,,0
409,'1476898',920,,442,,,0
409,'1476899',950,,443,,,0
409,'1476900',1020,,444,,,0
409,'1476901',1050,,445,,,0
409,'1476902',1120,,446,,,0
409,'1476903',1150,,447,,,0
409,'1476904',1220,,448,,,0
409,'1476905',1305,,449,,,0
409,'1476906',1335,,450,,,0
409,'1476907',1405,,451,,,0
409,'1476908',1435,,452,,,0
409,'1476909',1505,,453,,,0
409,'1476910',1535,,454,,,0
409,'1476911',1605,,455,,,0
409,'1476912',1920,,456,,,0
409,'1476913',1650,,457,,,0
409,'1476914',1720,,458,,,0
409,'1476915',1750,,459,,,0
409,'1476916',1820,,460,,,0
409,'1476917',1850,,461,,,0
409,'1477338',643,,462,,,0
409,'1477339',743,,463,,,0
409,'1477340',853,,464,,,0
409,'1477341',953,,465,,,0
409,'1477342',1053,,466,,,0
409,'1477343',1153,,467,,,0
409,'1477344',1302,,468,,,0
409,'1477345',1412,,469,,,0
409,'1477346',613,,470,,,0
409,'1477347',713,,471,,,0
409,'1477348',813,,472,,,0
409,'1477349',1447,,473,,,0
409,'1477350',1557,,474,,,0
409,'1477351',1632,,475,,,0
409,'1477352',1755,,476,,,0
409,'1477353',1855,,477,,,0
409,'1477354',1955,,478,,,0
409,'1477355',2110,,479,,,0
409,'1477356',2210,,480,,,0
409,'1477357',1712,,481,,,0
409,'1477358',1825,,482,,,0
409,'1477359',1925,,483,,,0
409,'1477360',2040,,484,,,0
409,'1477361',2140,,485,,,0
409,'1477362',1023,,486,,,0
409,'1477363',1123,,487,,,0
409,'1477364',1223,,488,,,0
409,'1477365',700,,489,,,0
409,'1477366',922,,490,,,0
409,'1477367',543,,491,,,0
409,'1477368',1522,,492,,,0
409,'1477369',1337,,493,,,0
409,'1477370',2240,,494,,,0
409,'1477371',2310,,495,,,0
409,'1477746',750,,496,,,0
409,'1477747',850,,497,,,0
409,'1477748',950,,498,,,0
409,'1477749',1050,,499,,,0
409,'1477750',1150,,500,,,0
409,'1477751',1305,,501,,,0
409,'1477752',1405,,502,,,0
409,'1477753',1505,,503,,,0
409,'1477754',1605,,504,,,0
409,'1477755',1720,,505,,,0
409,'1477756',1820,,506,,,0
409,'1477757',1920,,507,,,0
409,'1477758',1850,,508,,,0
409,'1477759',820,,509,,,0
409,'1477760',920,,510,,,0
409,'1477761',1020,,511,,,0
409,'1477762',1120,,512,,,0
409,'1477763',1220,,513,,,0
409,'1477764',1335,,514,,,0
409,'1477765',1435,,515,,,0
409,'1477766',1535,,516,,,0
409,'1477767',1650,,517,,,0
409,'1477768',1750,,518,,,0
5209,'1477513',1533,,892,,,0
5409,'1477518',1452,,896,,,0
