301,'100009',535,,626,19,0,15 7 16 3 17,0,70,,627,19,0,15 7 16 3 17,0,30,,628,19,0,15 7 16 3 17,0,70,,629,19,0,15 7 16 3 17,0,30,,630,19,0,15 7 16 3 17,0,10,,631,19,0,15 7 16 3 17,0,60,,636,19,0,15 7 16 3 17,0,40,,632,19,0,15 7 16 3 17,0,70,,637,19,0,15 7 16 3 17,0,30,,633,19,0,15 7 16 3 17,0,70,,638,19,0,15 7 16 3 17,0,30,,634,19,0,15 7 16 3 17,0,70,,639,19,0,15 7 16 3 17,0,30,,635,19,0,15 7 16 3 17,0,70,,640,19,0,15 7 16 3 17,0,39,,641,19,0,15 7 16 3 17,0,75,,642,19,0,15 7 16 3 17,0,75,,643,19,0,15 7 16 3 17,0,14,,644,19,0,15 7 16 3 17,0,21,,645,19,0,15 7 16 3 17,0,75,,646,19,0,15 7 16 3 17,0,5,,661,19,0,15 7 16 3 17,0,30,,647,19,0,15 7 16 3 17,0,75,,648,19,0,15 7 16 3 17,0,80,,649,19,0,15 7 16 3 17,0,44,,650,19,0,15 7 16 3 17,0,70,,651,19,0,15 7 16 3 17,0,30,,652,19,0,15 7 16 3 17,0,70,,653,19,0,15 7 16 3 17,0,30,,654,19,0,15 7 16 3 17,0,85,,655,19,0,15 7 16 3 17,0,70,,656,19,0,15 7 16 3 17,0,30,,657,19,0,15 7 16 3 17,0,70,,658,19,0,15 7 16 3 17,0,30,,659,19,0,15 7 16 3 17,0,70,,660,19,0,15 7 16 3 17,0
301,'100010',741,,665,19,0,15 7 16 3 17,0,100,,666,19,0,15 7 16 3 17,0,100,,667,19,0,15 7 16 3 17,0,101,,668,19,0,15 7 16 3 17,0,100,,669,19,0,15 7 16 3 17,0,115,,670,19,0,15 7 16 3 17,0,100,,671,19,0,15 7 16 3 17,0,100,,672,19,0,15 7 16 3 17,0,100,,673,19,0,15 7 16 3 17,0,155,,664,19,0,15 7 16 3 17,0,100,,662,19,0,15 7 16 3 17,0,100,,663,19,0,15 7 16 3 17,0
301,'100011',741,,2267,19,0,15 7 16 3 17,0,100,,2268,19,0,15 7 16 3 17,0,100,,2269,19,0,15 7 16 3 17,0,101,,2270,19,0,15 7 16 3 17,0,100,,2271,19,0,15 7 16 3 17,0,115,,2272,19,0,15 7 16 3 17,0,100,,2273,19,0,15 7 16 3 17,0,100,,2274,19,0,15 7 16 3 17,0,100,,2275,19,0,15 7 16 3 17,0,155,,2266,19,0,15 7 16 3 17,0,100,,2264,19,0,15 7 16 3 17,0,100,,2265,19,0,15 7 16 3 17,0,100,,2276,19,0,15 7 16 3 17,0
301,'100012',741,,2280,19,0,15 7 16 3 17,0,100,,2281,19,0,15 7 16 3 17,0,100,,2282,19,0,15 7 16 3 17,0,101,,2283,19,0,15 7 16 3 17,0,100,,2284,19,0,15 7 16 3 17,0,115,,2285,19,0,15 7 16 3 17,0,100,,2286,19,0,15 7 16 3 17,0,100,,2287,19,0,15 7 16 3 17,0,100,,2288,19,0,15 7 16 3 17,0,155,,2279,19,0,15 7 16 3 17,0,100,,2277,19,0,15 7 16 3 17,0,100,,2278,19,0,15 7 16 3 17,0
301,'100013',535,,2289,19,0,15 7 16 3 17,0,70,,2290,19,0,15 7 16 3 17,0,30,,2291,19,0,15 7 16 3 17,0,70,,2292,19,0,15 7 16 3 17,0,30,,2293,19,0,15 7 16 3 17,0,10,,2294,19,0,15 7 16 3 17,0,60,,2299,19,0,15 7 16 3 17,0,40,,2295,19,0,15 7 16 3 17,0,70,,2300,19,0,15 7 16 3 17,0,30,,2296,19,0,15 7 16 3 17,0,70,,2301,19,0,15 7 16 3 17,0,30,,2297,19,0,15 7 16 3 17,0,70,,2302,19,0,15 7 16 3 17,0,30,,2298,19,0,15 7 16 3 17,0,70,,2303,19,0,15 7 16 3 17,0,39,,2304,19,0,15 7 16 3 17,0,75,,2305,19,0,15 7 16 3 17,0,75,,2306,19,0,15 7 16 3 17,0,14,,2307,19,0,15 7 16 3 17,0,21,,2308,19,0,15 7 16 3 17,0,75,,2309,19,0,15 7 16 3 17,0,5,,2324,19,0,15 7 16 3 17,0,30,,2310,19,0,15 7 16 3 17,0,75,,2311,19,0,15 7 16 3 17,0,80,,2312,19,0,15 7 16 3 17,0,44,,2313,19,0,15 7 16 3 17,0,70,,2314,19,0,15 7 16 3 17,0,30,,2315,19,0,15 7 16 3 17,0,70,,2316,19,0,15 7 16 3 17,0,30,,2317,19,0,15 7 16 3 17,0,85,,2318,19,0,15 7 16 3 17,0,70,,2319,19,0,15 7 16 3 17,0,30,,2320,19,0,15 7 16 3 17,0,70,,2321,19,0,15 7 16 3 17,0,30,,2322,19,0,15 7 16 3 17,0,70,,2323,19,0,15 7 16 3 17,0
301,'100014',535,,2325,19,0,15 7 16 3 17,0,70,,2326,19,0,15 7 16 3 17,0,30,,2327,19,0,15 7 16 3 17,0,70,,2328,19,0,15 7 16 3 17,0,30,,2329,19,0,15 7 16 3 17,0,10,,2330,19,0,15 7 16 3 17,0,60,,2335,19,0,15 7 16 3 17,0,40,,2331,19,0,15 7 16 3 17,0,70,,2336,19,0,15 7 16 3 17,0,30,,2332,19,0,15 7 16 3 17,0,70,,2337,19,0,15 7 16 3 17,0,30,,2333,19,0,15 7 16 3 17,0,70,,2338,19,0,15 7 16 3 17,0,30,,2334,19,0,15 7 16 3 17,0,70,,2339,19,0,15 7 16 3 17,0,39,,2340,19,0,15 7 16 3 17,0,75,,2341,19,0,15 7 16 3 17,0,75,,2342,19,0,15 7 16 3 17,0,14,,2343,19,0,15 7 16 3 17,0,21,,2344,19,0,15 7 16 3 17,0,75,,2345,19,0,15 7 16 3 17,0,5,,2360,19,0,15 7 16 3 17,0,30,,2346,19,0,15 7 16 3 17,0,75,,2347,19,0,15 7 16 3 17,0,80,,2348,19,0,15 7 16 3 17,0,44,,2349,19,0,15 7 16 3 17,0,70,,2350,19,0,15 7 16 3 17,0,30,,2351,19,0,15 7 16 3 17,0,70,,2352,19,0,15 7 16 3 17,0,30,,2353,19,0,15 7 16 3 17,0,85,,2354,19,0,15 7 16 3 17,0,70,,2355,19,0,15 7 16 3 17,0,30,,2356,19,0,15 7 16 3 17,0,70,,2357,19,0,15 7 16 3 17,0,30,,2358,19,0,15 7 16 3 17,0,70,,2359,19,0,15 7 16 3 17,0
301,'100015',741,,2364,19,0,15 7 16 3 17,0,100,,2365,19,0,15 7 16 3 17,0,100,,2366,19,0,15 7 16 3 17,0,101,,2367,19,0,15 7 16 3 17,0,100,,2368,19,0,15 7 16 3 17,0,115,,2369,19,0,15 7 16 3 17,0,100,,2370,19,0,15 7 16 3 17,0,100,,2371,19,0,15 7 16 3 17,0,100,,2372,19,0,15 7 16 3 17,0,155,,2361,19,0,15 7 16 3 17,0,100,,2362,19,0,15 7 16 3 17,0,100,,2363,19,0,15 7 16 3 17,0
5201,'100009',748,,1365,37,0,7 8 9,0
5201,'100013',748,,3169,37,0,7 8 9,0
5400,'100009',744,,1370,37,0,7 18,0
5400,'100013',744,,3174,37,0,7 18,0
