201,'100009',534,,413,18,,,0,70,,422,18,,,0,30,,414,18,,,0,70,,423,18,,,0,30,,415,18,,,0,70,,424,18,,,0,40,,416,18,,,0,70,,425,18,,,0,30,,417,18,,,0,70,,426,18,,,0,30,,418,18,,,0,70,,427,18,,,0,30,,419,18,,,0,70,,428,18,,,0,40,,420,18,,,0,75,,429,18,,,0,75,,421,18,,,0,35,,430,18,,,0,75,,438,18,,,0,35,,431,18,,,0,75,,439,18,,,0,80,,432,18,,,0,43,,433,18,,,0,70,,440,18,,,0,30,,434,18,,,0,70,,441,18,,,0,30,,435,18,,,0,85,,442,18,,,0,70,,436,18,,,0,30,,443,18,,,0,70,,437,18,,,0,30,,444,18,,,0,70,,445,18,,,0,30,,446,18,,,0
201,'100010',712,,470,18,,,0,30,,469,18,,,0,70,,448,18,,,0,30,,447,18,,,0,70,,449,18,,,0,30,,450,18,,,0,70,,451,18,,,0,30,,452,18,,,0,70,,453,18,,,0,30,,454,18,,,0,70,,455,18,,,0,45,,456,18,,,0,70,,457,18,,,0,30,,458,18,,,0,70,,459,18,,,0,30,,460,18,,,0,70,,461,18,,,0,30,,462,18,,,0,85,,463,18,,,0,70,,464,18,,,0,30,,465,18,,,0,70,,466,18,,,0,30,,467,18,,,0,70,,468,18,,,0
201,'100011',812,,2023,35,,,0,30,,2027,35,,,0,70,,2024,35,,,0,30,,2037,35,,,0,70,,2026,35,,,0,30,,2025,35,,,0,70,,2028,35,,,0,30,,2029,35,,,0,70,,2018,35,,,0,45,,2031,35,,,0,70,,2032,35,,,0,30,,2033,35,,,0,70,,2034,35,,,0,30,,2035,35,,,0,70,,2036,35,,,0,30,,2040,35,,,0,85,,2038,35,,,0,70,,2039,35,,,0,30,,2019,35,,,0,70,,2022,35,,,0,30,,2021,35,,,0,70,,2020,35,,,0,30,,2030,35,,,0,70,,2041,35,,,0
201,'100012',812,,2047,35,,,0,30,,2051,35,,,0,70,,2048,35,,,0,30,,2061,35,,,0,70,,2050,35,,,0,30,,2049,35,,,0,70,,2052,35,,,0,30,,2053,35,,,0,70,,2042,35,,,0,45,,2055,35,,,0,70,,2056,35,,,0,30,,2057,35,,,0,70,,2058,35,,,0,30,,2059,35,,,0,70,,2060,35,,,0,30,,2064,35,,,0,85,,2062,35,,,0,70,,2063,35,,,0,30,,2043,35,,,0,70,,2046,35,,,0,30,,2045,35,,,0,70,,2044,35,,,0,30,,2054,35,,,0
201,'100013',534,,2095,18,,,0,70,,2098,35,,,0,30,,2065,35,,,0,70,,2073,35,,,0,30,,2066,35,,,0,70,,2074,35,,,0,40,,2067,35,,,0,70,,2075,35,,,0,30,,2068,35,,,0,70,,2076,35,,,0,30,,2069,35,,,0,70,,2077,35,,,0,30,,2070,35,,,0,70,,2078,35,,,0,30,,2071,35,,,0,85,,2096,35,,,0,75,,2072,35,,,0,35,,2079,35,,,0,75,,2086,35,,,0,35,,2080,35,,,0,75,,2087,35,,,0,80,,2081,35,,,0,43,,2097,35,,,0,70,,2088,35,,,0,30,,2082,35,,,0,70,,2089,35,,,0,30,,2083,35,,,0,85,,2090,35,,,0,70,,2084,35,,,0,30,,2091,35,,,0,70,,2085,35,,,0,30,,2092,35,,,0,70,,2093,35,,,0,31,,2094,35,,,0
201,'100014',534,,2129,18,,,0,70,,2132,35,,,0,30,,2099,35,,,0,70,,2107,35,,,0,30,,2100,35,,,0,70,,2108,35,,,0,40,,2101,35,,,0,70,,2109,35,,,0,30,,2102,35,,,0,70,,2110,35,,,0,30,,2103,35,,,0,70,,2111,35,,,0,30,,2104,35,,,0,70,,2112,35,,,0,30,,2105,35,,,0,85,,2130,35,,,0,75,,2106,35,,,0,35,,2113,35,,,0,75,,2120,35,,,0,35,,2114,35,,,0,75,,2121,35,,,0,80,,2115,35,,,0,43,,2131,35,,,0,70,,2122,35,,,0,30,,2116,35,,,0,70,,2123,35,,,0,30,,2117,35,,,0,85,,2124,35,,,0,70,,2118,35,,,0,30,,2125,35,,,0,70,,2119,35,,,0,30,,2126,35,,,0,70,,2127,35,,,0,31,,2128,35,,,0
201,'100015',812,,2133,35,,,0,30,,2134,35,,,0,70,,2135,35,,,0,30,,2136,35,,,0,70,,2137,35,,,0,30,,2138,35,,,0,70,,2139,35,,,0,30,,2140,35,,,0,70,,2141,35,,,0,45,,2142,35,,,0,70,,2143,35,,,0,30,,2144,35,,,0,70,,2145,35,,,0,30,,2146,35,,,0,70,,2147,35,,,0,30,,2148,35,,,0,85,,2149,35,,,0,70,,2151,35,,,0,30,,2152,35,,,0,70,,2153,35,,,0,30,,2154,35,,,0,70,,2155,35,,,0,30,,2150,35,,,0
5101,'100009',1500,,1362,9,0,7 8 9 10 11,0
5101,'100013',1500,,3166,9,0,7 8 9 10 11,0
5300,'100009',759,,1367,14,,,0
5300,'100013',759,,3171,14,,,0
