1000900,'100009',528,,1417,13,,,0,30,,1418,13,,,0,70,,1419,13,,,0,30,,1420,13,,,0,70,,1421,13,,,0,30,,1422,13,,,0,62,,1423,13,,,0,28,,1424,13,,,0,75,,1425,13,,,0,20,,1426,13,,,0,70,,1427,13,,,0,30,,1428,13,,,0,70,,1429,13,,,0,30,,1430,13,,,0,70,,1431,13,,,0,30,,1432,13,,,0,70,,1433,13,,,0,30,,1434,13,,,0,72,,1435,13,,,0,30,,1436,13,,,0,70,,1437,13,,,0,28,,1438,13,,,0,72,,1439,13,,,0,30,,1440,13,,,0,58,,1441,13,,,0,45,,1410,13,,,0,70,,1411,13,,,0,30,,1414,13,,,0,70,,1407,13,,,0,29,,1409,13,,,0,83,,1415,13,,,0,85,,1413,13,,,0,35,,1412,13,,,0,75,,1416,13,,,0,75,,1408,13,,,0
1000900,'100010',742,,1442,13,,,0,80,,1443,13,,,0,80,,1444,13,,,0,40,,1445,13,,,0,80,,1446,13,,,0,80,,1447,13,,,0,40,,1448,13,,,0,85,,1449,13,,,0,80,,1450,13,,,0,41,,1451,13,,,0,80,,1452,13,,,0,80,,1453,13,,,0,40,,1454,13,,,0,80,,1455,13,,,0,85,,1456,13,,,0,40,,1457,13,,,0,80,,1458,13,,,0,80,,1459,13,,,0
1000900,'100011',742,,3176,13,,,0,80,,3177,13,,,0,80,,3178,13,,,0,40,,3179,13,,,0,80,,3180,13,,,0,80,,3181,13,,,0,40,,3182,13,,,0,85,,3183,13,,,0,80,,3184,13,,,0,41,,3185,13,,,0,80,,3186,13,,,0,80,,3187,13,,,0,40,,3188,13,,,0,80,,3189,13,,,0,85,,3190,13,,,0,40,,3191,13,,,0,80,,3192,13,,,0,80,,3193,13,,,0,40,,3194,13,,,0
1000900,'100012',742,,3195,13,,,0,80,,3196,13,,,0,80,,3197,13,,,0,40,,3198,13,,,0,80,,3199,13,,,0,80,,3200,13,,,0,40,,3201,13,,,0,85,,3202,13,,,0,80,,3203,13,,,0,41,,3204,13,,,0,80,,3205,13,,,0,80,,3206,13,,,0,40,,3207,13,,,0,80,,3208,13,,,0,85,,3209,13,,,0,40,,3210,13,,,0,80,,3211,13,,,0,80,,3212,13,,,0
1000900,'100013',528,,3223,13,,,0,30,,3224,13,,,0,70,,3225,13,,,0,30,,3226,13,,,0,70,,3227,13,,,0,30,,3228,13,,,0,62,,3229,13,,,0,28,,3230,13,,,0,75,,3231,13,,,0,20,,3232,13,,,0,70,,3233,13,,,0,30,,3234,13,,,0,70,,3235,13,,,0,30,,3236,13,,,0,70,,3237,13,,,0,30,,3238,13,,,0,70,,3239,13,,,0,30,,3240,13,,,0,72,,3241,13,,,0,30,,3242,13,,,0,70,,3243,13,,,0,28,,3244,13,,,0,72,,3245,13,,,0,30,,3246,13,,,0,58,,3247,13,,,0,45,,3216,13,,,0,70,,3217,13,,,0,30,,3220,13,,,0,70,,3213,13,,,0,29,,3215,13,,,0,83,,3221,13,,,0,85,,3219,13,,,0,35,,3218,13,,,0,75,,3222,13,,,0,75,,3214,13,,,0
1000900,'100014',528,,3258,13,,,0,30,,3259,13,,,0,70,,3260,13,,,0,30,,3261,13,,,0,70,,3262,13,,,0,30,,3263,13,,,0,62,,3264,13,,,0,28,,3265,13,,,0,75,,3266,13,,,0,20,,3267,13,,,0,70,,3268,13,,,0,30,,3269,13,,,0,70,,3270,13,,,0,30,,3271,13,,,0,70,,3272,13,,,0,30,,3273,13,,,0,70,,3274,13,,,0,30,,3275,13,,,0,72,,3276,13,,,0,30,,3277,13,,,0,70,,3278,13,,,0,28,,3279,13,,,0,72,,3280,13,,,0,30,,3281,13,,,0,58,,3282,13,,,0,45,,3251,13,,,0,70,,3252,13,,,0,30,,3255,13,,,0,70,,3248,13,,,0,29,,3250,13,,,0,83,,3256,13,,,0,85,,3254,13,,,0,35,,3253,13,,,0,75,,3257,13,,,0,75,,3249,13,,,0
1000900,'100015',742,,3283,13,,,0,80,,3284,13,,,0,80,,3285,13,,,0,40,,3286,13,,,0,80,,3287,13,,,0,80,,3288,13,,,0,40,,3289,13,,,0,85,,3290,13,,,0,80,,3291,13,,,0,41,,3292,13,,,0,80,,3293,13,,,0,80,,3294,13,,,0,40,,3295,13,,,0,80,,3296,13,,,0,85,,3297,13,,,0,40,,3298,13,,,0,80,,3299,13,,,0,80,,3300,13,,,0
2000900,'100009',552,,1550,13,0,19 3 20 21 22 23,0,60,,1551,13,0,19 3 20 21 22 23,0,30,,1552,13,0,19 3 20 21 22 23,0,70,,1553,13,0,19 3 20 21 22 23,0,30,,1554,13,0,19 3 20 21 22 23,0,60,,1555,13,0,19 3 20 21 22 23,0,40,,1556,13,0,19 3 20 21 22 23,0,62,,1581,13,0,19 3 20 21 22 23,0,28,,1557,13,0,19 3 20 21 22 23,0,70,,1558,13,0,19 3 20 21 22 23,0,20,,1559,13,0,19 3 20 21 22 23,0,30,,1560,13,0,19 3 20 21 22 23,0,70,,1561,13,0,19 3 20 21 22 23,0,30,,1562,13,0,19 3 20 21 22 23,0,70,,1563,13,0,19 3 20 21 22 23,0,30,,1564,13,0,19 3 20 21 22 23,0,70,,1565,13,0,19 3 20 21 22 23,0,30,,1566,13,0,19 3 20 21 22 23,0,72,,1567,13,0,19 3 20 21 22 23,0,31,,1568,13,0,19 3 20 21 22 23,0,70,,1569,13,0,19 3 20 21 22 23,0,34,,1570,13,0,19 3 20 21 22 23,0,64,,1571,13,0,19 3 20 21 22 23,0,32,,1572,13,0,19 3 20 21 22 23,0,78,,1573,13,0,19 3 20 21 22 23,0,70,,1574,13,0,19 3 20 21 22 23,0,30,,1575,13,0,19 3 20 21 22 23,0,70,,1576,13,0,19 3 20 21 22 23,0,30,,1577,13,0,19 3 20 21 22 23,0,25,,1578,13,0,19 3 20 21 22 23,0,72,,1579,13,0,19 3 20 21 22 23,0,74,,1580,13,0,19 3 20 21 22 23,0,45,,1582,13,0,19 3 20 21 22 23,0,75,,1583,13,0,19 3 20 21 22 23,0,76,,1584,13,0,19 3 20 21 22 23,0
2000900,'100010',802,,1585,13,0,19 3 20 21 22 23,0,40,,1586,13,0,19 3 20 21 22 23,0,80,,1587,13,0,19 3 20 21 22 23,0,80,,1588,13,0,19 3 20 21 22 23,0,40,,1589,13,0,19 3 20 21 22 23,0,80,,1590,13,0,19 3 20 21 22 23,0,80,,1591,13,0,19 3 20 21 22 23,0,40,,1592,13,0,19 3 20 21 22 23,0,85,,1593,13,0,19 3 20 21 22 23,0,80,,1594,13,0,19 3 20 21 22 23,0,41,,1595,13,0,19 3 20 21 22 23,0,80,,1596,13,0,19 3 20 21 22 23,0,85,,1597,13,0,19 3 20 21 22 23,0,40,,1598,13,0,19 3 20 21 22 23,0,80,,1599,13,0,19 3 20 21 22 23,0,80,,1600,13,0,19 3 20 21 22 23,0,40,,1601,13,0,19 3 20 21 22 23,0
2000900,'100011',802,,3305,13,0,19 3 20 21 22 23,0,40,,3306,13,0,19 3 20 21 22 23,0,80,,3307,13,0,19 3 20 21 22 23,0,80,,3308,13,0,19 3 20 21 22 23,0,40,,3309,13,0,19 3 20 21 22 23,0,80,,3310,13,0,19 3 20 21 22 23,0,80,,3311,13,0,19 3 20 21 22 23,0,40,,3312,13,0,19 3 20 21 22 23,0,85,,3313,13,0,19 3 20 21 22 23,0,80,,3314,13,0,19 3 20 21 22 23,0,41,,3315,13,0,19 3 20 21 22 23,0,80,,3316,13,0,19 3 20 21 22 23,0,85,,3317,13,0,19 3 20 21 22 23,0,40,,3318,13,0,19 3 20 21 22 23,0,80,,3319,13,0,19 3 20 21 22 23,0,80,,3320,13,0,19 3 20 21 22 23,0,40,,3321,13,0,19 3 20 21 22 23,0,80,,3323,13,0,19 3 20 21 22 23,0,80,,3322,13,0,19 3 20 21 22 23,0
2000900,'100012',802,,3324,13,0,19 3 20 21 22 23,0,40,,3325,13,0,19 3 20 21 22 23,0,80,,3326,13,0,19 3 20 21 22 23,0,80,,3327,13,0,19 3 20 21 22 23,0,40,,3328,13,0,19 3 20 21 22 23,0,80,,3329,13,0,19 3 20 21 22 23,0,80,,3330,13,0,19 3 20 21 22 23,0,40,,3331,13,0,19 3 20 21 22 23,0,85,,3332,13,0,19 3 20 21 22 23,0,80,,3333,13,0,19 3 20 21 22 23,0,41,,3334,13,0,19 3 20 21 22 23,0,80,,3335,13,0,19 3 20 21 22 23,0,85,,3336,13,0,19 3 20 21 22 23,0,40,,3337,13,0,19 3 20 21 22 23,0,80,,3338,13,0,19 3 20 21 22 23,0,80,,3339,13,0,19 3 20 21 22 23,0,40,,3340,13,0,19 3 20 21 22 23,0
2000900,'100013',552,,3341,13,0,19 3 20 21 22 23,0,60,,3342,13,0,19 3 20 21 22 23,0,30,,3343,13,0,19 3 20 21 22 23,0,70,,3344,13,0,19 3 20 21 22 23,0,30,,3345,13,0,19 3 20 21 22 23,0,60,,3346,13,0,19 3 20 21 22 23,0,40,,3347,13,0,19 3 20 21 22 23,0,62,,3372,13,0,19 3 20 21 22 23,0,28,,3348,13,0,19 3 20 21 22 23,0,70,,3349,13,0,19 3 20 21 22 23,0,20,,3350,13,0,19 3 20 21 22 23,0,30,,3351,13,0,19 3 20 21 22 23,0,70,,3352,13,0,19 3 20 21 22 23,0,30,,3353,13,0,19 3 20 21 22 23,0,70,,3354,13,0,19 3 20 21 22 23,0,30,,3355,13,0,19 3 20 21 22 23,0,70,,3356,13,0,19 3 20 21 22 23,0,30,,3357,13,0,19 3 20 21 22 23,0,72,,3358,13,0,19 3 20 21 22 23,0,31,,3359,13,0,19 3 20 21 22 23,0,70,,3360,13,0,19 3 20 21 22 23,0,34,,3361,13,0,19 3 20 21 22 23,0,64,,3362,13,0,19 3 20 21 22 23,0,32,,3363,13,0,19 3 20 21 22 23,0,78,,3364,13,0,19 3 20 21 22 23,0,70,,3365,13,0,19 3 20 21 22 23,0,30,,3366,13,0,19 3 20 21 22 23,0,70,,3367,13,0,19 3 20 21 22 23,0,30,,3368,13,0,19 3 20 21 22 23,0,25,,3369,13,0,19 3 20 21 22 23,0,72,,3370,13,0,19 3 20 21 22 23,0,74,,3371,13,0,19 3 20 21 22 23,0,45,,3373,13,0,19 3 20 21 22 23,0,75,,3374,13,0,19 3 20 21 22 23,0,76,,3375,13,0,19 3 20 21 22 23,0
2000900,'100014',552,,3376,13,0,19 3 20 21 22 23,0,60,,3377,13,0,19 3 20 21 22 23,0,30,,3378,13,0,19 3 20 21 22 23,0,70,,3379,13,0,19 3 20 21 22 23,0,30,,3380,13,0,19 3 20 21 22 23,0,60,,3381,13,0,19 3 20 21 22 23,0,40,,3382,13,0,19 3 20 21 22 23,0,62,,3407,13,0,19 3 20 21 22 23,0,28,,3383,13,0,19 3 20 21 22 23,0,70,,3384,13,0,19 3 20 21 22 23,0,20,,3385,13,0,19 3 20 21 22 23,0,30,,3386,13,0,19 3 20 21 22 23,0,70,,3387,13,0,19 3 20 21 22 23,0,30,,3388,13,0,19 3 20 21 22 23,0,70,,3389,13,0,19 3 20 21 22 23,0,30,,3390,13,0,19 3 20 21 22 23,0,70,,3391,13,0,19 3 20 21 22 23,0,30,,3392,13,0,19 3 20 21 22 23,0,72,,3393,13,0,19 3 20 21 22 23,0,31,,3394,13,0,19 3 20 21 22 23,0,70,,3395,13,0,19 3 20 21 22 23,0,34,,3396,13,0,19 3 20 21 22 23,0,64,,3397,13,0,19 3 20 21 22 23,0,32,,3398,13,0,19 3 20 21 22 23,0,78,,3399,13,0,19 3 20 21 22 23,0,70,,3400,13,0,19 3 20 21 22 23,0,30,,3401,13,0,19 3 20 21 22 23,0,70,,3402,13,0,19 3 20 21 22 23,0,30,,3403,13,0,19 3 20 21 22 23,0,25,,3404,13,0,19 3 20 21 22 23,0,72,,3405,13,0,19 3 20 21 22 23,0,74,,3406,13,0,19 3 20 21 22 23,0,45,,3408,13,0,19 3 20 21 22 23,0,75,,3409,13,0,19 3 20 21 22 23,0,76,,3410,13,0,19 3 20 21 22 23,0
2000900,'100015',802,,3411,13,0,19 3 20 21 22 23,0,40,,3412,13,0,19 3 20 21 22 23,0,80,,3413,13,0,19 3 20 21 22 23,0,80,,3414,13,0,19 3 20 21 22 23,0,40,,3415,13,0,19 3 20 21 22 23,0,80,,3416,13,0,19 3 20 21 22 23,0,80,,3417,13,0,19 3 20 21 22 23,0,40,,3418,13,0,19 3 20 21 22 23,0,85,,3419,13,0,19 3 20 21 22 23,0,80,,3420,13,0,19 3 20 21 22 23,0,41,,3421,13,0,19 3 20 21 22 23,0,80,,3422,13,0,19 3 20 21 22 23,0,85,,3423,13,0,19 3 20 21 22 23,0,40,,3424,13,0,19 3 20 21 22 23,0,80,,3425,13,0,19 3 20 21 22 23,0,80,,3426,13,0,19 3 20 21 22 23,0,40,,3427,13,0,19 3 20 21 22 23,0
