400,'100009',535,,749,21,0,17 3 15 7 16,0,70,,728,21,0,17 3 15 7 16,0,30,,720,21,0,17 3 15 7 16,0,18,,747,21,0,17 3 15 7 16,0,52,,729,21,0,17 3 15 7 16,0,30,,721,21,0,17 3 15 7 16,0,70,,730,21,0,17 3 15 7 16,0,40,,722,21,0,17 3 15 7 16,0,69,,748,21,0,17 3 15 7 16,0,31,,723,21,0,17 3 15 7 16,0,70,,744,21,0,17 3 15 7 16,0,30,,724,21,0,17 3 15 7 16,0,70,,745,21,0,17 3 15 7 16,0,30,,725,21,0,17 3 15 7 16,0,70,,746,21,0,17 3 15 7 16,0,38,,726,21,0,17 3 15 7 16,0,75,,751,21,0,17 3 15 7 16,0,75,,727,21,0,17 3 15 7 16,0,35,,731,21,0,17 3 15 7 16,0,75,,750,21,0,17 3 15 7 16,0,35,,732,21,0,17 3 15 7 16,0,75,,733,21,0,17 3 15 7 16,0,80,,739,21,0,17 3 15 7 16,0,45,,734,21,0,17 3 15 7 16,0,70,,740,21,0,17 3 15 7 16,0,30,,735,21,0,17 3 15 7 16,0,70,,741,21,0,17 3 15 7 16,0,30,,736,21,0,17 3 15 7 16,0,85,,742,21,0,17 3 15 7 16,0,70,,737,21,0,17 3 15 7 16,0,30,,743,21,0,17 3 15 7 16,0,70,,738,21,0,17 3 15 7 16,0,30,,752,21,0,17 3 15 7 16,0,70,,753,21,0,17 3 15 7 16,0
400,'100010',743,,754,21,0,17 3 15 7 16,0,70,,767,21,0,17 3 15 7 16,0,30,,755,21,0,17 3 15 7 16,0,70,,768,21,0,17 3 15 7 16,0,30,,756,21,0,17 3 15 7 16,0,70,,769,21,0,17 3 15 7 16,0,30,,757,21,0,17 3 15 7 16,0,70,,770,21,0,17 3 15 7 16,0,30,,758,21,0,17 3 15 7 16,0,70,,771,21,0,17 3 15 7 16,0,45,,759,21,0,17 3 15 7 16,0,70,,772,21,0,17 3 15 7 16,0,30,,760,21,0,17 3 15 7 16,0,70,,773,21,0,17 3 15 7 16,0,30,,761,21,0,17 3 15 7 16,0,70,,774,21,0,17 3 15 7 16,0,30,,762,21,0,17 3 15 7 16,0,85,,775,21,0,17 3 15 7 16,0,70,,763,21,0,17 3 15 7 16,0,30,,776,21,0,17 3 15 7 16,0,70,,764,21,0,17 3 15 7 16,0,30,,766,21,0,17 3 15 7 16,0,70,,765,21,0,17 3 15 7 16,0
400,'100011',743,,2373,21,0,17 3 15 7 16,0,70,,2386,21,0,17 3 15 7 16,0,30,,2374,21,0,17 3 15 7 16,0,70,,2387,21,0,17 3 15 7 16,0,30,,2375,21,0,17 3 15 7 16,0,70,,2388,21,0,17 3 15 7 16,0,30,,2376,21,0,17 3 15 7 16,0,70,,2389,21,0,17 3 15 7 16,0,30,,2377,21,0,17 3 15 7 16,0,70,,2390,21,0,17 3 15 7 16,0,45,,2378,21,0,17 3 15 7 16,0,70,,2391,21,0,17 3 15 7 16,0,30,,2379,21,0,17 3 15 7 16,0,70,,2392,21,0,17 3 15 7 16,0,30,,2380,21,0,17 3 15 7 16,0,70,,2393,21,0,17 3 15 7 16,0,30,,2381,21,0,17 3 15 7 16,0,85,,2394,21,0,17 3 15 7 16,0,70,,2382,21,0,17 3 15 7 16,0,30,,2395,21,0,17 3 15 7 16,0,70,,2383,21,0,17 3 15 7 16,0,30,,2385,21,0,17 3 15 7 16,0,70,,2384,21,0,17 3 15 7 16,0,30,,2396,21,0,17 3 15 7 16,0,70,,2397,21,0,17 3 15 7 16,0
400,'100012',743,,2398,21,0,17 3 15 7 16,0,70,,2411,21,0,17 3 15 7 16,0,30,,2399,21,0,17 3 15 7 16,0,70,,2412,21,0,17 3 15 7 16,0,30,,2400,21,0,17 3 15 7 16,0,70,,2413,21,0,17 3 15 7 16,0,30,,2401,21,0,17 3 15 7 16,0,70,,2414,21,0,17 3 15 7 16,0,30,,2402,21,0,17 3 15 7 16,0,70,,2415,21,0,17 3 15 7 16,0,45,,2403,21,0,17 3 15 7 16,0,70,,2416,21,0,17 3 15 7 16,0,30,,2404,21,0,17 3 15 7 16,0,70,,2417,21,0,17 3 15 7 16,0,30,,2405,21,0,17 3 15 7 16,0,70,,2418,21,0,17 3 15 7 16,0,30,,2406,21,0,17 3 15 7 16,0,85,,2419,21,0,17 3 15 7 16,0,70,,2407,21,0,17 3 15 7 16,0,30,,2420,21,0,17 3 15 7 16,0,70,,2408,21,0,17 3 15 7 16,0,30,,2410,21,0,17 3 15 7 16,0,70,,2409,21,0,17 3 15 7 16,0
400,'100013',535,,2450,21,0,17 3 15 7 16,0,70,,2429,21,0,17 3 15 7 16,0,30,,2421,21,0,17 3 15 7 16,0,18,,2448,21,0,17 3 15 7 16,0,52,,2430,21,0,17 3 15 7 16,0,30,,2422,21,0,17 3 15 7 16,0,70,,2431,21,0,17 3 15 7 16,0,40,,2423,21,0,17 3 15 7 16,0,69,,2449,21,0,17 3 15 7 16,0,31,,2424,21,0,17 3 15 7 16,0,70,,2445,21,0,17 3 15 7 16,0,30,,2425,21,0,17 3 15 7 16,0,70,,2446,21,0,17 3 15 7 16,0,30,,2426,21,0,17 3 15 7 16,0,70,,2447,21,0,17 3 15 7 16,0,38,,2427,21,0,17 3 15 7 16,0,75,,2452,21,0,17 3 15 7 16,0,75,,2428,21,0,17 3 15 7 16,0,35,,2432,21,0,17 3 15 7 16,0,75,,2451,21,0,17 3 15 7 16,0,35,,2433,21,0,17 3 15 7 16,0,75,,2434,21,0,17 3 15 7 16,0,80,,2440,21,0,17 3 15 7 16,0,45,,2435,21,0,17 3 15 7 16,0,70,,2441,21,0,17 3 15 7 16,0,30,,2436,21,0,17 3 15 7 16,0,70,,2442,21,0,17 3 15 7 16,0,30,,2437,21,0,17 3 15 7 16,0,85,,2443,21,0,17 3 15 7 16,0,70,,2438,21,0,17 3 15 7 16,0,30,,2444,21,0,17 3 15 7 16,0,70,,2439,21,0,17 3 15 7 16,0,30,,2453,21,0,17 3 15 7 16,0,70,,2454,21,0,17 3 15 7 16,0
400,'100014',535,,2484,21,0,17 3 15 7 16,0,70,,2463,21,0,17 3 15 7 16,0,30,,2455,21,0,17 3 15 7 16,0,18,,2482,21,0,17 3 15 7 16,0,52,,2464,21,0,17 3 15 7 16,0,30,,2456,21,0,17 3 15 7 16,0,70,,2465,21,0,17 3 15 7 16,0,40,,2457,21,0,17 3 15 7 16,0,69,,2483,21,0,17 3 15 7 16,0,31,,2458,21,0,17 3 15 7 16,0,70,,2479,21,0,17 3 15 7 16,0,30,,2459,21,0,17 3 15 7 16,0,70,,2480,21,0,17 3 15 7 16,0,30,,2460,21,0,17 3 15 7 16,0,70,,2481,21,0,17 3 15 7 16,0,38,,2461,21,0,17 3 15 7 16,0,75,,2486,21,0,17 3 15 7 16,0,75,,2462,21,0,17 3 15 7 16,0,35,,2466,21,0,17 3 15 7 16,0,75,,2485,21,0,17 3 15 7 16,0,35,,2467,21,0,17 3 15 7 16,0,75,,2468,21,0,17 3 15 7 16,0,80,,2474,21,0,17 3 15 7 16,0,45,,2469,21,0,17 3 15 7 16,0,70,,2475,21,0,17 3 15 7 16,0,30,,2470,21,0,17 3 15 7 16,0,70,,2476,21,0,17 3 15 7 16,0,30,,2471,21,0,17 3 15 7 16,0,85,,2477,21,0,17 3 15 7 16,0,70,,2472,21,0,17 3 15 7 16,0,30,,2478,21,0,17 3 15 7 16,0,70,,2473,21,0,17 3 15 7 16,0,30,,2487,21,0,17 3 15 7 16,0,70,,2488,21,0,17 3 15 7 16,0
400,'100015',743,,2489,21,0,17 3 15 7 16,0,70,,2490,21,0,17 3 15 7 16,0,30,,2491,21,0,17 3 15 7 16,0,70,,2492,21,0,17 3 15 7 16,0,30,,2493,21,0,17 3 15 7 16,0,70,,2494,21,0,17 3 15 7 16,0,30,,2495,21,0,17 3 15 7 16,0,70,,2496,21,0,17 3 15 7 16,0,30,,2497,21,0,17 3 15 7 16,0,70,,2498,21,0,17 3 15 7 16,0,45,,2499,21,0,17 3 15 7 16,0,70,,2500,21,0,17 3 15 7 16,0,30,,2501,21,0,17 3 15 7 16,0,70,,2502,21,0,17 3 15 7 16,0,30,,2503,21,0,17 3 15 7 16,0,70,,2504,21,0,17 3 15 7 16,0,30,,2505,21,0,17 3 15 7 16,0,85,,2507,21,0,17 3 15 7 16,0,70,,2508,21,0,17 3 15 7 16,0,30,,2509,21,0,17 3 15 7 16,0,70,,2510,21,0,17 3 15 7 16,0,30,,2511,21,0,17 3 15 7 16,0,70,,2506,21,0,17 3 15 7 16,0
5201,'100009',747,,1365,35,0,7 8 9,0
5201,'100013',747,,3169,35,0,7 8 9,0
5400,'100009',743,,1370,35,0,7 18,0
5400,'100013',743,,3174,35,0,7 18,0
