109,'1477039',805,,13,0,33,0
109,'1477040',905,,14,0,33,0
109,'1477041',1005,,15,0,33,0
109,'1477042',1105,,16,0,33,0
109,'1477043',1205,,17,0,33,0
109,'1477044',1305,,18,0,33,0
109,'1477045',1405,,19,0,33,0
109,'1477046',1505,,20,0,33,0
109,'1477047',1605,,21,0,33,0
109,'1477048',1705,,22,0,33,0
109,'1477049',1805,,23,0,33,0
109,'1477050',1905,,24,0,33,0
109,'1477051',829,,25,0,33,0
109,'1477052',529,,26,0,33,0
109,'1477053',929,,27,0,33,0
109,'1477054',729,,28,0,33,0
109,'1477055',629,,29,0,33,0
109,'1477061',609,,35,0,33,0
109,'1477062',709,,36,0,33,0
109,'1477063',809,,37,0,33,0
109,'1477064',909,,38,0,33,0
109,'1477065',1009,,39,0,33,0
109,'1477066',1109,,40,0,33,0
109,'1477067',1209,,41,0,33,0
109,'1477068',1309,,42,0,33,0
109,'1477073',1349,,47,0,33,0
109,'1477074',1449,,48,0,33,0
109,'1477075',1549,,49,0,33,0
109,'1477076',1649,,50,0,33,0
109,'1477077',1749,,51,0,33,0
109,'1477078',1849,,52,0,33,0
109,'1477079',1949,,53,0,33,0
109,'1477087',1039,,61,0,33,0
109,'1477088',1139,,62,0,33,0
109,'1477089',1239,,63,0,33,0
109,'1477098',2057,,72,0,33,0
109,'1477099',549,,73,0,33,0
109,'1477100',649,,74,0,33,0
109,'1477101',749,,75,0,33,0
109,'1477102',849,,76,0,33,0
109,'1477107',2027,,81,0,33,0
109,'1477108',1929,,82,0,33,0
109,'1477109',1829,,83,0,33,0
109,'1477110',1729,,84,0,33,0
109,'1477111',1629,,85,0,33,0
109,'1477112',1529,,86,0,33,0
109,'1477124',1909,,98,0,33,0
109,'1477125',1509,,99,0,33,0
109,'1477126',1609,,100,0,33,0
109,'1477127',1709,,101,0,33,0
109,'1477128',1809,,102,0,33,0
109,'1477130',1419,,104,0,33,0
109,'1477131',2127,,105,0,33,0
109,'1477132',2157,,106,0,33,0
109,'1477133',2256,,107,0,33,0
109,'1477137',2226,,111,0,33,0
109,'1477612',805,,112,0,33,0
109,'1477614',905,,114,0,33,0
109,'1477617',1005,,117,0,33,0
109,'1477618',1105,,118,0,33,0
109,'1477619',1205,,119,0,33,0
109,'1477622',1405,,122,0,33,0
109,'1477625',1305,,125,0,33,0
109,'1477628',1605,,128,0,33,0
109,'1477629',1505,,129,0,33,0
109,'1477630',1705,,130,0,33,0
109,'1477632',1805,,132,0,33,0
109,'1477635',1905,,135,0,33,0
109,'1477636',835,,136,0,33,0
109,'1477637',935,,137,0,33,0
109,'1477638',1035,,138,0,33,0
109,'1477639',1135,,139,0,33,0
109,'1477640',1235,,140,0,33,0
109,'1477641',1335,,141,0,33,0
109,'1477642',1435,,142,0,33,0
109,'1477643',1535,,143,0,33,0
109,'1477644',1635,,144,0,33,0
109,'1477645',1735,,145,0,33,0
109,'1477646',1835,,146,0,33,0
109,'1477658',735,,158,0,33,0
