309,'1476918',818,,320,,,0
309,'1476919',918,,321,,,0
309,'1476920',1018,,322,,,0
309,'1476921',1117,,323,,,0
309,'1476922',1217,,324,,,0
309,'1476923',1332,,325,,,0
309,'1476924',1432,,326,,,0
309,'1476925',1532,,327,,,0
309,'1476926',1632,,328,,,0
309,'1476927',1747,,329,,,0
309,'1476928',1847,,330,,,0
309,'1477301',542,,379,,,0
309,'1477302',612,,380,,,0
309,'1477303',642,,381,,,0
309,'1477304',712,,382,,,0
309,'1477305',742,,383,,,0
309,'1477306',812,,384,,,0
309,'1477307',842,,385,,,0
309,'1477308',627,,386,,,0
309,'1477309',822,,387,,,0
309,'1477310',922,,388,,,0
309,'1477311',1022,,389,,,0
309,'1477312',1122,,390,,,0
309,'1477313',1224,,391,,,0
309,'1477314',952,,392,,,0
309,'1477315',1052,,393,,,0
309,'1477316',1152,,394,,,0
309,'1477317',1254,,395,,,0
309,'1477318',1337,,396,,,0
309,'1477319',1412,,397,,,0
309,'1477320',1447,,398,,,0
309,'1477321',1448,,399,,,0
309,'1477322',1501,,400,,,0
309,'1477323',1522,,401,,,0
309,'1477324',1557,,402,,,0
309,'1477325',1602,,403,,,0
309,'1477326',1632,,404,,,0
309,'1477327',1707,,405,,,0
309,'1477328',1747,,406,,,0
309,'1477329',1825,,407,,,0
309,'1477330',1855,,408,,,0
309,'1477331',1925,,409,,,0
309,'1477332',1955,,410,,,0
309,'1477333',2025,,411,,,0
309,'1477334',2110,,412,,,0
309,'1477335',2140,,413,,,0
309,'1477336',2210,,414,,,0
309,'1477337',2240,,415,,,0
309,'1477554',818,,416,,,0
309,'1477555',918,,417,,,0
309,'1477556',1018,,418,,,0
309,'1477557',1117,,419,,,0
309,'1477558',1217,,420,,,0
309,'1477559',1432,,421,,,0
309,'1477560',1532,,422,,,0
309,'1477561',1632,,423,,,0
309,'1477562',1747,,424,,,0
309,'1477563',1847,,425,,,0
309,'1477564',1332,,426,,,0
