1000900,'100009',541,,2446,,,0,70,,2447,,,0,30,,2448,,,0,70,,2449,,,0,30,,2450,,,0,70,,2451,,,0,22,,2452,,,0,68,,2453,,,0,35,,2454,,,0,20,,2455,,,0,70,,2456,,,0,30,,2457,,,0,70,,2458,,,0,30,,2459,,,0,70,,2460,,,0,30,,2461,,,0,70,,2462,,,0,30,,2463,,,0,73,,2464,,,0,30,,2465,,,0,74,,2466,,,0,24,,2467,,,0,72,,2468,,,0,30,,2469,,,0,58,,2470,,,0,85,,2471,,,0,30,,2472,,,0,70,,2473,,,0,30,,2474,,,0,27,,2475,,,0,84,,2476,,,0,85,,2477,,,0,75,,2478,,,0,35,,2480,,,0,75,,2479,,,0
1000900,'100011',541,,2491,,,0,70,,2492,,,0,30,,2493,,,0,70,,2494,,,0,30,,2495,,,0,70,,2496,,,0,22,,2497,,,0,68,,2498,,,0,35,,2499,,,0,20,,2500,,,0,70,,2501,,,0,30,,2502,,,0,70,,2503,,,0,30,,2504,,,0,70,,2505,,,0,30,,2506,,,0,70,,2507,,,0,30,,2508,,,0,73,,2509,,,0,30,,2510,,,0,74,,2511,,,0,24,,2512,,,0,72,,2513,,,0,30,,2514,,,0,58,,2515,,,0,85,,2484,,,0,30,,2485,,,0,70,,2488,,,0,30,,2481,,,0,27,,2483,,,0,84,,2489,,,0,85,,2487,,,0,75,,2486,,,0,35,,2490,,,0,75,,2482,,,0
1000900,'100012',754,,2516,,,0,80,,2517,,,0,80,,2518,,,0,40,,2519,,,0,80,,2520,,,0,80,,2521,,,0,40,,2522,,,0,85,,2523,,,0,80,,2524,,,0,81,,2525,,,0,40,,2526,,,0,80,,2527,,,0,80,,2528,,,0,40,,2529,,,0,85,,2530,,,0,80,,2531,,,0,40,,2532,,,0,80,,2533,,,0
1000900,'100013',754,,2534,,,0,80,,2535,,,0,80,,2536,,,0,40,,2537,,,0,80,,2538,,,0,80,,2539,,,0,40,,2540,,,0,85,,2541,,,0,80,,2542,,,0,81,,2543,,,0,40,,2544,,,0,80,,2545,,,0,80,,2546,,,0,40,,2547,,,0,85,,2548,,,0,80,,2549,,,0,40,,2550,,,0,80,,2551,,,0
1000900,'100037',541,,2562,,,0,70,,2563,,,0,30,,2564,,,0,70,,2565,,,0,30,,2566,,,0,70,,2567,,,0,22,,2568,,,0,68,,2569,,,0,35,,2570,,,0,20,,2571,,,0,70,,2572,,,0,30,,2573,,,0,70,,2574,,,0,30,,2575,,,0,70,,2576,,,0,30,,2577,,,0,70,,2578,,,0,30,,2579,,,0,73,,2580,,,0,30,,2581,,,0,74,,2582,,,0,24,,2583,,,0,72,,2584,,,0,30,,2585,,,0,58,,2586,,,0,85,,2555,,,0,30,,2556,,,0,70,,2559,,,0,30,,2552,,,0,27,,2554,,,0,84,,2560,,,0,85,,2558,,,0,75,,2557,,,0,35,,2561,,,0,75,,2553,,,0
2000900,'100009',606,,2589,,,0,20,,2590,,,0,30,,2591,,,0,70,,2592,,,0,30,,2593,,,0,60,,2594,,,0,40,,2595,,,0,62,,2620,,,0,28,,2596,,,0,70,,2597,,,0,20,,2598,,,0,70,,2599,,,0,30,,2600,,,0,70,,2601,,,0,30,,2602,,,0,70,,2603,,,0,30,,2604,,,0,70,,2605,,,0,32,,2606,,,0,71,,2607,,,0,30,,2608,,,0,74,,2609,,,0,24,,2610,,,0,72,,2611,,,0,38,,2612,,,0,70,,2613,,,0,30,,2614,,,0,70,,2615,,,0,30,,2616,,,0,65,,2617,,,0,32,,2618,,,0,74,,2619,,,0,85,,2621,,,0,35,,2622,,,0,76,,2623,,,0
2000900,'100011',606,,2624,,,0,20,,2625,,,0,30,,2626,,,0,70,,2627,,,0,30,,2628,,,0,60,,2629,,,0,40,,2630,,,0,62,,2655,,,0,28,,2631,,,0,70,,2632,,,0,20,,2633,,,0,70,,2634,,,0,30,,2635,,,0,70,,2636,,,0,30,,2637,,,0,70,,2638,,,0,30,,2639,,,0,70,,2640,,,0,32,,2641,,,0,71,,2642,,,0,30,,2643,,,0,74,,2644,,,0,24,,2645,,,0,72,,2646,,,0,38,,2647,,,0,70,,2648,,,0,30,,2649,,,0,70,,2650,,,0,30,,2651,,,0,65,,2652,,,0,32,,2653,,,0,74,,2654,,,0,85,,2656,,,0,35,,2657,,,0,76,,2658,,,0
2000900,'100012',816,,2659,,,0,40,,2660,,,0,80,,2661,,,0,80,,2662,,,0,40,,2663,,,0,80,,2664,,,0,79,,2665,,,0,40,,2666,,,0,85,,2667,,,0,80,,2668,,,0,81,,2669,,,0,40,,2670,,,0,85,,2671,,,0,80,,2672,,,0,40,,2673,,,0,80,,2674,,,0,80,,2675,,,0
2000900,'100013',816,,2676,,,0,40,,2677,,,0,80,,2678,,,0,80,,2679,,,0,40,,2680,,,0,80,,2681,,,0,79,,2682,,,0,40,,2683,,,0,85,,2684,,,0,80,,2685,,,0,81,,2686,,,0,40,,2687,,,0,85,,2688,,,0,80,,2689,,,0,40,,2690,,,0,80,,2691,,,0,80,,2692,,,0
2000900,'100037',606,,2693,,,0,20,,2694,,,0,30,,2695,,,0,70,,2696,,,0,30,,2697,,,0,60,,2698,,,0,40,,2699,,,0,62,,2724,,,0,28,,2700,,,0,70,,2701,,,0,20,,2702,,,0,70,,2703,,,0,30,,2704,,,0,70,,2705,,,0,30,,2706,,,0,70,,2707,,,0,30,,2708,,,0,70,,2709,,,0,32,,2710,,,0,71,,2711,,,0,30,,2712,,,0,74,,2713,,,0,24,,2714,,,0,72,,2715,,,0,38,,2716,,,0,70,,2717,,,0,30,,2718,,,0,70,,2719,,,0,30,,2720,,,0,65,,2721,,,0,32,,2722,,,0,74,,2723,,,0,85,,2725,,,0,35,,2726,,,0,76,,2727,,,0
