300,'100009',525,,531,5,0,15 7 16 3 17,0,30,,532,5,0,15 7 16 3 17,0,55,,538,5,0,15 7 16 3 17,0,15,,533,5,0,15 7 16 3 17,0,30,,534,5,0,15 7 16 3 17,0,70,,535,5,0,15 7 16 3 17,0,30,,536,5,0,15 7 16 3 17,0,50,,539,5,0,15 7 16 3 17,0,20,,537,5,0,15 7 16 3 17,0,80,,540,5,0,15 7 16 3 17,0,30,,544,5,0,15 7 16 3 17,0,70,,541,5,0,15 7 16 3 17,0,30,,545,5,0,15 7 16 3 17,0,70,,542,5,0,15 7 16 3 17,0,30,,546,5,0,15 7 16 3 17,0,71,,543,5,0,15 7 16 3 17,0,30,,547,5,0,15 7 16 3 17,0,83,,548,5,0,15 7 16 3 17,0,35,,549,5,0,15 7 16 3 17,0,75,,550,5,0,15 7 16 3 17,0,1,,551,5,0,15 7 16 3 17,0,13,,552,5,0,15 7 16 3 17,0,61,,553,5,0,15 7 16 3 17,0,35,,554,5,0,15 7 16 3 17,0,5,,555,5,0,15 7 16 3 17,0,70,,556,5,0,15 7 16 3 17,0,35,,557,5,0,15 7 16 3 17,0,80,,558,5,0,15 7 16 3 17,0,79,,559,5,0,15 7 16 3 17,0,30,,560,5,0,15 7 16 3 17,0,70,,561,5,0,15 7 16 3 17,0,30,,562,5,0,15 7 16 3 17,0,70,,563,5,0,15 7 16 3 17,0,45,,564,5,0,15 7 16 3 17,0,70,,565,5,0,15 7 16 3 17,0,30,,566,5,0,15 7 16 3 17,0,70,,567,5,0,15 7 16 3 17,0
300,'100010',801,,568,5,0,15 7 16 3 17,0,100,,569,5,0,15 7 16 3 17,0,100,,570,5,0,15 7 16 3 17,0,100,,571,5,0,15 7 16 3 17,0,100,,572,5,0,15 7 16 3 17,0,115,,578,5,0,15 7 16 3 17,0,100,,573,5,0,15 7 16 3 17,0,100,,574,5,0,15 7 16 3 17,0,100,,575,5,0,15 7 16 3 17,0,115,,576,5,0,15 7 16 3 17,0,100,,577,5,0,15 7 16 3 17,0
300,'100011',801,,2156,5,0,15 7 16 3 17,0,100,,2157,5,0,15 7 16 3 17,0,100,,2158,5,0,15 7 16 3 17,0,100,,2159,5,0,15 7 16 3 17,0,100,,2160,5,0,15 7 16 3 17,0,115,,2166,5,0,15 7 16 3 17,0,100,,2161,5,0,15 7 16 3 17,0,100,,2162,5,0,15 7 16 3 17,0,100,,2163,5,0,15 7 16 3 17,0,115,,2164,5,0,15 7 16 3 17,0,100,,2165,5,0,15 7 16 3 17,0,100,,2167,5,0,15 7 16 3 17,0
300,'100012',801,,2168,5,0,15 7 16 3 17,0,100,,2169,5,0,15 7 16 3 17,0,100,,2170,5,0,15 7 16 3 17,0,100,,2171,5,0,15 7 16 3 17,0,100,,2172,5,0,15 7 16 3 17,0,115,,2178,5,0,15 7 16 3 17,0,100,,2173,5,0,15 7 16 3 17,0,100,,2174,5,0,15 7 16 3 17,0,100,,2175,5,0,15 7 16 3 17,0,115,,2176,5,0,15 7 16 3 17,0,100,,2177,5,0,15 7 16 3 17,0
300,'100013',525,,2179,5,0,15 7 16 3 17,0,30,,2180,5,0,15 7 16 3 17,0,55,,2186,5,0,15 7 16 3 17,0,15,,2181,5,0,15 7 16 3 17,0,30,,2182,5,0,15 7 16 3 17,0,70,,2183,5,0,15 7 16 3 17,0,30,,2184,5,0,15 7 16 3 17,0,50,,2187,5,0,15 7 16 3 17,0,20,,2185,5,0,15 7 16 3 17,0,80,,2188,5,0,15 7 16 3 17,0,30,,2192,5,0,15 7 16 3 17,0,70,,2189,5,0,15 7 16 3 17,0,30,,2193,5,0,15 7 16 3 17,0,70,,2190,5,0,15 7 16 3 17,0,30,,2194,5,0,15 7 16 3 17,0,71,,2191,5,0,15 7 16 3 17,0,30,,2195,5,0,15 7 16 3 17,0,83,,2196,5,0,15 7 16 3 17,0,35,,2197,5,0,15 7 16 3 17,0,75,,2198,5,0,15 7 16 3 17,0,1,,2199,5,0,15 7 16 3 17,0,13,,2200,5,0,15 7 16 3 17,0,61,,2201,5,0,15 7 16 3 17,0,35,,2202,5,0,15 7 16 3 17,0,5,,2203,5,0,15 7 16 3 17,0,70,,2204,5,0,15 7 16 3 17,0,35,,2205,5,0,15 7 16 3 17,0,80,,2206,5,0,15 7 16 3 17,0,79,,2207,5,0,15 7 16 3 17,0,30,,2208,5,0,15 7 16 3 17,0,70,,2209,5,0,15 7 16 3 17,0,30,,2210,5,0,15 7 16 3 17,0,70,,2211,5,0,15 7 16 3 17,0,45,,2212,5,0,15 7 16 3 17,0,70,,2213,5,0,15 7 16 3 17,0,30,,2214,5,0,15 7 16 3 17,0,70,,2215,5,0,15 7 16 3 17,0
300,'100014',525,,2216,5,0,15 7 16 3 17,0,30,,2217,5,0,15 7 16 3 17,0,55,,2223,5,0,15 7 16 3 17,0,15,,2218,5,0,15 7 16 3 17,0,30,,2219,5,0,15 7 16 3 17,0,70,,2220,5,0,15 7 16 3 17,0,30,,2221,5,0,15 7 16 3 17,0,50,,2224,5,0,15 7 16 3 17,0,20,,2222,5,0,15 7 16 3 17,0,80,,2225,5,0,15 7 16 3 17,0,30,,2229,5,0,15 7 16 3 17,0,70,,2226,5,0,15 7 16 3 17,0,30,,2230,5,0,15 7 16 3 17,0,70,,2227,5,0,15 7 16 3 17,0,30,,2231,5,0,15 7 16 3 17,0,71,,2228,5,0,15 7 16 3 17,0,30,,2232,5,0,15 7 16 3 17,0,83,,2233,5,0,15 7 16 3 17,0,35,,2234,5,0,15 7 16 3 17,0,75,,2235,5,0,15 7 16 3 17,0,1,,2236,5,0,15 7 16 3 17,0,13,,2237,5,0,15 7 16 3 17,0,61,,2238,5,0,15 7 16 3 17,0,35,,2239,5,0,15 7 16 3 17,0,5,,2240,5,0,15 7 16 3 17,0,70,,2241,5,0,15 7 16 3 17,0,35,,2242,5,0,15 7 16 3 17,0,80,,2243,5,0,15 7 16 3 17,0,79,,2244,5,0,15 7 16 3 17,0,30,,2245,5,0,15 7 16 3 17,0,70,,2246,5,0,15 7 16 3 17,0,30,,2247,5,0,15 7 16 3 17,0,70,,2248,5,0,15 7 16 3 17,0,45,,2249,5,0,15 7 16 3 17,0,70,,2250,5,0,15 7 16 3 17,0,30,,2251,5,0,15 7 16 3 17,0,70,,2252,5,0,15 7 16 3 17,0
300,'100015',801,,2253,5,0,15 7 16 3 17,0,100,,2254,5,0,15 7 16 3 17,0,100,,2255,5,0,15 7 16 3 17,0,100,,2256,5,0,15 7 16 3 17,0,100,,2257,5,0,15 7 16 3 17,0,115,,2258,5,0,15 7 16 3 17,0,100,,2259,5,0,15 7 16 3 17,0,100,,2260,5,0,15 7 16 3 17,0,100,,2261,5,0,15 7 16 3 17,0,115,,2262,5,0,15 7 16 3 17,0,100,,2263,5,0,15 7 16 3 17,0
800,'100009',605,,1117,21,,,0,30,,1102,21,,,0,70,,1118,21,,,0,30,,1103,21,,,0,70,,1119,21,,,0,40,,1120,21,,,0,69,,1104,21,,,0,30,,1128,21,,,0,70,,1105,21,,,0,30,,1129,21,,,0,70,,1106,21,,,0,30,,1130,21,,,0,70,,1107,21,,,0,41,,1131,21,,,0,75,,1108,21,,,0,75,,1121,21,,,0,35,,1109,21,,,0,75,,1110,21,,,0,35,,1122,21,,,0,75,,1111,21,,,0,80,,1123,21,,,0,43,,1112,21,,,0,70,,1124,21,,,0,30,,1113,21,,,0,70,,1125,21,,,0,30,,1114,21,,,0,85,,1126,21,,,0,70,,1115,21,,,0,30,,1127,21,,,0,70,,1116,21,,,0,28,,1133,21,,,0,28,,1132,21,,,0
800,'100010',741,,1134,21,,,0,100,,1135,21,,,0,100,,1136,21,,,0,100,,1137,21,,,0,100,,1138,21,,,0,115,,1139,21,,,0,100,,1140,21,,,0,100,,1141,21,,,0,100,,1142,21,,,0,155,,1143,21,,,0,100,,1144,21,,,0,100,,1145,21,,,0
800,'100011',741,,2819,21,,,0,100,,2820,21,,,0,100,,2821,21,,,0,100,,2822,21,,,0,100,,2823,21,,,0,115,,2824,21,,,0,100,,2825,21,,,0,100,,2826,21,,,0,100,,2827,21,,,0,155,,2828,21,,,0,100,,2829,21,,,0,100,,2830,21,,,0,100,,2831,21,,,0
800,'100012',741,,2832,21,,,0,100,,2833,21,,,0,100,,2834,21,,,0,100,,2835,21,,,0,100,,2836,21,,,0,115,,2837,21,,,0,100,,2838,21,,,0,100,,2839,21,,,0,100,,2840,21,,,0,155,,2841,21,,,0,100,,2842,21,,,0,100,,2843,21,,,0
800,'100013',605,,2859,21,,,0,30,,2844,21,,,0,70,,2860,21,,,0,30,,2845,21,,,0,70,,2861,21,,,0,40,,2862,21,,,0,69,,2846,21,,,0,30,,2870,21,,,0,70,,2847,21,,,0,30,,2871,21,,,0,70,,2848,21,,,0,30,,2872,21,,,0,70,,2849,21,,,0,41,,2873,21,,,0,75,,2850,21,,,0,75,,2863,21,,,0,35,,2851,21,,,0,75,,2852,21,,,0,35,,2864,21,,,0,75,,2853,21,,,0,80,,2865,21,,,0,43,,2854,21,,,0,70,,2866,21,,,0,30,,2855,21,,,0,70,,2867,21,,,0,30,,2856,21,,,0,85,,2868,21,,,0,70,,2857,21,,,0,30,,2869,21,,,0,70,,2858,21,,,0,28,,2875,21,,,0,28,,2874,21,,,0
800,'100014',605,,2891,21,,,0,30,,2876,21,,,0,70,,2892,21,,,0,30,,2877,21,,,0,70,,2893,21,,,0,40,,2894,21,,,0,69,,2878,21,,,0,30,,2902,21,,,0,70,,2879,21,,,0,30,,2903,21,,,0,70,,2880,21,,,0,30,,2904,21,,,0,70,,2881,21,,,0,41,,2905,21,,,0,75,,2882,21,,,0,75,,2895,21,,,0,35,,2883,21,,,0,75,,2884,21,,,0,35,,2896,21,,,0,75,,2885,21,,,0,80,,2897,21,,,0,43,,2886,21,,,0,70,,2898,21,,,0,30,,2887,21,,,0,70,,2899,21,,,0,30,,2888,21,,,0,85,,2900,21,,,0,70,,2889,21,,,0,30,,2901,21,,,0,70,,2890,21,,,0,28,,2907,21,,,0,28,,2906,21,,,0
800,'100015',741,,2908,21,,,0,100,,2909,21,,,0,100,,2910,21,,,0,100,,2911,21,,,0,100,,2912,21,,,0,115,,2913,21,,,0,100,,2914,21,,,0,100,,2915,21,,,0,100,,2916,21,,,0,155,,2917,21,,,0,100,,2918,21,,,0,100,,2919,21,,,0
5000,'100009',754,2,1358,19,,,0
5000,'100013',754,2,3162,19,,,0
5100,'100009',752,2,1361,20,0,5 28,0
5100,'100013',752,2,3165,20,0,5 28,0
5200,'100009',1434,,1364,1,0,5 6,0
5200,'100013',1434,,3168,1,0,5 6,0
5201,'100009',1526,18,1366,10,0,5 6,0
5201,'100013',1526,18,3170,10,0,5 6,0
5300,'100009',817,,1367,32,,,0
5300,'100013',817,,3171,32,,,0
5301,'100009',1549,,1369,25,,,0
5301,'100013',1549,,3173,25,,,0
