2019,'1477004',742,,183,0,10 27,0
2019,'1477005',812,,184,0,10 27,0
2019,'1477006',842,,185,0,10 27,0
2019,'1477007',912,,186,0,10 27,0
2019,'1477008',942,,187,0,10 27,0
2019,'1477009',1012,,188,0,10 27,0
2019,'1477010',1042,,189,0,10 27,0
2019,'1477011',1112,,190,0,10 27,0
2019,'1477012',1142,,191,0,10 27,0
2019,'1477013',1212,,192,0,10 27,0
2019,'1477014',1257,,193,0,10 27,0
2019,'1477015',1327,,194,0,10 27,0
2019,'1477016',1357,,195,0,10 27,0
2019,'1477017',1427,,196,0,10 27,0
2019,'1477018',1457,,197,0,10 27,0
2019,'1477019',1527,,198,0,10 27,0
2019,'1477020',1557,,199,0,10 27,0
2019,'1477021',1912,,200,0,10 27,0
2019,'1477022',1642,,201,0,10 27,0
2019,'1477023',1712,,202,0,10 27,0
2019,'1477024',1742,,203,0,10 27,0
2019,'1477025',1812,,204,0,10 27,0
2019,'1477026',1842,,205,0,10 27,0
2019,'1477138',534,,206,0,10 27,0
2019,'1477139',634,,207,0,10 27,0
2019,'1477140',734,,208,0,10 27,0
2019,'1477141',844,,209,0,10 27,0
2019,'1477142',944,,210,0,10 27,0
2019,'1477143',1044,,211,0,10 27,0
2019,'1477144',1144,,212,0,10 27,0
2019,'1477145',1254,,213,0,10 27,0
2019,'1477146',1404,,214,0,10 27,0
2019,'1477164',604,,232,0,10 27,0
2019,'1477165',704,,233,0,10 27,0
2019,'1477166',804,,234,0,10 27,0
2019,'1477167',914,,235,0,10 27,0
2019,'1477168',1014,,236,0,10 27,0
2019,'1477169',1114,,237,0,10 27,0
2019,'1477170',1214,,238,0,10 27,0
2019,'1477171',1329,,239,0,10 27,0
2019,'1477172',1439,,240,0,10 27,0
2019,'1477180',1549,,248,0,10 27,0
2019,'1477181',1704,,249,0,10 27,0
2019,'1477182',1747,,250,0,10 27,0
2019,'1477183',1847,,251,0,10 27,0
2019,'1477184',1947,,252,0,10 27,0
2019,'1477185',2102,,253,0,10 27,0
2019,'1477186',2202,,254,0,10 27,0
2019,'1477194',1514,,262,0,10 27,0
2019,'1477195',1624,,263,0,10 27,0
2019,'1477196',1817,,264,0,10 27,0
2019,'1477197',1917,,265,0,10 27,0
2019,'1477198',2032,,266,0,10 27,0
2019,'1477199',2132,,267,0,10 27,0
2019,'1477202',2232,,270,0,10 27,0
2019,'1477203',2302,,271,0,10 27,0
2019,'1477204',2332,,272,0,10 27,0
2019,'1477792',842,,296,0,10 27,0
2019,'1477793',812,,297,0,10 27,0
2019,'1477794',912,,298,0,10 27,0
2019,'1477795',942,,299,0,10 27,0
2019,'1477796',1012,,300,0,10 27,0
2019,'1477797',1042,,301,0,10 27,0
2019,'1477798',1112,,302,0,10 27,0
2019,'1477799',1142,,303,0,10 27,0
2019,'1477800',1212,,304,0,10 27,0
2019,'1477801',1257,,305,0,10 27,0
2019,'1477802',1327,,306,0,10 27,0
2019,'1477803',1357,,307,0,10 27,0
2019,'1477804',1427,,308,0,10 27,0
2019,'1477805',1457,,309,0,10 27,0
2019,'1477806',1527,,310,0,10 27,0
2019,'1477807',1557,,311,0,10 27,0
2019,'1477808',1642,,312,0,10 27,0
2019,'1477809',1712,,313,0,10 27,0
2019,'1477810',1742,,314,0,10 27,0
2019,'1477811',1812,,315,0,10 27,0
2019,'1477812',1842,,316,0,10 27,0
2019,'1477813',1912,,317,0,10 27,0
2019,'1477814',742,,318,0,10 27,0
2019,'1477815',712,,319,0,10 27,0
5109,'1477509',1500,,888,0,5 6 7 8 9,0
5309,'1477514',758,,893,,,0
