309,'1476918',816,,320,,,0
309,'1476919',916,,321,,,0
309,'1476920',1016,,322,,,0
309,'1476921',1115,,323,,,0
309,'1476922',1215,,324,,,0
309,'1476923',1330,,325,,,0
309,'1476924',1430,,326,,,0
309,'1476925',1530,,327,,,0
309,'1476926',1630,,328,,,0
309,'1476927',1745,,329,,,0
309,'1476928',1845,,330,,,0
309,'1477301',540,,379,,,0
309,'1477302',610,,380,,,0
309,'1477303',640,,381,,,0
309,'1477304',710,,382,,,0
309,'1477305',740,,383,,,0
309,'1477306',810,,384,,,0
309,'1477307',840,,385,,,0
309,'1477308',625,,386,,,0
309,'1477309',820,,387,,,0
309,'1477310',920,,388,,,0
309,'1477311',1020,,389,,,0
309,'1477312',1120,,390,,,0
309,'1477313',1222,,391,,,0
309,'1477314',950,,392,,,0
309,'1477315',1050,,393,,,0
309,'1477316',1150,,394,,,0
309,'1477317',1252,,395,,,0
309,'1477318',1335,,396,,,0
309,'1477319',1410,,397,,,0
309,'1477320',1445,,398,,,0
309,'1477321',1446,,399,,,0
309,'1477322',1459,,400,,,0
309,'1477323',1520,,401,,,0
309,'1477324',1555,,402,,,0
309,'1477325',1600,,403,,,0
309,'1477326',1630,,404,,,0
309,'1477327',1705,,405,,,0
309,'1477328',1745,,406,,,0
309,'1477329',1823,,407,,,0
309,'1477330',1853,,408,,,0
309,'1477331',1923,,409,,,0
309,'1477332',1953,,410,,,0
309,'1477333',2023,,411,,,0
309,'1477334',2108,,412,,,0
309,'1477335',2138,,413,,,0
309,'1477336',2208,,414,,,0
309,'1477337',2238,,415,,,0
309,'1477554',816,,416,,,0
309,'1477555',916,,417,,,0
309,'1477556',1016,,418,,,0
309,'1477557',1115,,419,,,0
309,'1477558',1215,,420,,,0
309,'1477559',1430,,421,,,0
309,'1477560',1530,,422,,,0
309,'1477561',1630,,423,,,0
309,'1477562',1745,,424,,,0
309,'1477563',1845,,425,,,0
309,'1477564',1330,,426,,,0
