700,'100009',531,,980,14,0,24 3 25,0,70,,990,14,0,24 3 25,0,30,,981,14,0,24 3 25,0,18,,1008,14,0,24 3 25,0,52,,991,14,0,24 3 25,0,30,,982,14,0,24 3 25,0,70,,992,14,0,24 3 25,0,40,,1001,14,0,24 3 25,0,70,,983,14,0,24 3 25,0,30,,1002,14,0,24 3 25,0,70,,984,14,0,24 3 25,0,30,,1009,14,0,24 3 25,0,70,,985,14,0,24 3 25,0,30,,1010,14,0,24 3 25,0,70,,986,14,0,24 3 25,0,40,,1011,14,0,24 3 25,0,75,,987,14,0,24 3 25,0,75,,993,14,0,24 3 25,0,35,,988,14,0,24 3 25,0,75,,994,14,0,24 3 25,0,35,,989,14,0,24 3 25,0,75,,995,14,0,24 3 25,0,80,,996,14,0,24 3 25,0,43,,1003,14,0,24 3 25,0,70,,997,14,0,24 3 25,0,30,,1004,14,0,24 3 25,0,70,,998,14,0,24 3 25,0,30,,1005,14,0,24 3 25,0,85,,999,14,0,24 3 25,0,30,,1006,14,0,24 3 25,0,70,,1000,14,0,24 3 25,0,30,,1007,14,0,24 3 25,0,70,,1012,14,0,24 3 25,0,30,,1013,14,0,24 3 25,0
700,'100010',531,,1014,14,0,24 3 25,0,70,,1024,14,0,24 3 25,0,30,,1015,14,0,24 3 25,0,18,,1042,14,0,24 3 25,0,52,,1025,14,0,24 3 25,0,30,,1016,14,0,24 3 25,0,70,,1026,14,0,24 3 25,0,40,,1035,14,0,24 3 25,0,70,,1017,14,0,24 3 25,0,30,,1036,14,0,24 3 25,0,70,,1018,14,0,24 3 25,0,30,,1043,14,0,24 3 25,0,70,,1019,14,0,24 3 25,0,30,,1044,14,0,24 3 25,0,70,,1020,14,0,24 3 25,0,40,,1045,14,0,24 3 25,0,75,,1021,14,0,24 3 25,0,75,,1027,14,0,24 3 25,0,35,,1022,14,0,24 3 25,0,75,,1028,14,0,24 3 25,0,35,,1023,14,0,24 3 25,0,75,,1029,14,0,24 3 25,0,80,,1030,14,0,24 3 25,0,43,,1037,14,0,24 3 25,0,70,,1031,14,0,24 3 25,0,30,,1038,14,0,24 3 25,0,70,,1032,14,0,24 3 25,0,30,,1039,14,0,24 3 25,0,85,,1033,14,0,24 3 25,0,30,,1040,14,0,24 3 25,0,70,,1034,14,0,24 3 25,0,30,,1041,14,0,24 3 25,0,70,,1046,14,0,24 3 25,0,30,,1047,14,0,24 3 25,0
700,'100011',809,,1048,14,0,24 3 25,0,100,,1049,14,0,24 3 25,0,100,,1050,14,0,24 3 25,0,100,,1051,14,0,24 3 25,0,100,,1052,14,0,24 3 25,0,115,,1053,14,0,24 3 25,0,100,,1054,14,0,24 3 25,0,100,,1055,14,0,24 3 25,0,115,,1056,14,0,24 3 25,0,100,,1057,14,0,24 3 25,0,100,,1058,14,0,24 3 25,0
700,'100012',809,,1059,14,0,24 3 25,0,100,,1060,14,0,24 3 25,0,100,,1061,14,0,24 3 25,0,100,,1062,14,0,24 3 25,0,100,,1063,14,0,24 3 25,0,115,,1064,14,0,24 3 25,0,100,,1065,14,0,24 3 25,0,100,,1066,14,0,24 3 25,0,115,,1067,14,0,24 3 25,0,100,,1068,14,0,24 3 25,0,100,,1069,14,0,24 3 25,0
800,'100009',601,,1085,13,0,14 3 15 7 16,0,30,,1070,13,0,14 3 15 7 16,0,70,,1086,13,0,14 3 15 7 16,0,30,,1071,13,0,14 3 15 7 16,0,70,,1087,13,0,14 3 15 7 16,0,40,,1088,13,0,14 3 15 7 16,0,69,,1072,13,0,14 3 15 7 16,0,30,,1096,13,0,14 3 15 7 16,0,70,,1073,13,0,14 3 15 7 16,0,30,,1097,13,0,14 3 15 7 16,0,70,,1074,13,0,14 3 15 7 16,0,30,,1098,13,0,14 3 15 7 16,0,70,,1075,13,0,14 3 15 7 16,0,40,,1099,13,0,14 3 15 7 16,0,75,,1076,13,0,14 3 15 7 16,0,75,,1089,13,0,14 3 15 7 16,0,35,,1077,13,0,14 3 15 7 16,0,75,,1078,13,0,14 3 15 7 16,0,35,,1090,13,0,14 3 15 7 16,0,75,,1079,13,0,14 3 15 7 16,0,80,,1091,13,0,14 3 15 7 16,0,44,,1080,13,0,14 3 15 7 16,0,70,,1092,13,0,14 3 15 7 16,0,30,,1081,13,0,14 3 15 7 16,0,70,,1093,13,0,14 3 15 7 16,0,30,,1082,13,0,14 3 15 7 16,0,85,,1094,13,0,14 3 15 7 16,0,30,,1083,13,0,14 3 15 7 16,0,70,,1095,13,0,14 3 15 7 16,0,30,,1084,13,0,14 3 15 7 16,0,68,,1101,13,0,14 3 15 7 16,0,28,,1100,13,0,14 3 15 7 16,0
800,'100010',601,,1117,13,0,14 3 15 7 16,0,30,,1102,13,0,14 3 15 7 16,0,70,,1118,13,0,14 3 15 7 16,0,30,,1103,13,0,14 3 15 7 16,0,70,,1119,13,0,14 3 15 7 16,0,40,,1120,13,0,14 3 15 7 16,0,69,,1104,13,0,14 3 15 7 16,0,30,,1128,13,0,14 3 15 7 16,0,70,,1105,13,0,14 3 15 7 16,0,30,,1129,13,0,14 3 15 7 16,0,70,,1106,13,0,14 3 15 7 16,0,30,,1130,13,0,14 3 15 7 16,0,70,,1107,13,0,14 3 15 7 16,0,40,,1131,13,0,14 3 15 7 16,0,75,,1108,13,0,14 3 15 7 16,0,75,,1121,13,0,14 3 15 7 16,0,35,,1109,13,0,14 3 15 7 16,0,75,,1110,13,0,14 3 15 7 16,0,35,,1122,13,0,14 3 15 7 16,0,75,,1111,13,0,14 3 15 7 16,0,80,,1123,13,0,14 3 15 7 16,0,44,,1112,13,0,14 3 15 7 16,0,70,,1124,13,0,14 3 15 7 16,0,30,,1113,13,0,14 3 15 7 16,0,70,,1125,13,0,14 3 15 7 16,0,30,,1114,13,0,14 3 15 7 16,0,85,,1126,13,0,14 3 15 7 16,0,30,,1115,13,0,14 3 15 7 16,0,70,,1127,13,0,14 3 15 7 16,0,30,,1116,13,0,14 3 15 7 16,0,68,,1133,13,0,14 3 15 7 16,0,28,,1132,13,0,14 3 15 7 16,0
800,'100011',738,,1134,13,0,14 3 15 7 16,0,100,,1135,13,0,14 3 15 7 16,0,100,,1136,13,0,14 3 15 7 16,0,100,,1137,13,0,14 3 15 7 16,0,100,,1138,13,0,14 3 15 7 16,0,115,,1139,13,0,14 3 15 7 16,0,100,,1140,13,0,14 3 15 7 16,0,100,,1141,13,0,14 3 15 7 16,0,100,,1142,13,0,14 3 15 7 16,0,155,,1143,13,0,14 3 15 7 16,0,100,,1144,13,0,14 3 15 7 16,0,100,,1145,13,0,14 3 15 7 16,0
800,'100012',738,,1146,13,0,14 3 15 7 16,0,100,,1147,13,0,14 3 15 7 16,0,100,,1148,13,0,14 3 15 7 16,0,100,,1149,13,0,14 3 15 7 16,0,100,,1150,13,0,14 3 15 7 16,0,115,,1151,13,0,14 3 15 7 16,0,100,,1152,13,0,14 3 15 7 16,0,100,,1153,13,0,14 3 15 7 16,0,100,,1154,13,0,14 3 15 7 16,0,155,,1155,13,0,14 3 15 7 16,0,100,,1156,13,0,14 3 15 7 16,0,100,,1157,13,0,14 3 15 7 16,0
5001,'100010',1450,,1360,2,,,0
5300,'100010',823,,1367,45,,,0
5301,'100010',1555,,1369,38,,,0
1005301,'100010',1458,,1514,3,,,0
