300,'100009',547,,531,31,0,15 7 16 3 17,0,70,,532,31,0,15 7 16 3 17,0,15,,538,31,0,15 7 16 3 17,0,15,,533,31,0,15 7 16 3 17,0,70,,534,31,0,15 7 16 3 17,0,30,,535,31,0,15 7 16 3 17,0,70,,536,31,0,15 7 16 3 17,0,10,,539,31,0,15 7 16 3 17,0,20,,537,31,0,15 7 16 3 17,0,80,,540,31,0,15 7 16 3 17,0,30,,544,31,0,15 7 16 3 17,0,70,,541,31,0,15 7 16 3 17,0,30,,545,31,0,15 7 16 3 17,0,70,,542,31,0,15 7 16 3 17,0,30,,546,31,0,15 7 16 3 17,0,73,,543,31,0,15 7 16 3 17,0,70,,547,31,0,15 7 16 3 17,0,43,,548,31,0,15 7 16 3 17,0,75,,549,31,0,15 7 16 3 17,0,35,,550,31,0,15 7 16 3 17,0,1,,551,31,0,15 7 16 3 17,0,53,,552,31,0,15 7 16 3 17,0,21,,553,31,0,15 7 16 3 17,0,75,,554,31,0,15 7 16 3 17,0,5,,555,31,0,15 7 16 3 17,0,30,,556,31,0,15 7 16 3 17,0,75,,557,31,0,15 7 16 3 17,0,40,,558,31,0,15 7 16 3 17,0,77,,559,31,0,15 7 16 3 17,0,70,,560,31,0,15 7 16 3 17,0,30,,561,31,0,15 7 16 3 17,0,70,,562,31,0,15 7 16 3 17,0,30,,563,31,0,15 7 16 3 17,0,85,,564,31,0,15 7 16 3 17,0,30,,565,31,0,15 7 16 3 17,0,70,,566,31,0,15 7 16 3 17,0,30,,567,31,0,15 7 16 3 17,0
300,'100010',823,,568,31,0,15 7 16 3 17,0,100,,569,31,0,15 7 16 3 17,0,100,,570,31,0,15 7 16 3 17,0,100,,571,31,0,15 7 16 3 17,0,100,,572,31,0,15 7 16 3 17,0,115,,578,31,0,15 7 16 3 17,0,100,,573,31,0,15 7 16 3 17,0,100,,574,31,0,15 7 16 3 17,0,100,,575,31,0,15 7 16 3 17,0,115,,576,31,0,15 7 16 3 17,0,100,,577,31,0,15 7 16 3 17,0
300,'100034',823,,579,31,0,15 7 16 3 17,0,100,,580,31,0,15 7 16 3 17,0,100,,581,31,0,15 7 16 3 17,0,100,,582,31,0,15 7 16 3 17,0,100,,583,31,0,15 7 16 3 17,0,115,,584,31,0,15 7 16 3 17,0,100,,585,31,0,15 7 16 3 17,0,100,,586,31,0,15 7 16 3 17,0,100,,587,31,0,15 7 16 3 17,0,115,,588,31,0,15 7 16 3 17,0,100,,589,31,0,15 7 16 3 17,0
400,'100009',547,,749,39,,,0,70,,728,39,,,0,30,,720,39,,,0,58,,747,39,,,0,12,,729,39,,,0,30,,721,39,,,0,70,,730,39,,,0,40,,722,39,,,0,70,,748,39,,,0,30,,723,39,,,0,70,,744,39,,,0,30,,724,39,,,0,70,,745,39,,,0,30,,725,39,,,0,70,,746,39,,,0,80,,726,39,,,0,35,,751,39,,,0,75,,727,39,,,0,35,,731,39,,,0,75,,750,39,,,0,75,,732,39,,,0,35,,733,39,,,0,80,,739,39,,,0,83,,734,39,,,0,30,,740,39,,,0,70,,735,39,,,0,30,,741,39,,,0,70,,736,39,,,0,45,,742,39,,,0,70,,737,39,,,0,30,,743,39,,,0,70,,738,39,,,0,30,,752,39,,,0,70,,753,39,,,0
400,'100010',755,,754,39,,,0,70,,767,39,,,0,30,,755,39,,,0,70,,768,39,,,0,30,,756,39,,,0,70,,769,39,,,0,30,,757,39,,,0,70,,770,39,,,0,30,,758,39,,,0,70,,771,39,,,0,85,,759,39,,,0,30,,772,39,,,0,70,,760,39,,,0,30,,773,39,,,0,70,,761,39,,,0,30,,774,39,,,0,70,,762,39,,,0,45,,775,39,,,0,70,,763,39,,,0,30,,776,39,,,0,70,,764,39,,,0,30,,766,39,,,0,70,,765,39,,,0
400,'100034',755,,777,39,,,0,70,,778,39,,,0,30,,779,39,,,0,70,,780,39,,,0,30,,781,39,,,0,70,,782,39,,,0,30,,783,39,,,0,70,,784,39,,,0,30,,785,39,,,0,70,,786,39,,,0,85,,787,39,,,0,30,,788,39,,,0,70,,789,39,,,0,30,,790,39,,,0,70,,791,39,,,0,30,,792,39,,,0,70,,793,39,,,0,45,,795,39,,,0,70,,796,39,,,0,30,,797,39,,,0,70,,798,39,,,0,30,,799,39,,,0,70,,794,39,,,0
800,'100009',617,,1117,40,,,0,30,,1102,40,,,0,70,,1118,40,,,0,30,,1103,40,,,0,70,,1119,40,,,0,40,,1120,40,,,0,69,,1104,40,,,0,30,,1128,40,,,0,70,,1105,40,,,0,30,,1129,40,,,0,70,,1106,40,,,0,30,,1130,40,,,0,70,,1107,40,,,0,83,,1131,40,,,0,35,,1108,40,,,0,75,,1121,40,,,0,35,,1109,40,,,0,75,,1110,40,,,0,75,,1122,40,,,0,35,,1111,40,,,0,80,,1123,40,,,0,81,,1112,40,,,0,30,,1124,40,,,0,70,,1113,40,,,0,30,,1125,40,,,0,70,,1114,40,,,0,45,,1126,40,,,0,70,,1115,40,,,0,30,,1127,40,,,0,70,,1116,40,,,0,28,,1133,40,,,0,68,,1132,40,,,0
800,'100010',754,,1134,40,,,0,100,,1135,40,,,0,100,,1136,40,,,0,100,,1137,40,,,0,100,,1138,40,,,0,155,,1139,40,,,0,100,,1140,40,,,0,100,,1141,40,,,0,100,,1142,40,,,0,115,,1143,40,,,0,100,,1144,40,,,0,100,,1145,40,,,0
800,'100034',754,,1146,40,,,0,100,,1147,40,,,0,100,,1148,40,,,0,100,,1149,40,,,0,100,,1150,40,,,0,155,,1151,40,,,0,100,,1152,40,,,0,100,,1153,40,,,0,100,,1154,40,,,0,115,,1155,40,,,0,100,,1156,40,,,0,100,,1157,40,,,0
5201,'100009',1536,,1366,26,0,5 6,0
5401,'100009',1456,,1371,23,0,7 18,0
