700,'100009',538,,1014,26,,,0,70,,1024,26,,,0,30,,1015,26,,,0,18,,1042,26,,,0,52,,1025,26,,,0,30,,1016,26,,,0,70,,1026,26,,,0,40,,1035,26,,,0,70,,1017,26,,,0,30,,1036,26,,,0,70,,1018,26,,,0,30,,1043,26,,,0,70,,1019,26,,,0,30,,1044,26,,,0,70,,1020,26,,,0,82,,1045,26,,,0,35,,1021,26,,,0,75,,1027,26,,,0,35,,1022,26,,,0,75,,1028,26,,,0,35,,1023,26,,,0,75,,1029,26,,,0,80,,1030,26,,,0,41,,1037,26,,,0,70,,1031,26,,,0,30,,1038,26,,,0,70,,1032,26,,,0,30,,1039,26,,,0,86,,1033,26,,,0,70,,1040,26,,,0,30,,1034,26,,,0,70,,1041,26,,,0,30,,1046,26,,,0,70,,1047,26,,,0
700,'100010',815,,1048,26,,,0,100,,1049,26,,,0,100,,1050,26,,,0,100,,1051,26,,,0,100,,1052,26,,,0,115,,1053,26,,,0,100,,1054,26,,,0,100,,1055,26,,,0,115,,1056,26,,,0,100,,1057,26,,,0,100,,1058,26,,,0
700,'100011',815,,2717,26,,,0,100,,2718,26,,,0,100,,2719,26,,,0,100,,2720,26,,,0,100,,2721,26,,,0,115,,2722,26,,,0,100,,2723,26,,,0,100,,2724,26,,,0,115,,2725,26,,,0,100,,2726,26,,,0,100,,2727,26,,,0,100,,2728,26,,,0
700,'100012',815,,2729,26,,,0,100,,2730,26,,,0,100,,2731,26,,,0,100,,2732,26,,,0,100,,2733,26,,,0,115,,2734,26,,,0,100,,2735,26,,,0,100,,2736,26,,,0,115,,2737,26,,,0,100,,2738,26,,,0,100,,2739,26,,,0
700,'100013',538,,2740,26,,,0,70,,2750,26,,,0,30,,2741,26,,,0,18,,2768,26,,,0,52,,2751,26,,,0,30,,2742,26,,,0,70,,2752,26,,,0,40,,2761,26,,,0,70,,2743,26,,,0,30,,2762,26,,,0,70,,2744,26,,,0,30,,2769,26,,,0,70,,2745,26,,,0,30,,2770,26,,,0,70,,2746,26,,,0,82,,2771,26,,,0,35,,2747,26,,,0,75,,2753,26,,,0,35,,2748,26,,,0,75,,2754,26,,,0,35,,2749,26,,,0,75,,2755,26,,,0,80,,2756,26,,,0,41,,2763,26,,,0,70,,2757,26,,,0,30,,2764,26,,,0,70,,2758,26,,,0,30,,2765,26,,,0,86,,2759,26,,,0,70,,2766,26,,,0,30,,2760,26,,,0,70,,2767,26,,,0,30,,2772,26,,,0,70,,2773,26,,,0
700,'100014',538,,2774,26,,,0,70,,2784,26,,,0,30,,2775,26,,,0,18,,2802,26,,,0,52,,2785,26,,,0,30,,2776,26,,,0,70,,2786,26,,,0,40,,2795,26,,,0,70,,2777,26,,,0,30,,2796,26,,,0,70,,2778,26,,,0,30,,2803,26,,,0,70,,2779,26,,,0,30,,2804,26,,,0,70,,2780,26,,,0,82,,2805,26,,,0,35,,2781,26,,,0,75,,2787,26,,,0,35,,2782,26,,,0,75,,2788,26,,,0,35,,2783,26,,,0,75,,2789,26,,,0,80,,2790,26,,,0,41,,2797,26,,,0,70,,2791,26,,,0,30,,2798,26,,,0,70,,2792,26,,,0,30,,2799,26,,,0,86,,2793,26,,,0,70,,2800,26,,,0,30,,2794,26,,,0,70,,2801,26,,,0,30,,2806,26,,,0,70,,2807,26,,,0
700,'100015',815,,2808,26,,,0,100,,2809,26,,,0,100,,2810,26,,,0,100,,2811,26,,,0,100,,2812,26,,,0,115,,2813,26,,,0,100,,2814,26,,,0,100,,2815,26,,,0,115,,2816,26,,,0,100,,2817,26,,,0,100,,2818,26,,,0
5100,'100009',743,,1361,10,0,7 8 9 10 11,0
5100,'100013',743,,3165,10,0,7 8 9 10 11,0
5101,'100009',1443,,1363,17,0,5 28,0,75,,1362,32,0,26 3 27,0
5101,'100013',1443,,3167,17,0,5 28,0,75,,3166,32,0,26 3 27,0
