109,'1477039',819,,13,0,33,0
109,'1477040',919,,14,0,33,0
109,'1477041',1019,,15,0,33,0
109,'1477042',1119,,16,0,33,0
109,'1477043',1219,,17,0,33,0
109,'1477044',1319,,18,0,33,0
109,'1477045',1419,,19,0,33,0
109,'1477046',1519,,20,0,33,0
109,'1477047',1619,,21,0,33,0
109,'1477048',1719,,22,0,33,0
109,'1477049',1819,,23,0,33,0
109,'1477050',1919,,24,0,33,0
109,'1477051',842,,25,0,33,0
109,'1477052',542,,26,0,33,0
109,'1477053',940,,27,0,33,0
109,'1477054',742,,28,0,33,0
109,'1477055',642,,29,0,33,0
109,'1477061',622,,35,0,33,0
109,'1477062',722,,36,0,33,0
109,'1477063',822,,37,0,33,0
109,'1477064',920,,38,0,33,0
109,'1477065',1020,,39,0,33,0
109,'1477066',1120,,40,0,33,0
109,'1477067',1221,,41,0,33,0
109,'1477068',1321,,42,0,33,0
109,'1477073',1401,,47,0,33,0
109,'1477074',1501,,48,0,33,0
109,'1477075',1601,,49,0,33,0
109,'1477076',1701,,50,0,33,0
109,'1477077',1800,,51,0,33,0
109,'1477078',1900,,52,0,33,0
109,'1477079',2000,,53,0,33,0
109,'1477087',1050,,61,0,33,0
109,'1477088',1150,,62,0,33,0
109,'1477089',1251,,63,0,33,0
109,'1477098',2108,,72,0,33,0
109,'1477099',602,,73,0,33,0
109,'1477100',702,,74,0,33,0
109,'1477101',802,,75,0,33,0
109,'1477102',902,,76,0,33,0
109,'1477107',2038,,81,0,33,0
109,'1477108',1940,,82,0,33,0
109,'1477109',1840,,83,0,33,0
109,'1477110',1740,,84,0,33,0
109,'1477111',1641,,85,0,33,0
109,'1477112',1541,,86,0,33,0
109,'1477124',1920,,98,0,33,0
109,'1477125',1521,,99,0,33,0
109,'1477126',1621,,100,0,33,0
109,'1477127',1720,,101,0,33,0
109,'1477128',1820,,102,0,33,0
109,'1477130',1431,,104,0,33,0
109,'1477131',2138,,105,0,33,0
109,'1477132',2208,,106,0,33,0
109,'1477133',2307,,107,0,33,0
109,'1477137',2237,,111,0,33,0
109,'1477612',819,,112,0,33,0
109,'1477614',919,,114,0,33,0
109,'1477617',1019,,117,0,33,0
109,'1477618',1119,,118,0,33,0
109,'1477619',1219,,119,0,33,0
109,'1477622',1419,,122,0,33,0
109,'1477625',1319,,125,0,33,0
109,'1477628',1619,,128,0,33,0
109,'1477629',1519,,129,0,33,0
109,'1477630',1719,,130,0,33,0
109,'1477632',1819,,132,0,33,0
109,'1477635',1919,,135,0,33,0
109,'1477636',849,,136,0,33,0
109,'1477637',949,,137,0,33,0
109,'1477638',1049,,138,0,33,0
109,'1477639',1149,,139,0,33,0
109,'1477640',1249,,140,0,33,0
109,'1477641',1349,,141,0,33,0
109,'1477642',1449,,142,0,33,0
109,'1477643',1549,,143,0,33,0
109,'1477644',1649,,144,0,33,0
109,'1477645',1749,,145,0,33,0
109,'1477646',1849,,146,0,33,0
109,'1477658',749,,158,0,33,0
