2000909,'1476814',813,,1006,,,0
2000909,'1476815',853,,1007,,,0
2000909,'1476816',933,,1008,,,0
2000909,'1476817',1013,,1009,,,0
2000909,'1476818',1053,,1010,,,0
2000909,'1476819',1133,,1011,,,0
2000909,'1476820',1212,,1012,,,0
2000909,'1476821',1252,,1013,,,0
2000909,'1476822',1337,,1014,,,0
2000909,'1476823',1417,,1015,,,0
2000909,'1476824',1458,,1016,,,0
2000909,'1476825',1538,,1017,,,0
2000909,'1476826',1623,,1018,,,0
2000909,'1476827',1703,,1019,,,0
2000909,'1476828',1743,,1020,,,0
2000909,'1476829',1823,,1021,,,0
2000909,'1476830',1903,,1022,,,0
2000909,'1477519',603,,1023,,,0
2000909,'1477520',623,,1024,,,0
2000909,'1477521',653,,1025,,,0
2000909,'1477522',723,,1026,,,0
2000909,'1477523',753,,1027,,,0
2000909,'1477524',813,,1028,,,0
2000909,'1477525',853,,1029,,,0
2000909,'1477526',943,,1030,,,0
2000909,'1477527',1013,,1031,,,0
2000909,'1477528',1033,,1032,,,0
2000909,'1477529',1103,,1033,,,0
2000909,'1477530',1133,,1034,,,0
2000909,'1477531',1203,,1035,,,0
2000909,'1477532',1233,,1036,,,0
2000909,'1477533',1303,,1037,,,0
2000909,'1477534',1333,,1038,,,0
2000909,'1477535',1403,,1039,,,0
2000909,'1477536',1435,,1040,,,0
2000909,'1477537',1506,,1041,,,0
2000909,'1477538',1536,,1042,,,0
2000909,'1477539',1610,,1043,,,0
2000909,'1477540',1634,,1044,,,0
2000909,'1477541',1706,,1045,,,0
2000909,'1477542',1744,,1046,,,0
2000909,'1477543',1814,,1047,,,0
2000909,'1477544',1844,,1048,,,0
2000909,'1477545',1914,,1049,,,0
2000909,'1477546',1944,,1050,,,0
2000909,'1477547',2009,,1051,,,0
2000909,'1477548',2041,,1052,,,0
2000909,'1477549',2115,,1053,,,0
2000909,'1477550',915,,1054,,,0
2000909,'1477551',2200,,1055,,,0
2000909,'1477552',2235,,1056,,,0
2000909,'1477553',2311,,1057,,,0
2000909,'1477577',813,,1058,,,0
2000909,'1477578',853,,1059,,,0
2000909,'1477579',933,,1060,,,0
2000909,'1477580',1013,,1061,,,0
2000909,'1477581',1053,,1062,,,0
2000909,'1477582',1133,,1063,,,0
2000909,'1477583',1212,,1064,,,0
2000909,'1477584',1252,,1065,,,0
2000909,'1477585',1337,,1066,,,0
2000909,'1477586',1417,,1067,,,0
2000909,'1477587',1458,,1068,,,0
2000909,'1477588',1538,,1069,,,0
2000909,'1477589',1623,,1070,,,0
2000909,'1477590',1703,,1071,,,0
2000909,'1477591',1743,,1072,,,0
2000909,'1477592',1823,,1073,,,0
2000909,'1477593',1903,,1074,,,0
