2019,'1476981',735,,160,0,12 13,0
2019,'1476982',805,,161,0,12 13,0
2019,'1476983',835,,162,0,12 13,0
2019,'1476984',905,,163,0,12 13,0
2019,'1476985',935,,164,0,12 13,0
2019,'1476986',1005,,165,0,12 13,0
2019,'1476987',1035,,166,0,12 13,0
2019,'1476988',1105,,167,0,12 13,0
2019,'1476989',1135,,168,0,12 13,0
2019,'1476990',1205,,169,0,12 13,0
2019,'1476991',1250,,170,0,12 13,0
2019,'1476992',1320,,171,0,12 13,0
2019,'1476993',1350,,172,0,12 13,0
2019,'1476994',1420,,173,0,12 13,0
2019,'1476995',1450,,174,0,12 13,0
2019,'1476996',1520,,175,0,12 13,0
2019,'1476997',1550,,176,0,12 13,0
2019,'1476998',1905,,177,0,12 13,0
2019,'1476999',1635,,178,0,12 13,0
2019,'1477000',1705,,179,0,12 13,0
2019,'1477001',1735,,180,0,12 13,0
2019,'1477002',1805,,181,0,12 13,0
2019,'1477003',1835,,182,0,12 13,0
2019,'1477147',557,,215,0,12 13,0
2019,'1477148',657,,216,0,12 13,0
2019,'1477149',757,,217,0,12 13,0
2019,'1477150',907,,218,0,12 13,0
2019,'1477151',1007,,219,0,12 13,0
2019,'1477152',1107,,220,0,12 13,0
2019,'1477153',1207,,221,0,12 13,0
2019,'1477154',1322,,222,0,12 13,0
2019,'1477156',627,,224,0,12 13,0
2019,'1477157',727,,225,0,12 13,0
2019,'1477158',837,,226,0,12 13,0
2019,'1477159',937,,227,0,12 13,0
2019,'1477160',1037,,228,0,12 13,0
2019,'1477161',1137,,229,0,12 13,0
2019,'1477162',1247,,230,0,12 13,0
2019,'1477163',1357,,231,0,12 13,0
2019,'1477173',1507,,241,0,12 13,0
2019,'1477174',1617,,242,0,12 13,0
2019,'1477175',1657,,243,0,12 13,0
2019,'1477176',1812,,244,0,12 13,0
2019,'1477177',1912,,245,0,12 13,0
2019,'1477178',2027,,246,0,12 13,0
2019,'1477179',2127,,247,0,12 13,0
2019,'1477187',1432,,255,0,12 13,0
2019,'1477188',1542,,256,0,12 13,0
2019,'1477189',1742,,257,0,12 13,0
2019,'1477190',1842,,258,0,12 13,0
2019,'1477191',1942,,259,0,12 13,0
2019,'1477192',2057,,260,0,12 13,0
2019,'1477193',2157,,261,0,12 13,0
2019,'1477200',2227,,268,0,12 13,0
2019,'1477201',2257,,269,0,12 13,0
2019,'1477769',1135,,273,0,12 13,0
2019,'1477770',1705,,274,0,12 13,0
2019,'1477771',1835,,275,0,12 13,0
2019,'1477772',1805,,276,0,12 13,0
2019,'1477773',1735,,277,0,12 13,0
2019,'1477774',735,,278,0,12 13,0
2019,'1477775',835,,279,0,12 13,0
2019,'1477776',1005,,280,0,12 13,0
2019,'1477777',935,,281,0,12 13,0
2019,'1477778',805,,282,0,12 13,0
2019,'1477779',1035,,283,0,12 13,0
2019,'1477780',1105,,284,0,12 13,0
2019,'1477781',1905,,285,0,12 13,0
2019,'1477782',1205,,286,0,12 13,0
2019,'1477783',1250,,287,0,12 13,0
2019,'1477784',1320,,288,0,12 13,0
2019,'1477785',1350,,289,0,12 13,0
2019,'1477786',1420,,290,0,12 13,0
2019,'1477787',1450,,291,0,12 13,0
2019,'1477788',905,,292,0,12 13,0
2019,'1477789',1550,,293,0,12 13,0
2019,'1477790',1635,,294,0,12 13,0
2019,'1477791',1520,,295,0,12 13,0
