2109,'1476941',820,,744,0,10 11,0
2109,'1476942',855,,745,0,10 11,0
2109,'1476943',930,,746,0,10 11,0
2109,'1476944',1005,,747,0,10 11,0
2109,'1476945',1040,,748,0,10 11,0
2109,'1476946',1115,,749,0,10 11,0
2109,'1476947',1150,,750,0,10 11,0
2109,'1476948',1225,,751,0,10 11,0
2109,'1476949',1300,,752,0,10 11,0
2109,'1476950',1335,,753,0,10 11,0
2109,'1476951',1410,,754,0,10 11,0
2109,'1476952',1445,,755,0,10 11,0
2109,'1476953',1520,,756,0,10 11,0
2109,'1476954',1555,,757,0,10 11,0
2109,'1476955',1630,,758,0,10 11,0
2109,'1476956',1705,,759,0,10 11,0
2109,'1476957',1740,,760,0,10 11,0
2109,'1476958',1820,,761,0,10 11,0
2109,'1476959',1855,,762,0,10 11,0
2109,'1476960',1930,,763,0,10 11,0
2109,'1477212',717,,791,0,10 11,0
2109,'1477213',827,,792,0,10 11,0
2109,'1477214',937,,793,0,10 11,0
2109,'1477215',1047,,794,0,10 11,0
2109,'1477216',1157,,795,0,10 11,0
2109,'1477217',1309,,796,0,10 11,0
2109,'1477218',1419,,797,0,10 11,0
2109,'1477225',1529,,804,0,10 11,0
2109,'1477226',1639,,805,0,10 11,0
2109,'1477227',1754,,806,0,10 11,0
2109,'1477228',1904,,807,0,10 11,0
2109,'1477229',2014,,808,0,10 11,0
2109,'1477230',2133,,809,0,10 11,0
2109,'1477245',2203,,824,0,10 11,0
2109,'1477246',642,,825,0,10 11,0
2109,'1477247',752,,826,0,10 11,0
2109,'1477248',902,,827,0,10 11,0
2109,'1477249',1012,,828,0,10 11,0
2109,'1477250',1122,,829,0,10 11,0
2109,'1477251',1234,,830,0,10 11,0
2109,'1477252',1344,,831,0,10 11,0
2109,'1477253',1454,,832,0,10 11,0
2109,'1477254',1605,,833,0,10 11,0
2109,'1477255',1714,,834,0,10 11,0
2109,'1477256',1831,,835,0,10 11,0
2109,'1477257',1943,,836,0,10 11,0
2109,'1477258',2053,,837,0,10 11,0
2109,'1477261',2233,,840,0,10 11,0
2109,'1477262',2303,,841,0,10 11,0
2109,'1477263',2333,,842,0,10 11,0
2109,'1478076',1930,,844,0,10 11,0
2109,'1478084',855,,852,0,10 11,0
2109,'1478085',1005,,853,0,10 11,0
2109,'1478086',1225,,854,0,10 11,0
2109,'1478087',1335,,855,0,10 11,0
2109,'1478088',1445,,856,0,10 11,0
2109,'1478089',1705,,857,0,10 11,0
2109,'1478090',1820,,858,0,10 11,0
2109,'1478099',820,,867,0,10 11,0
2109,'1478100',930,,868,0,10 11,0
2109,'1478101',1150,,869,0,10 11,0
2109,'1478102',1300,,870,0,10 11,0
2109,'1478103',1410,,871,0,10 11,0
2109,'1478104',1630,,872,0,10 11,0
2109,'1478105',1740,,873,0,10 11,0
2109,'1478106',1855,,874,0,10 11,0
2109,'1478109',1555,,877,0,10 11,0
2109,'1478110',1115,,878,0,10 11,0
2109,'1478112',1040,,880,0,10 11,0
2109,'1478115',1520,,883,0,10 11,0
