2109,'1476961',747,,764,,,0
2109,'1476962',822,,765,,,0
2109,'1476963',857,,766,,,0
2109,'1476964',932,,767,,,0
2109,'1476965',1007,,768,,,0
2109,'1476966',1042,,769,,,0
2109,'1476967',1117,,770,,,0
2109,'1476968',1152,,771,,,0
2109,'1476969',1227,,772,,,0
2109,'1476970',1302,,773,,,0
2109,'1476971',1337,,774,,,0
2109,'1476972',1412,,775,,,0
2109,'1476973',1447,,776,,,0
2109,'1476974',1522,,777,,,0
2109,'1476975',1557,,778,,,0
2109,'1476976',1632,,779,,,0
2109,'1476977',1707,,780,,,0
2109,'1476978',1747,,781,,,0
2109,'1476979',1822,,782,,,0
2109,'1476980',1857,,783,,,0
2109,'1477205',642,,784,,,0
2109,'1477206',754,,785,,,0
2109,'1477207',904,,786,,,0
2109,'1477208',1014,,787,,,0
2109,'1477209',1124,,788,,,0
2109,'1477210',1236,,789,,,0
2109,'1477211',1346,,790,,,0
2109,'1477219',1456,,798,,,0
2109,'1477220',1606,,799,,,0
2109,'1477221',1719,,800,,,0
2109,'1477222',1829,,801,,,0
2109,'1477223',1939,,802,,,0
2109,'1477224',2105,,803,,,0
2109,'1477231',609,,810,,,0
2109,'1477232',719,,811,,,0
2109,'1477233',828,,812,,,0
2109,'1477234',939,,813,,,0
2109,'1477235',1049,,814,,,0
2109,'1477236',1159,,815,,,0
2109,'1477237',1311,,816,,,0
2109,'1477238',1421,,817,,,0
2109,'1477239',1531,,818,,,0
2109,'1477240',1641,,819,,,0
2109,'1477241',1754,,820,,,0
2109,'1477242',1906,,821,,,0
2109,'1477243',2018,,822,,,0
2109,'1477244',2135,,823,,,0
2109,'1477259',2305,,838,,,0
2109,'1477260',2235,,839,,,0
2109,'1477264',2205,,843,,,0
2109,'1478077',822,,845,,,0
2109,'1478078',932,,846,,,0
2109,'1478079',1153,,847,,,0
2109,'1478080',1302,,848,,,0
2109,'1478081',1412,,849,,,0
2109,'1478082',1522,,850,,,0
2109,'1478083',1747,,851,,,0
2109,'1478091',747,,859,,,0
2109,'1478092',857,,860,,,0
2109,'1478093',1117,,861,,,0
2109,'1478094',1227,,862,,,0
2109,'1478095',1337,,863,,,0
2109,'1478096',1447,,864,,,0
2109,'1478097',1707,,865,,,0
2109,'1478098',1822,,866,,,0
2109,'1478107',1632,,875,,,0
2109,'1478108',1042,,876,,,0
2109,'1478111',1857,,879,,,0
2109,'1478113',1007,,881,,,0
2109,'1478114',1557,,882,,,0
