2109,'1476941',830,,744,0,10 11,0
2109,'1476942',905,,745,0,10 11,0
2109,'1476943',940,,746,0,10 11,0
2109,'1476944',1015,,747,0,10 11,0
2109,'1476945',1050,,748,0,10 11,0
2109,'1476946',1125,,749,0,10 11,0
2109,'1476947',1200,,750,0,10 11,0
2109,'1476948',1235,,751,0,10 11,0
2109,'1476949',1310,,752,0,10 11,0
2109,'1476950',1345,,753,0,10 11,0
2109,'1476951',1420,,754,0,10 11,0
2109,'1476952',1455,,755,0,10 11,0
2109,'1476953',1530,,756,0,10 11,0
2109,'1476954',1605,,757,0,10 11,0
2109,'1476955',1640,,758,0,10 11,0
2109,'1476956',1715,,759,0,10 11,0
2109,'1476957',1750,,760,0,10 11,0
2109,'1476958',1830,,761,0,10 11,0
2109,'1476959',1905,,762,0,10 11,0
2109,'1476960',1940,,763,0,10 11,0
2109,'1477212',727,,791,0,10 11,0
2109,'1477213',837,,792,0,10 11,0
2109,'1477214',946,,793,0,10 11,0
2109,'1477215',1056,,794,0,10 11,0
2109,'1477216',1206,,795,0,10 11,0
2109,'1477217',1319,,796,0,10 11,0
2109,'1477218',1429,,797,0,10 11,0
2109,'1477225',1539,,804,0,10 11,0
2109,'1477226',1649,,805,0,10 11,0
2109,'1477227',1803,,806,0,10 11,0
2109,'1477228',1913,,807,0,10 11,0
2109,'1477229',2023,,808,0,10 11,0
2109,'1477230',2142,,809,0,10 11,0
2109,'1477245',2212,,824,0,10 11,0
2109,'1477246',652,,825,0,10 11,0
2109,'1477247',802,,826,0,10 11,0
2109,'1477248',912,,827,0,10 11,0
2109,'1477249',1021,,828,0,10 11,0
2109,'1477250',1131,,829,0,10 11,0
2109,'1477251',1244,,830,0,10 11,0
2109,'1477252',1354,,831,0,10 11,0
2109,'1477253',1504,,832,0,10 11,0
2109,'1477254',1615,,833,0,10 11,0
2109,'1477255',1724,,834,0,10 11,0
2109,'1477256',1840,,835,0,10 11,0
2109,'1477257',1952,,836,0,10 11,0
2109,'1477258',2102,,837,0,10 11,0
2109,'1477261',2242,,840,0,10 11,0
2109,'1477262',2312,,841,0,10 11,0
2109,'1477263',2342,,842,0,10 11,0
2109,'1478076',1940,,844,0,10 11,0
2109,'1478084',905,,852,0,10 11,0
2109,'1478085',1015,,853,0,10 11,0
2109,'1478086',1235,,854,0,10 11,0
2109,'1478087',1345,,855,0,10 11,0
2109,'1478088',1455,,856,0,10 11,0
2109,'1478089',1715,,857,0,10 11,0
2109,'1478090',1830,,858,0,10 11,0
2109,'1478099',830,,867,0,10 11,0
2109,'1478100',940,,868,0,10 11,0
2109,'1478101',1200,,869,0,10 11,0
2109,'1478102',1310,,870,0,10 11,0
2109,'1478103',1420,,871,0,10 11,0
2109,'1478104',1640,,872,0,10 11,0
2109,'1478105',1750,,873,0,10 11,0
2109,'1478106',1905,,874,0,10 11,0
2109,'1478109',1605,,877,0,10 11,0
2109,'1478110',1125,,878,0,10 11,0
2109,'1478112',1050,,880,0,10 11,0
2109,'1478115',1530,,883,0,10 11,0
