400,'100009',528,,749,9,0,17 3 15 7 16,0,30,,728,9,0,17 3 15 7 16,0,70,,720,9,0,17 3 15 7 16,0,18,,747,9,0,17 3 15 7 16,0,12,,729,9,0,17 3 15 7 16,0,70,,721,9,0,17 3 15 7 16,0,30,,730,9,0,17 3 15 7 16,0,80,,722,9,0,17 3 15 7 16,0,70,,748,9,0,17 3 15 7 16,0,30,,723,9,0,17 3 15 7 16,0,70,,744,9,0,17 3 15 7 16,0,30,,724,9,0,17 3 15 7 16,0,70,,745,9,0,17 3 15 7 16,0,30,,725,9,0,17 3 15 7 16,0,70,,746,9,0,17 3 15 7 16,0,38,,726,9,0,17 3 15 7 16,0,75,,751,9,0,17 3 15 7 16,0,35,,727,9,0,17 3 15 7 16,0,75,,731,9,0,17 3 15 7 16,0,75,,750,9,0,17 3 15 7 16,0,35,,732,9,0,17 3 15 7 16,0,75,,733,9,0,17 3 15 7 16,0,40,,739,9,0,17 3 15 7 16,0,85,,734,9,0,17 3 15 7 16,0,70,,740,9,0,17 3 15 7 16,0,30,,735,9,0,17 3 15 7 16,0,70,,741,9,0,17 3 15 7 16,0,30,,736,9,0,17 3 15 7 16,0,85,,742,9,0,17 3 15 7 16,0,30,,737,9,0,17 3 15 7 16,0,70,,743,9,0,17 3 15 7 16,0,30,,738,9,0,17 3 15 7 16,0,70,,752,9,0,17 3 15 7 16,0,30,,753,9,0,17 3 15 7 16,0
400,'100010',736,,754,9,0,17 3 15 7 16,0,70,,767,9,0,17 3 15 7 16,0,30,,755,9,0,17 3 15 7 16,0,70,,768,9,0,17 3 15 7 16,0,30,,756,9,0,17 3 15 7 16,0,70,,769,9,0,17 3 15 7 16,0,30,,757,9,0,17 3 15 7 16,0,70,,770,9,0,17 3 15 7 16,0,30,,758,9,0,17 3 15 7 16,0,70,,771,9,0,17 3 15 7 16,0,45,,759,9,0,17 3 15 7 16,0,70,,772,9,0,17 3 15 7 16,0,30,,760,9,0,17 3 15 7 16,0,70,,773,9,0,17 3 15 7 16,0,30,,761,9,0,17 3 15 7 16,0,70,,774,9,0,17 3 15 7 16,0,30,,762,9,0,17 3 15 7 16,0,85,,775,9,0,17 3 15 7 16,0,70,,763,9,0,17 3 15 7 16,0,30,,776,9,0,17 3 15 7 16,0,70,,764,9,0,17 3 15 7 16,0,30,,766,9,0,17 3 15 7 16,0,70,,765,9,0,17 3 15 7 16,0
400,'100011',736,,2373,9,0,17 3 15 7 16,0,70,,2386,9,0,17 3 15 7 16,0,30,,2374,9,0,17 3 15 7 16,0,70,,2387,9,0,17 3 15 7 16,0,30,,2375,9,0,17 3 15 7 16,0,70,,2388,9,0,17 3 15 7 16,0,30,,2376,9,0,17 3 15 7 16,0,70,,2389,9,0,17 3 15 7 16,0,30,,2377,9,0,17 3 15 7 16,0,70,,2390,9,0,17 3 15 7 16,0,45,,2378,9,0,17 3 15 7 16,0,70,,2391,9,0,17 3 15 7 16,0,30,,2379,9,0,17 3 15 7 16,0,70,,2392,9,0,17 3 15 7 16,0,30,,2380,9,0,17 3 15 7 16,0,70,,2393,9,0,17 3 15 7 16,0,30,,2381,9,0,17 3 15 7 16,0,85,,2394,9,0,17 3 15 7 16,0,70,,2382,9,0,17 3 15 7 16,0,30,,2395,9,0,17 3 15 7 16,0,70,,2383,9,0,17 3 15 7 16,0,30,,2385,9,0,17 3 15 7 16,0,70,,2384,9,0,17 3 15 7 16,0,30,,2396,9,0,17 3 15 7 16,0,70,,2397,9,0,17 3 15 7 16,0
400,'100012',736,,2398,9,0,17 3 15 7 16,0,70,,2411,9,0,17 3 15 7 16,0,30,,2399,9,0,17 3 15 7 16,0,70,,2412,9,0,17 3 15 7 16,0,30,,2400,9,0,17 3 15 7 16,0,70,,2413,9,0,17 3 15 7 16,0,30,,2401,9,0,17 3 15 7 16,0,70,,2414,9,0,17 3 15 7 16,0,30,,2402,9,0,17 3 15 7 16,0,70,,2415,9,0,17 3 15 7 16,0,45,,2403,9,0,17 3 15 7 16,0,70,,2416,9,0,17 3 15 7 16,0,30,,2404,9,0,17 3 15 7 16,0,70,,2417,9,0,17 3 15 7 16,0,30,,2405,9,0,17 3 15 7 16,0,70,,2418,9,0,17 3 15 7 16,0,30,,2406,9,0,17 3 15 7 16,0,85,,2419,9,0,17 3 15 7 16,0,70,,2407,9,0,17 3 15 7 16,0,30,,2420,9,0,17 3 15 7 16,0,70,,2408,9,0,17 3 15 7 16,0,30,,2410,9,0,17 3 15 7 16,0,70,,2409,9,0,17 3 15 7 16,0
400,'100013',528,,2450,9,0,17 3 15 7 16,0,30,,2429,9,0,17 3 15 7 16,0,70,,2421,9,0,17 3 15 7 16,0,18,,2448,9,0,17 3 15 7 16,0,12,,2430,9,0,17 3 15 7 16,0,70,,2422,9,0,17 3 15 7 16,0,30,,2431,9,0,17 3 15 7 16,0,80,,2423,9,0,17 3 15 7 16,0,70,,2449,9,0,17 3 15 7 16,0,30,,2424,9,0,17 3 15 7 16,0,70,,2445,9,0,17 3 15 7 16,0,30,,2425,9,0,17 3 15 7 16,0,70,,2446,9,0,17 3 15 7 16,0,30,,2426,9,0,17 3 15 7 16,0,70,,2447,9,0,17 3 15 7 16,0,38,,2427,9,0,17 3 15 7 16,0,75,,2452,9,0,17 3 15 7 16,0,35,,2428,9,0,17 3 15 7 16,0,75,,2432,9,0,17 3 15 7 16,0,75,,2451,9,0,17 3 15 7 16,0,35,,2433,9,0,17 3 15 7 16,0,75,,2434,9,0,17 3 15 7 16,0,40,,2440,9,0,17 3 15 7 16,0,85,,2435,9,0,17 3 15 7 16,0,70,,2441,9,0,17 3 15 7 16,0,30,,2436,9,0,17 3 15 7 16,0,70,,2442,9,0,17 3 15 7 16,0,30,,2437,9,0,17 3 15 7 16,0,85,,2443,9,0,17 3 15 7 16,0,30,,2438,9,0,17 3 15 7 16,0,70,,2444,9,0,17 3 15 7 16,0,30,,2439,9,0,17 3 15 7 16,0,70,,2453,9,0,17 3 15 7 16,0,30,,2454,9,0,17 3 15 7 16,0
400,'100014',528,,2484,9,0,17 3 15 7 16,0,30,,2463,9,0,17 3 15 7 16,0,70,,2455,9,0,17 3 15 7 16,0,18,,2482,9,0,17 3 15 7 16,0,12,,2464,9,0,17 3 15 7 16,0,70,,2456,9,0,17 3 15 7 16,0,30,,2465,9,0,17 3 15 7 16,0,80,,2457,9,0,17 3 15 7 16,0,70,,2483,9,0,17 3 15 7 16,0,30,,2458,9,0,17 3 15 7 16,0,70,,2479,9,0,17 3 15 7 16,0,30,,2459,9,0,17 3 15 7 16,0,70,,2480,9,0,17 3 15 7 16,0,30,,2460,9,0,17 3 15 7 16,0,70,,2481,9,0,17 3 15 7 16,0,38,,2461,9,0,17 3 15 7 16,0,75,,2486,9,0,17 3 15 7 16,0,35,,2462,9,0,17 3 15 7 16,0,75,,2466,9,0,17 3 15 7 16,0,75,,2485,9,0,17 3 15 7 16,0,35,,2467,9,0,17 3 15 7 16,0,75,,2468,9,0,17 3 15 7 16,0,40,,2474,9,0,17 3 15 7 16,0,85,,2469,9,0,17 3 15 7 16,0,70,,2475,9,0,17 3 15 7 16,0,30,,2470,9,0,17 3 15 7 16,0,70,,2476,9,0,17 3 15 7 16,0,30,,2471,9,0,17 3 15 7 16,0,85,,2477,9,0,17 3 15 7 16,0,30,,2472,9,0,17 3 15 7 16,0,70,,2478,9,0,17 3 15 7 16,0,30,,2473,9,0,17 3 15 7 16,0,70,,2487,9,0,17 3 15 7 16,0,30,,2488,9,0,17 3 15 7 16,0
400,'100015',736,,2489,9,0,17 3 15 7 16,0,70,,2490,9,0,17 3 15 7 16,0,30,,2491,9,0,17 3 15 7 16,0,70,,2492,9,0,17 3 15 7 16,0,30,,2493,9,0,17 3 15 7 16,0,70,,2494,9,0,17 3 15 7 16,0,30,,2495,9,0,17 3 15 7 16,0,70,,2496,9,0,17 3 15 7 16,0,30,,2497,9,0,17 3 15 7 16,0,70,,2498,9,0,17 3 15 7 16,0,45,,2499,9,0,17 3 15 7 16,0,70,,2500,9,0,17 3 15 7 16,0,30,,2501,9,0,17 3 15 7 16,0,70,,2502,9,0,17 3 15 7 16,0,30,,2503,9,0,17 3 15 7 16,0,70,,2504,9,0,17 3 15 7 16,0,30,,2505,9,0,17 3 15 7 16,0,85,,2507,9,0,17 3 15 7 16,0,70,,2508,9,0,17 3 15 7 16,0,30,,2509,9,0,17 3 15 7 16,0,70,,2510,9,0,17 3 15 7 16,0,30,,2511,9,0,17 3 15 7 16,0,70,,2506,9,0,17 3 15 7 16,0
5201,'100009',736,,1365,9,0,7 8 9,0
5201,'100013',736,,3169,9,0,7 8 9,0
5400,'100009',727,,1370,9,0,7 18,0
5400,'100013',727,,3174,9,0,7 18,0
