609,'1476872',747,,573,,,0
609,'1476873',847,,574,,,0
609,'1476874',947,,575,,,0
609,'1476875',1047,,576,,,0
609,'1476876',1147,,577,,,0
609,'1476877',1302,,578,,,0
609,'1476878',1402,,579,,,0
609,'1476879',1502,,580,,,0
609,'1476880',1602,,581,,,0
609,'1476881',1717,,582,,,0
609,'1476882',1817,,583,,,0
609,'1476883',1917,,584,,,0
609,'1477404',610,,585,,,0
609,'1477405',710,,586,,,0
609,'1477406',810,,587,,,0
609,'1477407',849,,588,,,0
609,'1477408',949,,589,,,0
609,'1477409',1049,,590,,,0
609,'1477410',1149,,591,,,0
609,'1477411',1301,,592,,,0
609,'1477412',1411,,593,,,0
609,'1477413',1521,,594,,,0
609,'1477414',540,,595,,,0
609,'1477415',640,,596,,,0
609,'1477416',740,,597,,,0
609,'1477417',1446,,598,,,0
609,'1477418',1631,,599,,,0
609,'1477419',1752,,600,,,0
609,'1477420',1852,,601,,,0
609,'1477421',1952,,602,,,0
609,'1477422',2108,,603,,,0
609,'1477423',2208,,604,,,0
609,'1477424',919,,605,,,0
609,'1477425',1019,,606,,,0
609,'1477426',1556,,607,,,0
609,'1477427',1711,,608,,,0
609,'1477428',1822,,609,,,0
609,'1477429',1922,,610,,,0
609,'1477430',2038,,611,,,0
609,'1477431',2138,,612,,,0
609,'1477432',628,,613,,,0
609,'1477433',727,,614,,,0
609,'1477434',1119,,615,,,0
609,'1477435',1219,,616,,,0
609,'1477436',1336,,617,,,0
609,'1477437',2308,,618,,,0
609,'1477438',2238,,619,,,0
609,'1477723',747,,620,,,0
609,'1477724',847,,621,,,0
609,'1477725',947,,622,,,0
609,'1477726',1047,,623,,,0
609,'1477727',1147,,624,,,0
609,'1477728',1302,,625,,,0
609,'1477729',1402,,626,,,0
609,'1477730',1502,,627,,,0
609,'1477731',1602,,628,,,0
609,'1477732',1717,,629,,,0
609,'1477733',1817,,630,,,0
609,'1477734',1917,,631,,,0
