409,'1476895',743,,439,0,21 3 19 5 20,0
409,'1476896',813,,440,0,21 3 19 5 20,0
409,'1476897',843,,441,0,21 3 19 5 20,0
409,'1476898',913,,442,0,21 3 19 5 20,0
409,'1476899',943,,443,0,21 3 19 5 20,0
409,'1476900',1013,,444,0,21 3 19 5 20,0
409,'1476901',1043,,445,0,21 3 19 5 20,0
409,'1476902',1113,,446,0,21 3 19 5 20,0
409,'1476903',1143,,447,0,21 3 19 5 20,0
409,'1476904',1213,,448,0,21 3 19 5 20,0
409,'1476905',1258,,449,0,21 3 19 5 20,0
409,'1476906',1328,,450,0,21 3 19 5 20,0
409,'1476907',1358,,451,0,21 3 19 5 20,0
409,'1476908',1428,,452,0,21 3 19 5 20,0
409,'1476909',1458,,453,0,21 3 19 5 20,0
409,'1476910',1528,,454,0,21 3 19 5 20,0
409,'1476911',1558,,455,0,21 3 19 5 20,0
409,'1476912',1913,,456,0,21 3 19 5 20,0
409,'1476913',1643,,457,0,21 3 19 5 20,0
409,'1476914',1713,,458,0,21 3 19 5 20,0
409,'1476915',1743,,459,0,21 3 19 5 20,0
409,'1476916',1813,,460,0,21 3 19 5 20,0
409,'1476917',1843,,461,0,21 3 19 5 20,0
409,'1477338',636,,462,0,21 3 19 5 20,0
409,'1477339',736,,463,0,21 3 19 5 20,0
409,'1477340',846,,464,0,21 3 19 5 20,0
409,'1477341',946,,465,0,21 3 19 5 20,0
409,'1477342',1046,,466,0,21 3 19 5 20,0
409,'1477343',1146,,467,0,21 3 19 5 20,0
409,'1477344',1254,,468,0,21 3 19 5 20,0
409,'1477345',1404,,469,0,21 3 19 5 20,0
409,'1477346',606,,470,0,21 3 19 5 20,0
409,'1477347',706,,471,0,21 3 19 5 20,0
409,'1477348',806,,472,0,21 3 19 5 20,0
409,'1477349',1439,,473,0,21 3 19 5 20,0
409,'1477350',1549,,474,0,21 3 19 5 20,0
409,'1477351',1624,,475,0,21 3 19 5 20,0
409,'1477352',1748,,476,0,21 3 19 5 20,0
409,'1477353',1848,,477,0,21 3 19 5 20,0
409,'1477354',1948,,478,0,21 3 19 5 20,0
409,'1477355',2103,,479,0,21 3 19 5 20,0
409,'1477356',2203,,480,0,21 3 19 5 20,0
409,'1477357',1704,,481,0,21 3 19 5 20,0
409,'1477358',1818,,482,0,21 3 19 5 20,0
409,'1477359',1918,,483,0,21 3 19 5 20,0
409,'1477360',2033,,484,0,21 3 19 5 20,0
409,'1477361',2133,,485,0,21 3 19 5 20,0
409,'1477362',1016,,486,0,21 3 19 5 20,0
409,'1477363',1116,,487,0,21 3 19 5 20,0
409,'1477364',1216,,488,0,21 3 19 5 20,0
409,'1477365',653,,489,0,21 3 19 5 20,0
409,'1477366',915,,490,0,21 3 19 5 20,0
409,'1477367',536,,491,0,21 3 19 5 20,0
409,'1477368',1514,,492,0,21 3 19 5 20,0
409,'1477369',1329,,493,0,21 3 19 5 20,0
409,'1477370',2233,,494,0,21 3 19 5 20,0
409,'1477371',2303,,495,0,21 3 19 5 20,0
409,'1477746',743,,496,0,21 3 19 5 20,0
409,'1477747',843,,497,0,21 3 19 5 20,0
409,'1477748',943,,498,0,21 3 19 5 20,0
409,'1477749',1043,,499,0,21 3 19 5 20,0
409,'1477750',1143,,500,0,21 3 19 5 20,0
409,'1477751',1258,,501,0,21 3 19 5 20,0
409,'1477752',1358,,502,0,21 3 19 5 20,0
409,'1477753',1458,,503,0,21 3 19 5 20,0
409,'1477754',1558,,504,0,21 3 19 5 20,0
409,'1477755',1713,,505,0,21 3 19 5 20,0
409,'1477756',1813,,506,0,21 3 19 5 20,0
409,'1477757',1913,,507,0,21 3 19 5 20,0
409,'1477758',1843,,508,0,21 3 19 5 20,0
409,'1477759',813,,509,0,21 3 19 5 20,0
409,'1477760',913,,510,0,21 3 19 5 20,0
409,'1477761',1013,,511,0,21 3 19 5 20,0
409,'1477762',1113,,512,0,21 3 19 5 20,0
409,'1477763',1213,,513,0,21 3 19 5 20,0
409,'1477764',1328,,514,0,21 3 19 5 20,0
409,'1477765',1428,,515,0,21 3 19 5 20,0
409,'1477766',1528,,516,0,21 3 19 5 20,0
409,'1477767',1643,,517,0,21 3 19 5 20,0
409,'1477768',1743,,518,0,21 3 19 5 20,0
