309,'1476918',820,,320,,,0
309,'1476919',920,,321,,,0
309,'1476920',1020,,322,,,0
309,'1476921',1120,,323,,,0
309,'1476922',1220,,324,,,0
309,'1476923',1335,,325,,,0
309,'1476924',1435,,326,,,0
309,'1476925',1535,,327,,,0
309,'1476926',1635,,328,,,0
309,'1476927',1750,,329,,,0
309,'1476928',1850,,330,,,0
309,'1477301',544,,379,,,0
309,'1477302',614,,380,,,0
309,'1477303',644,,381,,,0
309,'1477304',714,,382,,,0
309,'1477305',744,,383,,,0
309,'1477306',814,,384,,,0
309,'1477307',844,,385,,,0
309,'1477308',629,,386,,,0
309,'1477309',824,,387,,,0
309,'1477310',924,,388,,,0
309,'1477311',1024,,389,,,0
309,'1477312',1124,,390,,,0
309,'1477313',1227,,391,,,0
309,'1477314',954,,392,,,0
309,'1477315',1054,,393,,,0
309,'1477316',1154,,394,,,0
309,'1477317',1257,,395,,,0
309,'1477318',1340,,396,,,0
309,'1477319',1415,,397,,,0
309,'1477320',1450,,398,,,0
309,'1477321',1451,,399,,,0
309,'1477322',1504,,400,,,0
309,'1477323',1525,,401,,,0
309,'1477324',1600,,402,,,0
309,'1477325',1605,,403,,,0
309,'1477326',1635,,404,,,0
309,'1477327',1710,,405,,,0
309,'1477328',1750,,406,,,0
309,'1477329',1827,,407,,,0
309,'1477330',1857,,408,,,0
309,'1477331',1927,,409,,,0
309,'1477332',1957,,410,,,0
309,'1477333',2027,,411,,,0
309,'1477334',2112,,412,,,0
309,'1477335',2142,,413,,,0
309,'1477336',2212,,414,,,0
309,'1477337',2242,,415,,,0
309,'1477554',820,,416,,,0
309,'1477555',920,,417,,,0
309,'1477556',1020,,418,,,0
309,'1477557',1120,,419,,,0
309,'1477558',1220,,420,,,0
309,'1477559',1435,,421,,,0
309,'1477560',1535,,422,,,0
309,'1477561',1635,,423,,,0
309,'1477562',1750,,424,,,0
309,'1477563',1850,,425,,,0
309,'1477564',1335,,426,,,0
