301,'100009',541,,626,30,0,15 7 16 3 17,0,70,,627,30,0,15 7 16 3 17,0,30,,628,30,0,15 7 16 3 17,0,70,,629,30,0,15 7 16 3 17,0,30,,630,30,0,15 7 16 3 17,0,10,,631,30,0,15 7 16 3 17,0,60,,636,30,0,15 7 16 3 17,0,40,,632,30,0,15 7 16 3 17,0,70,,637,30,0,15 7 16 3 17,0,30,,633,30,0,15 7 16 3 17,0,70,,638,30,0,15 7 16 3 17,0,30,,634,30,0,15 7 16 3 17,0,70,,639,30,0,15 7 16 3 17,0,30,,635,30,0,15 7 16 3 17,0,70,,640,30,0,15 7 16 3 17,0,81,,641,30,0,15 7 16 3 17,0,35,,642,30,0,15 7 16 3 17,0,75,,643,30,0,15 7 16 3 17,0,14,,644,30,0,15 7 16 3 17,0,21,,645,30,0,15 7 16 3 17,0,75,,646,30,0,15 7 16 3 17,0,5,,661,30,0,15 7 16 3 17,0,30,,647,30,0,15 7 16 3 17,0,75,,648,30,0,15 7 16 3 17,0,80,,649,30,0,15 7 16 3 17,0,42,,650,30,0,15 7 16 3 17,0,70,,651,30,0,15 7 16 3 17,0,30,,652,30,0,15 7 16 3 17,0,70,,653,30,0,15 7 16 3 17,0,30,,654,30,0,15 7 16 3 17,0,85,,655,30,0,15 7 16 3 17,0,70,,656,30,0,15 7 16 3 17,0,30,,657,30,0,15 7 16 3 17,0,70,,658,30,0,15 7 16 3 17,0,30,,659,30,0,15 7 16 3 17,0,70,,660,30,0,15 7 16 3 17,0
301,'100010',746,,665,30,0,15 7 16 3 17,0,100,,666,30,0,15 7 16 3 17,0,100,,667,30,0,15 7 16 3 17,0,101,,668,30,0,15 7 16 3 17,0,100,,669,30,0,15 7 16 3 17,0,155,,670,30,0,15 7 16 3 17,0,100,,671,30,0,15 7 16 3 17,0,100,,672,30,0,15 7 16 3 17,0,100,,673,30,0,15 7 16 3 17,0,115,,664,30,0,15 7 16 3 17,0,100,,662,30,0,15 7 16 3 17,0,100,,663,30,0,15 7 16 3 17,0
301,'100011',746,,2267,30,0,15 7 16 3 17,0,100,,2268,30,0,15 7 16 3 17,0,100,,2269,30,0,15 7 16 3 17,0,101,,2270,30,0,15 7 16 3 17,0,100,,2271,30,0,15 7 16 3 17,0,155,,2272,30,0,15 7 16 3 17,0,100,,2273,30,0,15 7 16 3 17,0,100,,2274,30,0,15 7 16 3 17,0,100,,2275,30,0,15 7 16 3 17,0,115,,2266,30,0,15 7 16 3 17,0,100,,2264,30,0,15 7 16 3 17,0,100,,2265,30,0,15 7 16 3 17,0,100,,2276,30,0,15 7 16 3 17,0
301,'100012',746,,2280,30,0,15 7 16 3 17,0,100,,2281,30,0,15 7 16 3 17,0,100,,2282,30,0,15 7 16 3 17,0,101,,2283,30,0,15 7 16 3 17,0,100,,2284,30,0,15 7 16 3 17,0,155,,2285,30,0,15 7 16 3 17,0,100,,2286,30,0,15 7 16 3 17,0,100,,2287,30,0,15 7 16 3 17,0,100,,2288,30,0,15 7 16 3 17,0,115,,2279,30,0,15 7 16 3 17,0,100,,2277,30,0,15 7 16 3 17,0,100,,2278,30,0,15 7 16 3 17,0
301,'100013',541,,2289,30,0,15 7 16 3 17,0,70,,2290,30,0,15 7 16 3 17,0,30,,2291,30,0,15 7 16 3 17,0,70,,2292,30,0,15 7 16 3 17,0,30,,2293,30,0,15 7 16 3 17,0,10,,2294,30,0,15 7 16 3 17,0,60,,2299,30,0,15 7 16 3 17,0,40,,2295,30,0,15 7 16 3 17,0,70,,2300,30,0,15 7 16 3 17,0,30,,2296,30,0,15 7 16 3 17,0,70,,2301,30,0,15 7 16 3 17,0,30,,2297,30,0,15 7 16 3 17,0,70,,2302,30,0,15 7 16 3 17,0,30,,2298,30,0,15 7 16 3 17,0,70,,2303,30,0,15 7 16 3 17,0,81,,2304,30,0,15 7 16 3 17,0,35,,2305,30,0,15 7 16 3 17,0,75,,2306,30,0,15 7 16 3 17,0,14,,2307,30,0,15 7 16 3 17,0,21,,2308,30,0,15 7 16 3 17,0,75,,2309,30,0,15 7 16 3 17,0,5,,2324,30,0,15 7 16 3 17,0,30,,2310,30,0,15 7 16 3 17,0,75,,2311,30,0,15 7 16 3 17,0,80,,2312,30,0,15 7 16 3 17,0,42,,2313,30,0,15 7 16 3 17,0,70,,2314,30,0,15 7 16 3 17,0,30,,2315,30,0,15 7 16 3 17,0,70,,2316,30,0,15 7 16 3 17,0,30,,2317,30,0,15 7 16 3 17,0,85,,2318,30,0,15 7 16 3 17,0,70,,2319,30,0,15 7 16 3 17,0,30,,2320,30,0,15 7 16 3 17,0,70,,2321,30,0,15 7 16 3 17,0,30,,2322,30,0,15 7 16 3 17,0,70,,2323,30,0,15 7 16 3 17,0
301,'100014',541,,2325,30,0,15 7 16 3 17,0,70,,2326,30,0,15 7 16 3 17,0,30,,2327,30,0,15 7 16 3 17,0,70,,2328,30,0,15 7 16 3 17,0,30,,2329,30,0,15 7 16 3 17,0,10,,2330,30,0,15 7 16 3 17,0,60,,2335,30,0,15 7 16 3 17,0,40,,2331,30,0,15 7 16 3 17,0,70,,2336,30,0,15 7 16 3 17,0,30,,2332,30,0,15 7 16 3 17,0,70,,2337,30,0,15 7 16 3 17,0,30,,2333,30,0,15 7 16 3 17,0,70,,2338,30,0,15 7 16 3 17,0,30,,2334,30,0,15 7 16 3 17,0,70,,2339,30,0,15 7 16 3 17,0,81,,2340,30,0,15 7 16 3 17,0,35,,2341,30,0,15 7 16 3 17,0,75,,2342,30,0,15 7 16 3 17,0,14,,2343,30,0,15 7 16 3 17,0,21,,2344,30,0,15 7 16 3 17,0,75,,2345,30,0,15 7 16 3 17,0,5,,2360,30,0,15 7 16 3 17,0,30,,2346,30,0,15 7 16 3 17,0,75,,2347,30,0,15 7 16 3 17,0,80,,2348,30,0,15 7 16 3 17,0,42,,2349,30,0,15 7 16 3 17,0,70,,2350,30,0,15 7 16 3 17,0,30,,2351,30,0,15 7 16 3 17,0,70,,2352,30,0,15 7 16 3 17,0,30,,2353,30,0,15 7 16 3 17,0,85,,2354,30,0,15 7 16 3 17,0,70,,2355,30,0,15 7 16 3 17,0,30,,2356,30,0,15 7 16 3 17,0,70,,2357,30,0,15 7 16 3 17,0,30,,2358,30,0,15 7 16 3 17,0,70,,2359,30,0,15 7 16 3 17,0
301,'100015',746,,2364,30,0,15 7 16 3 17,0,100,,2365,30,0,15 7 16 3 17,0,100,,2366,30,0,15 7 16 3 17,0,101,,2367,30,0,15 7 16 3 17,0,100,,2368,30,0,15 7 16 3 17,0,155,,2369,30,0,15 7 16 3 17,0,100,,2370,30,0,15 7 16 3 17,0,100,,2371,30,0,15 7 16 3 17,0,100,,2372,30,0,15 7 16 3 17,0,115,,2361,30,0,15 7 16 3 17,0,100,,2362,30,0,15 7 16 3 17,0,100,,2363,30,0,15 7 16 3 17,0
5201,'100009',753,,1365,47,0,7 8 9,0
5201,'100013',753,,3169,47,0,7 8 9,0
5400,'100009',750,,1370,48,0,7 18,0
5400,'100013',750,,3174,48,0,7 18,0
