800,'100009',609,,1117,27,,,0,30,,1102,27,,,0,70,,1118,27,,,0,30,,1103,27,,,0,70,,1119,27,,,0,40,,1120,27,,,0,69,,1104,27,,,0,30,,1128,27,,,0,70,,1105,27,,,0,30,,1129,27,,,0,70,,1106,27,,,0,30,,1130,27,,,0,70,,1107,27,,,0,82,,1131,27,,,0,35,,1108,27,,,0,75,,1121,27,,,0,35,,1109,27,,,0,75,,1110,27,,,0,35,,1122,27,,,0,75,,1111,27,,,0,80,,1123,27,,,0,42,,1112,27,,,0,70,,1124,27,,,0,30,,1113,27,,,0,70,,1125,27,,,0,30,,1114,27,,,0,85,,1126,27,,,0,70,,1115,27,,,0,30,,1127,27,,,0,70,,1116,27,,,0,28,,1133,27,,,0,68,,1132,27,,,0
800,'100010',745,,1134,27,,,0,100,,1135,27,,,0,100,,1136,27,,,0,100,,1137,27,,,0,100,,1138,27,,,0,155,,1139,27,,,0,100,,1140,27,,,0,100,,1141,27,,,0,100,,1142,27,,,0,115,,1143,27,,,0,100,,1144,27,,,0,100,,1145,27,,,0
800,'100011',745,,2819,27,,,0,100,,2820,27,,,0,100,,2821,27,,,0,100,,2822,27,,,0,100,,2823,27,,,0,155,,2824,27,,,0,100,,2825,27,,,0,100,,2826,27,,,0,100,,2827,27,,,0,115,,2828,27,,,0,100,,2829,27,,,0,100,,2830,27,,,0,100,,2831,27,,,0
800,'100012',745,,2832,27,,,0,100,,2833,27,,,0,100,,2834,27,,,0,100,,2835,27,,,0,100,,2836,27,,,0,155,,2837,27,,,0,100,,2838,27,,,0,100,,2839,27,,,0,100,,2840,27,,,0,115,,2841,27,,,0,100,,2842,27,,,0,100,,2843,27,,,0
800,'100013',609,,2859,27,,,0,30,,2844,27,,,0,70,,2860,27,,,0,30,,2845,27,,,0,70,,2861,27,,,0,40,,2862,27,,,0,69,,2846,27,,,0,30,,2870,27,,,0,70,,2847,27,,,0,30,,2871,27,,,0,70,,2848,27,,,0,30,,2872,27,,,0,70,,2849,27,,,0,82,,2873,27,,,0,35,,2850,27,,,0,75,,2863,27,,,0,35,,2851,27,,,0,75,,2852,27,,,0,35,,2864,27,,,0,75,,2853,27,,,0,80,,2865,27,,,0,42,,2854,27,,,0,70,,2866,27,,,0,30,,2855,27,,,0,70,,2867,27,,,0,30,,2856,27,,,0,85,,2868,27,,,0,70,,2857,27,,,0,30,,2869,27,,,0,70,,2858,27,,,0,28,,2875,27,,,0,68,,2874,27,,,0
800,'100014',609,,2891,27,,,0,30,,2876,27,,,0,70,,2892,27,,,0,30,,2877,27,,,0,70,,2893,27,,,0,40,,2894,27,,,0,69,,2878,27,,,0,30,,2902,27,,,0,70,,2879,27,,,0,30,,2903,27,,,0,70,,2880,27,,,0,30,,2904,27,,,0,70,,2881,27,,,0,82,,2905,27,,,0,35,,2882,27,,,0,75,,2895,27,,,0,35,,2883,27,,,0,75,,2884,27,,,0,35,,2896,27,,,0,75,,2885,27,,,0,80,,2897,27,,,0,42,,2886,27,,,0,70,,2898,27,,,0,30,,2887,27,,,0,70,,2899,27,,,0,30,,2888,27,,,0,85,,2900,27,,,0,70,,2889,27,,,0,30,,2901,27,,,0,70,,2890,27,,,0,28,,2907,27,,,0,68,,2906,27,,,0
800,'100015',745,,2908,27,,,0,100,,2909,27,,,0,100,,2910,27,,,0,100,,2911,27,,,0,100,,2912,27,,,0,155,,2913,27,,,0,100,,2914,27,,,0,100,,2915,27,,,0,100,,2916,27,,,0,115,,2917,27,,,0,100,,2918,27,,,0,100,,2919,27,,,0
5000,'100009',758,,1358,26,,,0
5000,'100013',758,,3162,26,,,0
5100,'100009',755,,1361,27,0,5 28,0
5100,'100013',755,,3165,27,0,5 28,0
5300,'100009',820,,1367,39,,,0
5300,'100013',820,,3171,39,,,0
5301,'100009',1552,,1369,32,,,0
5301,'100013',1552,,3173,32,,,0
