301,'100012',731,,3782,2,0,15 7 16 3 17,0,100,,3783,2,0,15 7 16 3 17,0,100,,3784,2,0,15 7 16 3 17,0,101,,3785,2,0,15 7 16 3 17,0,100,,3786,2,0,15 7 16 3 17,0,115,,3787,2,0,15 7 16 3 17,0,100,,3788,2,0,15 7 16 3 17,0,100,,3789,2,0,15 7 16 3 17,0,100,,3790,2,0,15 7 16 3 17,0,155,,3779,2,0,15 7 16 3 17,0,100,,3780,2,0,15 7 16 3 17,0,100,,3781,2,0,15 7 16 3 17,0
301,'100013',731,,3794,2,0,15 7 16 3 17,0,100,,3795,2,0,15 7 16 3 17,0,100,,3796,2,0,15 7 16 3 17,0,101,,3797,2,0,15 7 16 3 17,0,100,,3798,2,0,15 7 16 3 17,0,115,,3799,2,0,15 7 16 3 17,0,100,,3800,2,0,15 7 16 3 17,0,100,,3801,2,0,15 7 16 3 17,0,100,,3802,2,0,15 7 16 3 17,0,155,,3793,2,0,15 7 16 3 17,0,100,,3791,2,0,15 7 16 3 17,0,100,,3792,2,0,15 7 16 3 17,0
301,'100014',524,,3803,2,0,15 7 16 3 17,0,30,,3804,2,0,15 7 16 3 17,0,70,,3805,2,0,15 7 16 3 17,0,30,,3806,2,0,15 7 16 3 17,0,70,,3807,2,0,15 7 16 3 17,0,30,,3812,2,0,15 7 16 3 17,0,80,,3808,2,0,15 7 16 3 17,0,70,,3813,2,0,15 7 16 3 17,0,30,,3809,2,0,15 7 16 3 17,0,70,,3814,2,0,15 7 16 3 17,0,30,,3810,2,0,15 7 16 3 17,0,70,,3815,2,0,15 7 16 3 17,0,30,,3811,2,0,15 7 16 3 17,0,70,,3816,2,0,15 7 16 3 17,0,38,,3817,2,0,15 7 16 3 17,0,75,,3818,2,0,15 7 16 3 17,0,35,,3819,2,0,15 7 16 3 17,0,75,,3820,2,0,15 7 16 3 17,0,75,,3821,2,0,15 7 16 3 17,0,35,,3822,2,0,15 7 16 3 17,0,75,,3823,2,0,15 7 16 3 17,0,40,,3824,2,0,15 7 16 3 17,0,85,,3825,2,0,15 7 16 3 17,0,70,,3826,2,0,15 7 16 3 17,0,30,,3827,2,0,15 7 16 3 17,0,70,,3828,2,0,15 7 16 3 17,0,30,,3829,2,0,15 7 16 3 17,0,85,,3830,2,0,15 7 16 3 17,0,30,,3831,2,0,15 7 16 3 17,0,70,,3832,2,0,15 7 16 3 17,0,30,,3833,2,0,15 7 16 3 17,0,70,,3834,2,0,15 7 16 3 17,0,30,,3835,2,0,15 7 16 3 17,0
400,'100012',732,,3836,2,0,17 3 15 7 16,0,70,,3837,2,0,17 3 15 7 16,0,30,,3838,2,0,17 3 15 7 16,0,70,,3839,2,0,17 3 15 7 16,0,30,,3840,2,0,17 3 15 7 16,0,70,,3841,2,0,17 3 15 7 16,0,30,,3842,2,0,17 3 15 7 16,0,70,,3843,2,0,17 3 15 7 16,0,30,,3844,2,0,17 3 15 7 16,0,70,,3845,2,0,17 3 15 7 16,0,45,,3846,2,0,17 3 15 7 16,0,70,,3847,2,0,17 3 15 7 16,0,30,,3848,2,0,17 3 15 7 16,0,70,,3849,2,0,17 3 15 7 16,0,30,,3850,2,0,17 3 15 7 16,0,70,,3851,2,0,17 3 15 7 16,0,30,,3852,2,0,17 3 15 7 16,0,85,,3854,2,0,17 3 15 7 16,0,70,,3855,2,0,17 3 15 7 16,0,30,,3856,2,0,17 3 15 7 16,0,70,,3857,2,0,17 3 15 7 16,0,30,,3858,2,0,17 3 15 7 16,0,70,,3853,2,0,17 3 15 7 16,0
400,'100013',732,,3859,2,0,17 3 15 7 16,0,70,,3872,2,0,17 3 15 7 16,0,30,,3860,2,0,17 3 15 7 16,0,70,,3873,2,0,17 3 15 7 16,0,30,,3861,2,0,17 3 15 7 16,0,70,,3874,2,0,17 3 15 7 16,0,30,,3862,2,0,17 3 15 7 16,0,70,,3875,2,0,17 3 15 7 16,0,30,,3863,2,0,17 3 15 7 16,0,70,,3876,2,0,17 3 15 7 16,0,45,,3864,2,0,17 3 15 7 16,0,70,,3877,2,0,17 3 15 7 16,0,30,,3865,2,0,17 3 15 7 16,0,70,,3878,2,0,17 3 15 7 16,0,30,,3866,2,0,17 3 15 7 16,0,70,,3879,2,0,17 3 15 7 16,0,30,,3867,2,0,17 3 15 7 16,0,85,,3880,2,0,17 3 15 7 16,0,70,,3868,2,0,17 3 15 7 16,0,30,,3881,2,0,17 3 15 7 16,0,70,,3869,2,0,17 3 15 7 16,0,30,,3871,2,0,17 3 15 7 16,0,70,,3870,2,0,17 3 15 7 16,0
400,'100014',524,,3911,2,0,17 3 15 7 16,0,30,,3890,2,0,17 3 15 7 16,0,70,,3882,2,0,17 3 15 7 16,0,18,,3909,2,0,17 3 15 7 16,0,12,,3891,2,0,17 3 15 7 16,0,70,,3883,2,0,17 3 15 7 16,0,30,,3892,2,0,17 3 15 7 16,0,80,,3884,2,0,17 3 15 7 16,0,69,,3910,2,0,17 3 15 7 16,0,31,,3885,2,0,17 3 15 7 16,0,70,,3906,2,0,17 3 15 7 16,0,30,,3886,2,0,17 3 15 7 16,0,70,,3907,2,0,17 3 15 7 16,0,30,,3887,2,0,17 3 15 7 16,0,70,,3908,2,0,17 3 15 7 16,0,38,,3888,2,0,17 3 15 7 16,0,75,,3913,2,0,17 3 15 7 16,0,35,,3889,2,0,17 3 15 7 16,0,75,,3893,2,0,17 3 15 7 16,0,75,,3912,2,0,17 3 15 7 16,0,35,,3894,2,0,17 3 15 7 16,0,75,,3895,2,0,17 3 15 7 16,0,40,,3901,2,0,17 3 15 7 16,0,85,,3896,2,0,17 3 15 7 16,0,70,,3902,2,0,17 3 15 7 16,0,30,,3897,2,0,17 3 15 7 16,0,70,,3903,2,0,17 3 15 7 16,0,30,,3898,2,0,17 3 15 7 16,0,85,,3904,2,0,17 3 15 7 16,0,30,,3899,2,0,17 3 15 7 16,0,70,,3905,2,0,17 3 15 7 16,0,30,,3900,2,0,17 3 15 7 16,0,70,,3914,2,0,17 3 15 7 16,0,30,,3915,2,0,17 3 15 7 16,0
500,'100012',802,,3916,2,0,12 3 13,0,100,,3917,2,0,12 3 13,0,100,,3918,2,0,12 3 13,0,100,,3919,2,0,12 3 13,0,100,,3920,2,0,12 3 13,0,115,,3921,2,0,12 3 13,0,100,,3922,2,0,12 3 13,0,100,,3923,2,0,12 3 13,0,115,,3924,2,0,12 3 13,0,100,,3925,2,0,12 3 13,0,100,,3926,2,0,12 3 13,0
500,'100013',802,,3927,2,0,12 3 13,0,100,,3928,2,0,12 3 13,0,100,,3929,2,0,12 3 13,0,100,,3930,2,0,12 3 13,0,100,,3931,2,0,12 3 13,0,115,,3932,2,0,12 3 13,0,100,,3933,2,0,12 3 13,0,100,,3934,2,0,12 3 13,0,115,,3935,2,0,12 3 13,0,100,,3936,2,0,12 3 13,0,100,,3937,2,0,12 3 13,0
500,'100014',554,,3938,2,0,12 3 13,0,70,,3954,2,0,12 3 13,0,30,,3939,2,0,12 3 13,0,70,,3955,2,0,12 3 13,0,30,,3940,2,0,12 3 13,0,80,,3941,2,0,12 3 13,0,70,,3963,2,0,12 3 13,0,30,,3942,2,0,12 3 13,0,70,,3966,2,0,12 3 13,0,30,,3943,2,0,12 3 13,0,70,,3965,2,0,12 3 13,0,30,,3944,2,0,12 3 13,0,70,,3967,2,0,12 3 13,0,39,,3945,2,0,12 3 13,0,75,,3964,2,0,12 3 13,0,35,,3946,2,0,12 3 13,0,75,,3956,2,0,12 3 13,0,75,,3947,2,0,12 3 13,0,35,,3957,2,0,12 3 13,0,75,,3948,2,0,12 3 13,0,40,,3949,2,0,12 3 13,0,84,,3958,2,0,12 3 13,0,70,,3950,2,0,12 3 13,0,30,,3959,2,0,12 3 13,0,70,,3951,2,0,12 3 13,0,30,,3960,2,0,12 3 13,0,85,,3952,2,0,12 3 13,0,30,,3961,2,0,12 3 13,0,70,,3953,2,0,12 3 13,0,30,,3962,2,0,12 3 13,0,70,,3968,2,0,12 3 13,0,30,,3969,2,0,12 3 13,0
800,'100012',731,,4085,2,0,14 3 15 7 16,0,100,,4086,2,0,14 3 15 7 16,0,100,,4087,2,0,14 3 15 7 16,0,100,,4088,2,0,14 3 15 7 16,0,100,,4089,2,0,14 3 15 7 16,0,115,,4090,2,0,14 3 15 7 16,0,100,,4091,2,0,14 3 15 7 16,0,100,,4092,2,0,14 3 15 7 16,0,100,,4093,2,0,14 3 15 7 16,0,155,,4094,2,0,14 3 15 7 16,0,100,,4095,2,0,14 3 15 7 16,0,100,,4096,2,0,14 3 15 7 16,0
800,'100013',731,,4097,2,0,14 3 15 7 16,0,100,,4098,2,0,14 3 15 7 16,0,100,,4099,2,0,14 3 15 7 16,0,100,,4100,2,0,14 3 15 7 16,0,100,,4101,2,0,14 3 15 7 16,0,115,,4102,2,0,14 3 15 7 16,0,100,,4103,2,0,14 3 15 7 16,0,100,,4104,2,0,14 3 15 7 16,0,100,,4105,2,0,14 3 15 7 16,0,155,,4106,2,0,14 3 15 7 16,0,100,,4107,2,0,14 3 15 7 16,0,100,,4108,2,0,14 3 15 7 16,0
800,'100014',553,,4124,2,0,14 3 15 7 16,0,70,,4109,2,0,14 3 15 7 16,0,30,,4125,2,0,14 3 15 7 16,0,70,,4110,2,0,14 3 15 7 16,0,30,,4126,2,0,14 3 15 7 16,0,80,,4127,2,0,14 3 15 7 16,0,70,,4111,2,0,14 3 15 7 16,0,30,,4135,2,0,14 3 15 7 16,0,70,,4112,2,0,14 3 15 7 16,0,30,,4136,2,0,14 3 15 7 16,0,70,,4113,2,0,14 3 15 7 16,0,30,,4137,2,0,14 3 15 7 16,0,70,,4114,2,0,14 3 15 7 16,0,39,,4138,2,0,14 3 15 7 16,0,75,,4115,2,0,14 3 15 7 16,0,35,,4128,2,0,14 3 15 7 16,0,75,,4116,2,0,14 3 15 7 16,0,75,,4117,2,0,14 3 15 7 16,0,35,,4129,2,0,14 3 15 7 16,0,75,,4118,2,0,14 3 15 7 16,0,40,,4130,2,0,14 3 15 7 16,0,84,,4119,2,0,14 3 15 7 16,0,70,,4131,2,0,14 3 15 7 16,0,30,,4120,2,0,14 3 15 7 16,0,70,,4132,2,0,14 3 15 7 16,0,30,,4121,2,0,14 3 15 7 16,0,85,,4133,2,0,14 3 15 7 16,0,30,,4122,2,0,14 3 15 7 16,0,70,,4134,2,0,14 3 15 7 16,0,30,,4123,2,0,14 3 15 7 16,0,70,,4140,2,0,14 3 15 7 16,0,28,,4139,2,0,14 3 15 7 16,0
