5400,'100009',800,,1370,53,0,7 18,0
5400,'100013',800,,3174,53,0,7 18,0
5401,'100009',1447,,1371,10,0,7 18,0
5401,'100013',1447,,3175,10,0,7 18,0
2000900,'100009',600,,1550,18,,,0,20,,1551,18,,,0,30,,1552,18,,,0,70,,1553,18,,,0,30,,1554,18,,,0,60,,1555,18,,,0,40,,1556,18,,,0,62,,1581,18,,,0,28,,1557,18,,,0,70,,1558,18,,,0,20,,1559,18,,,0,70,,1560,18,,,0,30,,1561,18,,,0,70,,1562,18,,,0,30,,1563,18,,,0,70,,1564,18,,,0,30,,1565,18,,,0,70,,1566,18,,,0,32,,1567,18,,,0,71,,1568,18,,,0,30,,1569,18,,,0,74,,1570,18,,,0,24,,1571,18,,,0,72,,1572,18,,,0,38,,1573,18,,,0,70,,1574,18,,,0,30,,1575,18,,,0,70,,1576,18,,,0,30,,1577,18,,,0,65,,1578,18,,,0,32,,1579,18,,,0,74,,1580,18,,,0,45,,1582,18,,,0,75,,1583,18,,,0,76,,1584,18,,,0
2000900,'100010',810,,1585,18,,,0,40,,1586,18,,,0,80,,1587,18,,,0,80,,1588,18,,,0,40,,1589,18,,,0,80,,1590,18,,,0,79,,1591,18,,,0,40,,1592,18,,,0,85,,1593,18,,,0,80,,1594,18,,,0,41,,1595,18,,,0,80,,1596,18,,,0,85,,1597,18,,,0,80,,1598,18,,,0,40,,1599,18,,,0,80,,1600,18,,,0,80,,1601,18,,,0
2000900,'100011',810,,3305,18,,,0,40,,3306,18,,,0,80,,3307,18,,,0,80,,3308,18,,,0,40,,3309,18,,,0,80,,3310,18,,,0,79,,3311,18,,,0,40,,3312,18,,,0,85,,3313,18,,,0,80,,3314,18,,,0,41,,3315,18,,,0,80,,3316,18,,,0,85,,3317,18,,,0,80,,3318,18,,,0,40,,3319,18,,,0,80,,3320,18,,,0,80,,3321,18,,,0,40,,3323,18,,,0,80,,3322,18,,,0
2000900,'100012',810,,3324,18,,,0,40,,3325,18,,,0,80,,3326,18,,,0,80,,3327,18,,,0,40,,3328,18,,,0,80,,3329,18,,,0,79,,3330,18,,,0,40,,3331,18,,,0,85,,3332,18,,,0,80,,3333,18,,,0,41,,3334,18,,,0,80,,3335,18,,,0,85,,3336,18,,,0,80,,3337,18,,,0,40,,3338,18,,,0,80,,3339,18,,,0,80,,3340,18,,,0
2000900,'100013',600,,3341,18,,,0,20,,3342,18,,,0,30,,3343,18,,,0,70,,3344,18,,,0,30,,3345,18,,,0,60,,3346,18,,,0,40,,3347,18,,,0,62,,3372,18,,,0,28,,3348,18,,,0,70,,3349,18,,,0,20,,3350,18,,,0,70,,3351,18,,,0,30,,3352,18,,,0,70,,3353,18,,,0,30,,3354,18,,,0,70,,3355,18,,,0,30,,3356,18,,,0,70,,3357,18,,,0,32,,3358,18,,,0,71,,3359,18,,,0,30,,3360,18,,,0,74,,3361,18,,,0,24,,3362,18,,,0,72,,3363,18,,,0,38,,3364,18,,,0,70,,3365,18,,,0,30,,3366,18,,,0,70,,3367,18,,,0,30,,3368,18,,,0,65,,3369,18,,,0,32,,3370,18,,,0,74,,3371,18,,,0,45,,3373,18,,,0,75,,3374,18,,,0,76,,3375,18,,,0
2000900,'100014',600,,3376,18,,,0,20,,3377,18,,,0,30,,3378,18,,,0,70,,3379,18,,,0,30,,3380,18,,,0,60,,3381,18,,,0,40,,3382,18,,,0,62,,3407,18,,,0,28,,3383,18,,,0,70,,3384,18,,,0,20,,3385,18,,,0,70,,3386,18,,,0,30,,3387,18,,,0,70,,3388,18,,,0,30,,3389,18,,,0,70,,3390,18,,,0,30,,3391,18,,,0,70,,3392,18,,,0,32,,3393,18,,,0,71,,3394,18,,,0,30,,3395,18,,,0,74,,3396,18,,,0,24,,3397,18,,,0,72,,3398,18,,,0,38,,3399,18,,,0,70,,3400,18,,,0,30,,3401,18,,,0,70,,3402,18,,,0,30,,3403,18,,,0,65,,3404,18,,,0,32,,3405,18,,,0,74,,3406,18,,,0,45,,3408,18,,,0,75,,3409,18,,,0,76,,3410,18,,,0
2000900,'100015',810,,3411,18,,,0,40,,3412,18,,,0,80,,3413,18,,,0,80,,3414,18,,,0,40,,3415,18,,,0,80,,3416,18,,,0,79,,3417,18,,,0,40,,3418,18,,,0,85,,3419,18,,,0,80,,3420,18,,,0,41,,3421,18,,,0,80,,3422,18,,,0,85,,3423,18,,,0,80,,3424,18,,,0,40,,3425,18,,,0,80,,3426,18,,,0,80,,3427,18,,,0
