301,'100009',537,,590,23,0,15 7 16 3 17,0,70,,591,23,0,15 7 16 3 17,0,30,,592,23,0,15 7 16 3 17,0,70,,593,23,0,15 7 16 3 17,0,30,,594,23,0,15 7 16 3 17,0,10,,595,23,0,15 7 16 3 17,0,60,,600,23,0,15 7 16 3 17,0,40,,596,23,0,15 7 16 3 17,0,70,,601,23,0,15 7 16 3 17,0,30,,597,23,0,15 7 16 3 17,0,70,,602,23,0,15 7 16 3 17,0,30,,598,23,0,15 7 16 3 17,0,70,,603,23,0,15 7 16 3 17,0,30,,599,23,0,15 7 16 3 17,0,70,,604,23,0,15 7 16 3 17,0,39,,605,23,0,15 7 16 3 17,0,75,,606,23,0,15 7 16 3 17,0,75,,607,23,0,15 7 16 3 17,0,14,,608,23,0,15 7 16 3 17,0,21,,609,23,0,15 7 16 3 17,0,75,,610,23,0,15 7 16 3 17,0,5,,625,23,0,15 7 16 3 17,0,30,,611,23,0,15 7 16 3 17,0,75,,612,23,0,15 7 16 3 17,0,80,,613,23,0,15 7 16 3 17,0,44,,614,23,0,15 7 16 3 17,0,70,,615,23,0,15 7 16 3 17,0,30,,616,23,0,15 7 16 3 17,0,70,,617,23,0,15 7 16 3 17,0,30,,618,23,0,15 7 16 3 17,0,85,,619,23,0,15 7 16 3 17,0,70,,620,23,0,15 7 16 3 17,0,30,,621,23,0,15 7 16 3 17,0,70,,622,23,0,15 7 16 3 17,0,30,,623,23,0,15 7 16 3 17,0,70,,624,23,0,15 7 16 3 17,0
301,'100010',537,,626,23,0,15 7 16 3 17,0,70,,627,23,0,15 7 16 3 17,0,30,,628,23,0,15 7 16 3 17,0,70,,629,23,0,15 7 16 3 17,0,30,,630,23,0,15 7 16 3 17,0,10,,631,23,0,15 7 16 3 17,0,60,,636,23,0,15 7 16 3 17,0,40,,632,23,0,15 7 16 3 17,0,70,,637,23,0,15 7 16 3 17,0,30,,633,23,0,15 7 16 3 17,0,70,,638,23,0,15 7 16 3 17,0,30,,634,23,0,15 7 16 3 17,0,70,,639,23,0,15 7 16 3 17,0,30,,635,23,0,15 7 16 3 17,0,70,,640,23,0,15 7 16 3 17,0,39,,641,23,0,15 7 16 3 17,0,75,,642,23,0,15 7 16 3 17,0,75,,643,23,0,15 7 16 3 17,0,14,,644,23,0,15 7 16 3 17,0,21,,645,23,0,15 7 16 3 17,0,75,,646,23,0,15 7 16 3 17,0,5,,661,23,0,15 7 16 3 17,0,30,,647,23,0,15 7 16 3 17,0,75,,648,23,0,15 7 16 3 17,0,80,,649,23,0,15 7 16 3 17,0,44,,650,23,0,15 7 16 3 17,0,70,,651,23,0,15 7 16 3 17,0,30,,652,23,0,15 7 16 3 17,0,70,,653,23,0,15 7 16 3 17,0,30,,654,23,0,15 7 16 3 17,0,85,,655,23,0,15 7 16 3 17,0,70,,656,23,0,15 7 16 3 17,0,30,,657,23,0,15 7 16 3 17,0,70,,658,23,0,15 7 16 3 17,0,30,,659,23,0,15 7 16 3 17,0,70,,660,23,0,15 7 16 3 17,0
301,'100011',742,,665,23,0,15 7 16 3 17,0,100,,666,23,0,15 7 16 3 17,0,100,,667,23,0,15 7 16 3 17,0,101,,668,23,0,15 7 16 3 17,0,100,,669,23,0,15 7 16 3 17,0,115,,670,23,0,15 7 16 3 17,0,100,,671,23,0,15 7 16 3 17,0,100,,672,23,0,15 7 16 3 17,0,100,,673,23,0,15 7 16 3 17,0,155,,664,23,0,15 7 16 3 17,0,100,,662,23,0,15 7 16 3 17,0,100,,663,23,0,15 7 16 3 17,0
301,'100012',742,,677,23,0,15 7 16 3 17,0,100,,678,23,0,15 7 16 3 17,0,100,,679,23,0,15 7 16 3 17,0,101,,680,23,0,15 7 16 3 17,0,100,,681,23,0,15 7 16 3 17,0,115,,682,23,0,15 7 16 3 17,0,100,,683,23,0,15 7 16 3 17,0,100,,684,23,0,15 7 16 3 17,0,100,,685,23,0,15 7 16 3 17,0,155,,674,23,0,15 7 16 3 17,0,100,,675,23,0,15 7 16 3 17,0,100,,676,23,0,15 7 16 3 17,0
400,'100009',537,,715,23,,,0,70,,694,23,,,0,30,,686,23,,,0,17,,713,23,,,0,53,,695,23,,,0,30,,687,23,,,0,70,,696,23,,,0,40,,688,23,,,0,69,,714,23,,,0,31,,689,23,,,0,70,,710,23,,,0,30,,690,23,,,0,70,,711,23,,,0,30,,691,23,,,0,70,,712,23,,,0,38,,692,23,,,0,75,,717,23,,,0,75,,693,23,,,0,35,,697,23,,,0,75,,716,23,,,0,35,,698,23,,,0,75,,699,23,,,0,80,,705,23,,,0,44,,700,23,,,0,70,,706,23,,,0,30,,701,23,,,0,70,,707,23,,,0,30,,702,23,,,0,85,,708,23,,,0,70,,703,23,,,0,30,,709,23,,,0,70,,704,23,,,0,30,,718,23,,,0,70,,719,23,,,0
400,'100010',537,,749,23,,,0,70,,728,23,,,0,30,,720,23,,,0,17,,747,23,,,0,53,,729,23,,,0,30,,721,23,,,0,70,,730,23,,,0,40,,722,23,,,0,69,,748,23,,,0,31,,723,23,,,0,70,,744,23,,,0,30,,724,23,,,0,70,,745,23,,,0,30,,725,23,,,0,70,,746,23,,,0,38,,726,23,,,0,75,,751,23,,,0,75,,727,23,,,0,35,,731,23,,,0,75,,750,23,,,0,35,,732,23,,,0,75,,733,23,,,0,80,,739,23,,,0,44,,734,23,,,0,70,,740,23,,,0,30,,735,23,,,0,70,,741,23,,,0,30,,736,23,,,0,85,,742,23,,,0,70,,737,23,,,0,30,,743,23,,,0,70,,738,23,,,0,30,,752,23,,,0,70,,753,23,,,0
400,'100011',744,,754,23,,,0,70,,767,23,,,0,30,,755,23,,,0,70,,768,23,,,0,30,,756,23,,,0,70,,769,23,,,0,30,,757,23,,,0,70,,770,23,,,0,30,,758,23,,,0,70,,771,23,,,0,45,,759,23,,,0,70,,772,23,,,0,30,,760,23,,,0,70,,773,23,,,0,30,,761,23,,,0,70,,774,23,,,0,30,,762,23,,,0,85,,775,23,,,0,70,,763,23,,,0,30,,776,23,,,0,70,,764,23,,,0,30,,766,23,,,0,70,,765,23,,,0
400,'100012',744,,777,23,,,0,70,,778,23,,,0,30,,779,23,,,0,70,,780,23,,,0,30,,781,23,,,0,70,,782,23,,,0,30,,783,23,,,0,70,,784,23,,,0,30,,785,23,,,0,70,,786,23,,,0,45,,787,23,,,0,70,,788,23,,,0,30,,789,23,,,0,70,,790,23,,,0,30,,791,23,,,0,70,,792,23,,,0,30,,793,23,,,0,85,,795,23,,,0,70,,796,23,,,0,30,,797,23,,,0,70,,798,23,,,0,30,,799,23,,,0,70,,794,23,,,0
5201,'100010',749,,1365,41,0,7 8 9,0
5400,'100010',746,,1370,41,0,7 18,0
