309,'1476929',1706,,331,,,0
309,'1476930',1806,,332,,,0
309,'1476931',1906,,333,,,0
309,'1476932',735,,334,,,0
309,'1476933',835,,335,,,0
309,'1476934',935,,336,,,0
309,'1476935',1036,,337,,,0
309,'1476936',1136,,338,,,0
309,'1476937',1251,,339,,,0
309,'1476938',1351,,340,,,0
309,'1476939',1451,,341,,,0
309,'1476940',1551,,342,,,0
309,'1477265',529,,343,,,0
309,'1477266',559,,344,,,0
309,'1477267',629,,345,,,0
309,'1477268',659,,346,,,0
309,'1477269',729,,347,,,0
309,'1477270',739,,348,,,0
309,'1477271',839,,349,,,0
309,'1477272',939,,350,,,0
309,'1477273',1039,,351,,,0
309,'1477274',1139,,352,,,0
309,'1477275',759,,353,,,0
309,'1477276',909,,354,,,0
309,'1477277',1009,,355,,,0
309,'1477278',1109,,356,,,0
309,'1477279',1209,,357,,,0
309,'1477280',1247,,358,,,0
309,'1477281',1322,,359,,,0
309,'1477282',1357,,360,,,0
309,'1477283',1411,,361,,,0
309,'1477284',1432,,362,,,0
309,'1477285',1507,,363,,,0
309,'1477286',1542,,364,,,0
309,'1477287',1617,,365,,,0
309,'1477288',1657,,366,,,0
309,'1477289',1742,,367,,,0
309,'1477290',1812,,368,,,0
309,'1477291',1842,,369,,,0
309,'1477292',1912,,370,,,0
309,'1477293',1942,,371,,,0
309,'1477294',2027,,372,,,0
309,'1477295',2057,,373,,,0
309,'1477296',2127,,374,,,0
309,'1477297',2157,,375,,,0
309,'1477298',2227,,376,,,0
309,'1477299',2257,,377,,,0
309,'1477300',1512,,378,,,0
309,'1477565',1806,,427,,,0
309,'1477566',1906,,428,,,0
309,'1477567',1706,,429,,,0
309,'1477568',735,,430,,,0
309,'1477569',835,,431,,,0
309,'1477570',935,,432,,,0
309,'1477571',1036,,433,,,0
309,'1477572',1136,,434,,,0
309,'1477573',1251,,435,,,0
309,'1477574',1351,,436,,,0
309,'1477575',1451,,437,,,0
309,'1477576',1551,,438,,,0
