709,'1476861',810,,632,0,28 3 29,0
709,'1476862',910,,633,0,28 3 29,0
709,'1476863',1010,,634,0,28 3 29,0
709,'1476864',1110,,635,0,28 3 29,0
709,'1476865',1210,,636,0,28 3 29,0
709,'1476866',1325,,637,0,28 3 29,0
709,'1476867',1425,,638,0,28 3 29,0
709,'1476868',1525,,639,0,28 3 29,0
709,'1476869',1640,,640,0,28 3 29,0
709,'1476870',1740,,641,0,28 3 29,0
709,'1476871',1840,,642,0,28 3 29,0
709,'1477439',532,,643,0,28 3 29,0
709,'1477440',632,,644,0,28 3 29,0
709,'1477441',732,,645,0,28 3 29,0
709,'1477442',912,,646,0,28 3 29,0
709,'1477443',1012,,647,0,28 3 29,0
709,'1477444',1112,,648,0,28 3 29,0
709,'1477445',1212,,649,0,28 3 29,0
709,'1477446',1327,,650,0,28 3 29,0
709,'1477447',1437,,651,0,28 3 29,0
709,'1477448',1547,,652,0,28 3 29,0
709,'1477449',602,,653,0,28 3 29,0
709,'1477450',702,,654,0,28 3 29,0
709,'1477451',802,,655,0,28 3 29,0
709,'1477452',1402,,656,0,28 3 29,0
709,'1477453',1512,,657,0,28 3 29,0
709,'1477454',1622,,658,0,28 3 29,0
709,'1477455',1702,,659,0,28 3 29,0
709,'1477456',1815,,660,0,28 3 29,0
709,'1477457',1915,,661,0,28 3 29,0
709,'1477458',2030,,662,0,28 3 29,0
709,'1477459',2130,,663,0,28 3 29,0
709,'1477460',842,,664,0,28 3 29,0
709,'1477461',942,,665,0,28 3 29,0
709,'1477462',1745,,666,0,28 3 29,0
709,'1477463',1845,,667,0,28 3 29,0
709,'1477464',1945,,668,0,28 3 29,0
709,'1477465',2100,,669,0,28 3 29,0
709,'1477466',2200,,670,0,28 3 29,0
709,'1477467',650,,671,0,28 3 29,0
709,'1477468',1042,,672,0,28 3 29,0
709,'1477469',1142,,673,0,28 3 29,0
709,'1477470',1252,,674,0,28 3 29,0
709,'1477471',2230,,675,0,28 3 29,0
709,'1477472',2300,,676,0,28 3 29,0
709,'1477712',810,,677,0,28 3 29,0
709,'1477713',910,,678,0,28 3 29,0
709,'1477714',1010,,679,0,28 3 29,0
709,'1477715',1110,,680,0,28 3 29,0
709,'1477716',1210,,681,0,28 3 29,0
709,'1477717',1325,,682,0,28 3 29,0
709,'1477718',1425,,683,0,28 3 29,0
709,'1477719',1525,,684,0,28 3 29,0
709,'1477720',1640,,685,0,28 3 29,0
709,'1477721',1740,,686,0,28 3 29,0
709,'1477722',1840,,687,0,28 3 29,0
5009,'1477506',1436,,885,0,14 3 15,0
5009,'1477507',1451,,886,0,14 3 15,0
5109,'1477509',1511,,888,0,15 3 14,0
5109,'1477510',1436,,889,0,15 3 14,0
5309,'1477514',800,,893,,,0
5309,'1477515',1531,,894,0,10 11,0
5309,'1477516',1531,,895,0,10 11,0
