800,'100009',610,,1117,29,,,0,30,,1102,29,,,0,70,,1118,29,,,0,30,,1103,29,,,0,70,,1119,29,,,0,40,,1120,29,,,0,69,,1104,29,,,0,30,,1128,29,,,0,70,,1105,29,,,0,30,,1129,29,,,0,70,,1106,29,,,0,30,,1130,29,,,0,70,,1107,29,,,0,82,,1131,29,,,0,35,,1108,29,,,0,75,,1121,29,,,0,35,,1109,29,,,0,75,,1110,29,,,0,35,,1122,29,,,0,75,,1111,29,,,0,80,,1123,29,,,0,42,,1112,29,,,0,70,,1124,29,,,0,30,,1113,29,,,0,70,,1125,29,,,0,30,,1114,29,,,0,85,,1126,29,,,0,70,,1115,29,,,0,30,,1127,29,,,0,70,,1116,29,,,0,28,,1133,29,,,0,68,,1132,29,,,0
800,'100010',746,,1134,29,,,0,100,,1135,29,,,0,100,,1136,29,,,0,100,,1137,29,,,0,100,,1138,29,,,0,155,,1139,29,,,0,100,,1140,29,,,0,100,,1141,29,,,0,100,,1142,29,,,0,115,,1143,29,,,0,100,,1144,29,,,0,100,,1145,29,,,0
800,'100011',746,,2819,29,,,0,100,,2820,29,,,0,100,,2821,29,,,0,100,,2822,29,,,0,100,,2823,29,,,0,155,,2824,29,,,0,100,,2825,29,,,0,100,,2826,29,,,0,100,,2827,29,,,0,115,,2828,29,,,0,100,,2829,29,,,0,100,,2830,29,,,0,100,,2831,29,,,0
800,'100012',746,,2832,29,,,0,100,,2833,29,,,0,100,,2834,29,,,0,100,,2835,29,,,0,100,,2836,29,,,0,155,,2837,29,,,0,100,,2838,29,,,0,100,,2839,29,,,0,100,,2840,29,,,0,115,,2841,29,,,0,100,,2842,29,,,0,100,,2843,29,,,0
800,'100013',610,,2859,29,,,0,30,,2844,29,,,0,70,,2860,29,,,0,30,,2845,29,,,0,70,,2861,29,,,0,40,,2862,29,,,0,69,,2846,29,,,0,30,,2870,29,,,0,70,,2847,29,,,0,30,,2871,29,,,0,70,,2848,29,,,0,30,,2872,29,,,0,70,,2849,29,,,0,82,,2873,29,,,0,35,,2850,29,,,0,75,,2863,29,,,0,35,,2851,29,,,0,75,,2852,29,,,0,35,,2864,29,,,0,75,,2853,29,,,0,80,,2865,29,,,0,42,,2854,29,,,0,70,,2866,29,,,0,30,,2855,29,,,0,70,,2867,29,,,0,30,,2856,29,,,0,85,,2868,29,,,0,70,,2857,29,,,0,30,,2869,29,,,0,70,,2858,29,,,0,28,,2875,29,,,0,68,,2874,29,,,0
800,'100014',610,,2891,29,,,0,30,,2876,29,,,0,70,,2892,29,,,0,30,,2877,29,,,0,70,,2893,29,,,0,40,,2894,29,,,0,69,,2878,29,,,0,30,,2902,29,,,0,70,,2879,29,,,0,30,,2903,29,,,0,70,,2880,29,,,0,30,,2904,29,,,0,70,,2881,29,,,0,82,,2905,29,,,0,35,,2882,29,,,0,75,,2895,29,,,0,35,,2883,29,,,0,75,,2884,29,,,0,35,,2896,29,,,0,75,,2885,29,,,0,80,,2897,29,,,0,42,,2886,29,,,0,70,,2898,29,,,0,30,,2887,29,,,0,70,,2899,29,,,0,30,,2888,29,,,0,85,,2900,29,,,0,70,,2889,29,,,0,30,,2901,29,,,0,70,,2890,29,,,0,28,,2907,29,,,0,68,,2906,29,,,0
800,'100015',746,,2908,29,,,0,100,,2909,29,,,0,100,,2910,29,,,0,100,,2911,29,,,0,100,,2912,29,,,0,155,,2913,29,,,0,100,,2914,29,,,0,100,,2915,29,,,0,100,,2916,29,,,0,115,,2917,29,,,0,100,,2918,29,,,0,100,,2919,29,,,0
5000,'100009',759,,1358,29,,,0
5000,'100013',759,,3162,29,,,0
5100,'100009',756,,1361,29,0,5 28,0
5100,'100013',756,,3165,29,0,5 28,0
5300,'100009',822,,1367,42,,,0
5300,'100013',822,,3171,42,,,0
5301,'100009',1554,,1369,35,,,0
5301,'100013',1554,,3173,35,,,0
