509,'1476884',817,,519,,,0
509,'1476885',917,,520,,,0
509,'1476886',1017,,521,,,0
509,'1476887',1117,,522,,,0
509,'1476888',1217,,523,,,0
509,'1476889',1332,,524,,,0
509,'1476890',1432,,525,,,0
509,'1476891',1532,,526,,,0
509,'1476892',1647,,527,,,0
509,'1476893',1747,,528,,,0
509,'1476894',1847,,529,,,0
509,'1477372',609,,530,,,0
509,'1477373',709,,531,,,0
509,'1477374',809,,532,,,0
509,'1477375',849,,533,,,0
509,'1477376',949,,534,,,0
509,'1477377',1049,,535,,,0
509,'1477378',1149,,536,,,0
509,'1477379',1301,,537,,,0
509,'1477380',1411,,538,,,0
509,'1477381',1521,,539,,,0
509,'1477382',1631,,540,,,0
509,'1477383',1711,,541,,,0
509,'1477384',1822,,542,,,0
509,'1477385',1922,,543,,,0
509,'1477386',2037,,544,,,0
509,'1477387',2137,,545,,,0
509,'1477388',639,,546,,,0
509,'1477389',739,,547,,,0
509,'1477390',1446,,548,,,0
509,'1477391',1556,,549,,,0
509,'1477392',1752,,550,,,0
509,'1477393',1852,,551,,,0
509,'1477394',1952,,552,,,0
509,'1477395',2107,,553,,,0
509,'1477396',2207,,554,,,0
509,'1477397',919,,555,,,0
509,'1477398',1336,,556,,,0
509,'1477399',1119,,557,,,0
509,'1477400',1019,,558,,,0
509,'1477401',1219,,559,,,0
509,'1477402',2237,,560,,,0
509,'1477403',2307,,561,,,0
509,'1477735',817,,562,,,0
509,'1477736',917,,563,,,0
509,'1477737',1017,,564,,,0
509,'1477738',1117,,565,,,0
509,'1477739',1217,,566,,,0
509,'1477740',1332,,567,,,0
509,'1477741',1432,,568,,,0
509,'1477742',1532,,569,,,0
509,'1477743',1647,,570,,,0
509,'1477744',1747,,571,,,0
509,'1477745',1847,,572,,,0
