500,'100012',805,,3916,9,0,12 3 13,0,100,,3917,9,0,12 3 13,0,100,,3918,9,0,12 3 13,0,100,,3919,9,0,12 3 13,0,100,,3920,9,0,12 3 13,0,115,,3921,9,0,12 3 13,0,100,,3922,9,0,12 3 13,0,100,,3923,9,0,12 3 13,0,115,,3924,9,0,12 3 13,0,100,,3925,9,0,12 3 13,0,100,,3926,9,0,12 3 13,0
500,'100013',805,,3927,9,0,12 3 13,0,100,,3928,9,0,12 3 13,0,100,,3929,9,0,12 3 13,0,100,,3930,9,0,12 3 13,0,100,,3931,9,0,12 3 13,0,115,,3932,9,0,12 3 13,0,100,,3933,9,0,12 3 13,0,100,,3934,9,0,12 3 13,0,115,,3935,9,0,12 3 13,0,100,,3936,9,0,12 3 13,0,100,,3937,9,0,12 3 13,0
500,'100014',557,,3938,9,0,12 3 13,0,70,,3954,9,0,12 3 13,0,30,,3939,9,0,12 3 13,0,70,,3955,9,0,12 3 13,0,30,,3940,9,0,12 3 13,0,80,,3941,9,0,12 3 13,0,70,,3963,9,0,12 3 13,0,30,,3942,9,0,12 3 13,0,70,,3966,9,0,12 3 13,0,30,,3943,9,0,12 3 13,0,70,,3965,9,0,12 3 13,0,30,,3944,9,0,12 3 13,0,70,,3967,9,0,12 3 13,0,40,,3945,9,0,12 3 13,0,75,,3964,9,0,12 3 13,0,35,,3946,9,0,12 3 13,0,75,,3956,9,0,12 3 13,0,75,,3947,9,0,12 3 13,0,35,,3957,9,0,12 3 13,0,75,,3948,9,0,12 3 13,0,40,,3949,9,0,12 3 13,0,83,,3958,9,0,12 3 13,0,70,,3950,9,0,12 3 13,0,30,,3959,9,0,12 3 13,0,70,,3951,9,0,12 3 13,0,30,,3960,9,0,12 3 13,0,85,,3952,9,0,12 3 13,0,30,,3961,9,0,12 3 13,0,70,,3953,9,0,12 3 13,0,30,,3962,9,0,12 3 13,0,70,,3968,9,0,12 3 13,0,30,,3969,9,0,12 3 13,0
700,'100012',804,,4029,5,0,24 3 25,0,100,,4030,5,0,24 3 25,0,100,,4031,5,0,24 3 25,0,100,,4032,5,0,24 3 25,0,100,,4033,5,0,24 3 25,0,115,,4034,5,0,24 3 25,0,100,,4035,5,0,24 3 25,0,100,,4036,5,0,24 3 25,0,115,,4037,5,0,24 3 25,0,100,,4038,5,0,24 3 25,0,100,,4039,5,0,24 3 25,0
700,'100013',804,,4040,5,0,24 3 25,0,100,,4041,5,0,24 3 25,0,100,,4042,5,0,24 3 25,0,100,,4043,5,0,24 3 25,0,100,,4044,5,0,24 3 25,0,115,,4045,5,0,24 3 25,0,100,,4046,5,0,24 3 25,0,100,,4047,5,0,24 3 25,0,115,,4048,5,0,24 3 25,0,100,,4049,5,0,24 3 25,0,100,,4050,5,0,24 3 25,0
700,'100014',526,,4051,5,0,24 3 25,0,30,,4061,5,0,24 3 25,0,70,,4052,5,0,24 3 25,0,18,,4079,5,0,24 3 25,0,12,,4062,5,0,24 3 25,0,70,,4053,5,0,24 3 25,0,30,,4063,5,0,24 3 25,0,80,,4072,5,0,24 3 25,0,70,,4054,5,0,24 3 25,0,30,,4073,5,0,24 3 25,0,70,,4055,5,0,24 3 25,0,30,,4080,5,0,24 3 25,0,70,,4056,5,0,24 3 25,0,30,,4081,5,0,24 3 25,0,70,,4057,5,0,24 3 25,0,38,,4082,5,0,24 3 25,0,75,,4058,5,0,24 3 25,0,35,,4064,5,0,24 3 25,0,75,,4059,5,0,24 3 25,0,75,,4065,5,0,24 3 25,0,35,,4060,5,0,24 3 25,0,75,,4066,5,0,24 3 25,0,40,,4067,5,0,24 3 25,0,85,,4074,5,0,24 3 25,0,70,,4068,5,0,24 3 25,0,30,,4075,5,0,24 3 25,0,70,,4069,5,0,24 3 25,0,30,,4076,5,0,24 3 25,0,85,,4070,5,0,24 3 25,0,30,,4077,5,0,24 3 25,0,70,,4071,5,0,24 3 25,0,30,,4078,5,0,24 3 25,0,70,,4083,5,0,24 3 25,0,30,,4084,5,0,24 3 25,0
1000900,'100012',736,,4281,6,,,0,80,,4282,6,,,0,40,,4283,6,,,0,80,,4284,6,,,0,80,,4285,6,,,0,40,,4286,6,,,0,80,,4287,6,,,0,85,,4288,6,,,0,80,,4289,6,,,0,40,,4290,6,,,0,80,,4291,6,,,0,80,,4292,6,,,0,40,,4293,6,,,0,80,,4294,6,,,0,85,,4295,6,,,0,40,,4296,6,,,0,80,,4297,6,,,0,80,,4298,6,,,0
1000900,'100013',736,,4299,6,,,0,80,,4300,6,,,0,40,,4301,6,,,0,80,,4302,6,,,0,80,,4303,6,,,0,40,,4304,6,,,0,80,,4305,6,,,0,85,,4306,6,,,0,80,,4307,6,,,0,40,,4308,6,,,0,80,,4309,6,,,0,80,,4310,6,,,0,40,,4311,6,,,0,80,,4312,6,,,0,85,,4313,6,,,0,40,,4314,6,,,0,80,,4315,6,,,0,80,,4316,6,,,0
1000900,'100014',522,,4327,6,,,0,30,,4328,6,,,0,70,,4329,6,,,0,30,,4330,6,,,0,70,,4331,6,,,0,30,,4332,6,,,0,62,,4333,6,,,0,28,,4334,6,,,0,75,,4335,6,,,0,20,,4336,6,,,0,70,,4337,6,,,0,30,,4338,6,,,0,70,,4339,6,,,0,30,,4340,6,,,0,70,,4341,6,,,0,30,,4342,6,,,0,70,,4343,6,,,0,30,,4344,6,,,0,71,,4345,6,,,0,30,,4346,6,,,0,70,,4347,6,,,0,28,,4348,6,,,0,72,,4349,6,,,0,30,,4350,6,,,0,18,,4351,6,,,0,85,,4320,6,,,0,70,,4321,6,,,0,30,,4324,6,,,0,70,,4317,6,,,0,30,,4319,6,,,0,83,,4325,6,,,0,85,,4323,6,,,0,35,,4322,6,,,0,75,,4326,6,,,0,35,,4318,6,,,0
2000900,'100012',756,,4352,6,,,0,80,,4353,6,,,0,80,,4354,6,,,0,40,,4355,6,,,0,80,,4356,6,,,0,80,,4357,6,,,0,40,,4358,6,,,0,80,,4359,6,,,0,85,,4360,6,,,0,80,,4361,6,,,0,40,,4362,6,,,0,80,,4363,6,,,0,85,,4364,6,,,0,40,,4365,6,,,0,80,,4366,6,,,0,80,,4367,6,,,0,40,,4368,6,,,0
2000900,'100013',756,,4369,6,,,0,80,,4370,6,,,0,80,,4371,6,,,0,40,,4372,6,,,0,80,,4373,6,,,0,80,,4374,6,,,0,40,,4375,6,,,0,80,,4376,6,,,0,85,,4377,6,,,0,80,,4378,6,,,0,40,,4379,6,,,0,80,,4380,6,,,0,85,,4381,6,,,0,40,,4382,6,,,0,80,,4383,6,,,0,80,,4384,6,,,0,40,,4385,6,,,0
2000900,'100014',546,,4386,6,,,0,60,,4387,6,,,0,30,,4388,6,,,0,70,,4389,6,,,0,30,,4390,6,,,0,20,,4391,6,,,0,80,,4392,6,,,0,22,,4417,6,,,0,68,,4393,6,,,0,30,,4394,6,,,0,60,,4395,6,,,0,30,,4396,6,,,0,70,,4397,6,,,0,30,,4398,6,,,0,70,,4399,6,,,0,30,,4400,6,,,0,70,,4401,6,,,0,30,,4402,6,,,0,71,,4403,6,,,0,31,,4404,6,,,0,70,,4405,6,,,0,34,,4406,6,,,0,64,,4407,6,,,0,32,,4408,6,,,0,78,,4409,6,,,0,30,,4410,6,,,0,70,,4411,6,,,0,30,,4412,6,,,0,70,,4413,6,,,0,26,,4414,6,,,0,72,,4415,6,,,0,34,,4416,6,,,0,85,,4418,6,,,0,75,,4419,6,,,0,36,,4420,6,,,0
