109,'1477039',823,,13,0,33,0
109,'1477040',923,,14,0,33,0
109,'1477041',1023,,15,0,33,0
109,'1477042',1123,,16,0,33,0
109,'1477043',1223,,17,0,33,0
109,'1477044',1323,,18,0,33,0
109,'1477045',1423,,19,0,33,0
109,'1477046',1523,,20,0,33,0
109,'1477047',1623,,21,0,33,0
109,'1477048',1723,,22,0,33,0
109,'1477049',1823,,23,0,33,0
109,'1477050',1923,,24,0,33,0
109,'1477051',846,,25,0,33,0
109,'1477052',546,,26,0,33,0
109,'1477053',944,,27,0,33,0
109,'1477054',746,,28,0,33,0
109,'1477055',646,,29,0,33,0
109,'1477061',626,,35,0,33,0
109,'1477062',726,,36,0,33,0
109,'1477063',826,,37,0,33,0
109,'1477064',924,,38,0,33,0
109,'1477065',1024,,39,0,33,0
109,'1477066',1124,,40,0,33,0
109,'1477067',1225,,41,0,33,0
109,'1477068',1325,,42,0,33,0
109,'1477073',1405,,47,0,33,0
109,'1477074',1505,,48,0,33,0
109,'1477075',1605,,49,0,33,0
109,'1477076',1705,,50,0,33,0
109,'1477077',1803,,51,0,33,0
109,'1477078',1903,,52,0,33,0
109,'1477079',2003,,53,0,33,0
109,'1477087',1054,,61,0,33,0
109,'1477088',1154,,62,0,33,0
109,'1477089',1255,,63,0,33,0
109,'1477098',2111,,72,0,33,0
109,'1477099',606,,73,0,33,0
109,'1477100',706,,74,0,33,0
109,'1477101',806,,75,0,33,0
109,'1477102',906,,76,0,33,0
109,'1477107',2041,,81,0,33,0
109,'1477108',1943,,82,0,33,0
109,'1477109',1843,,83,0,33,0
109,'1477110',1743,,84,0,33,0
109,'1477111',1645,,85,0,33,0
109,'1477112',1545,,86,0,33,0
109,'1477124',1923,,98,0,33,0
109,'1477125',1525,,99,0,33,0
109,'1477126',1625,,100,0,33,0
109,'1477127',1723,,101,0,33,0
109,'1477128',1823,,102,0,33,0
109,'1477130',1435,,104,0,33,0
109,'1477131',2141,,105,0,33,0
109,'1477132',2211,,106,0,33,0
109,'1477133',2310,,107,0,33,0
109,'1477137',2240,,111,0,33,0
109,'1477612',823,,112,0,33,0
109,'1477614',923,,114,0,33,0
109,'1477617',1023,,117,0,33,0
109,'1477618',1123,,118,0,33,0
109,'1477619',1223,,119,0,33,0
109,'1477622',1423,,122,0,33,0
109,'1477625',1323,,125,0,33,0
109,'1477628',1623,,128,0,33,0
109,'1477629',1523,,129,0,33,0
109,'1477630',1723,,130,0,33,0
109,'1477632',1823,,132,0,33,0
109,'1477635',1923,,135,0,33,0
109,'1477636',853,,136,0,33,0
109,'1477637',953,,137,0,33,0
109,'1477638',1053,,138,0,33,0
109,'1477639',1153,,139,0,33,0
109,'1477640',1253,,140,0,33,0
109,'1477641',1353,,141,0,33,0
109,'1477642',1453,,142,0,33,0
109,'1477643',1553,,143,0,33,0
109,'1477644',1653,,144,0,33,0
109,'1477645',1753,,145,0,33,0
109,'1477646',1853,,146,0,33,0
109,'1477658',753,,158,0,33,0
