200,'100011',717,,1902,10,,,0,30,,1901,10,,,0,70,,1880,10,,,0,30,,1879,10,,,0,70,,1881,10,,,0,30,,1882,10,,,0,70,,1883,10,,,0,30,,1884,10,,,0,70,,1885,10,,,0,30,,1886,10,,,0,85,,1887,10,,,0,70,,1888,10,,,0,30,,1889,10,,,0,70,,1890,10,,,0,30,,1891,10,,,0,70,,1892,10,,,0,30,,1893,10,,,0,85,,1894,10,,,0,30,,1895,10,,,0,70,,1896,10,,,0,30,,1897,10,,,0,70,,1898,10,,,0,30,,1899,10,,,0,70,,1900,10,,,0,30,,1903,10,,,0
200,'100012',717,,1927,10,,,0,30,,1926,10,,,0,70,,1905,10,,,0,30,,1904,10,,,0,70,,1906,10,,,0,30,,1907,10,,,0,70,,1908,10,,,0,30,,1909,10,,,0,70,,1910,10,,,0,30,,1911,10,,,0,85,,1912,10,,,0,70,,1913,10,,,0,30,,1914,10,,,0,70,,1915,10,,,0,30,,1916,10,,,0,70,,1917,10,,,0,30,,1918,10,,,0,85,,1919,10,,,0,30,,1920,10,,,0,70,,1921,10,,,0,30,,1922,10,,,0,70,,1923,10,,,0,30,,1924,10,,,0,70,,1925,10,,,0
200,'100013',539,,1928,10,,,0,70,,1937,10,,,0,30,,1929,10,,,0,70,,1938,10,,,0,30,,1930,10,,,0,70,,1939,10,,,0,40,,1931,10,,,0,70,,1940,10,,,0,30,,1932,10,,,0,70,,1941,10,,,0,30,,1933,10,,,0,70,,1942,10,,,0,30,,1934,10,,,0,70,,1943,10,,,0,82,,1935,10,,,0,35,,1944,10,,,0,75,,1936,10,,,0,35,,1945,10,,,0,75,,1953,10,,,0,35,,1946,10,,,0,75,,1954,10,,,0,80,,1947,10,,,0,41,,1948,10,,,0,70,,1955,10,,,0,30,,1949,10,,,0,70,,1956,10,,,0,30,,1950,10,,,0,85,,1957,10,,,0,70,,1951,10,,,0,30,,1958,10,,,0,70,,1952,10,,,0,30,,1959,10,,,0,70,,1960,10,,,0
200,'100014',539,,1961,10,,,0,70,,1970,10,,,0,30,,1962,10,,,0,70,,1971,10,,,0,30,,1963,10,,,0,70,,1972,10,,,0,40,,1964,10,,,0,70,,1973,10,,,0,30,,1965,10,,,0,70,,1974,10,,,0,30,,1966,10,,,0,70,,1975,10,,,0,30,,1967,10,,,0,70,,1976,10,,,0,82,,1968,10,,,0,35,,1977,10,,,0,75,,1969,10,,,0,35,,1978,10,,,0,75,,1986,10,,,0,35,,1979,10,,,0,75,,1987,10,,,0,80,,1980,10,,,0,41,,1981,10,,,0,70,,1988,10,,,0,30,,1982,10,,,0,70,,1989,10,,,0,30,,1983,10,,,0,85,,1990,10,,,0,70,,1984,10,,,0,30,,1991,10,,,0,70,,1985,10,,,0,30,,1992,10,,,0,70,,1993,10,,,0
200,'100015',717,,2017,10,,,0,30,,1994,10,,,0,70,,1995,10,,,0,30,,1996,10,,,0,70,,1997,10,,,0,30,,1998,10,,,0,70,,1999,10,,,0,30,,2000,10,,,0,70,,2001,10,,,0,30,,2002,10,,,0,85,,2003,10,,,0,70,,2004,10,,,0,30,,2005,10,,,0,70,,2006,10,,,0,30,,2007,10,,,0,70,,2008,10,,,0,30,,2009,10,,,0,85,,2010,10,,,0,30,,2012,10,,,0,70,,2013,10,,,0,30,,2014,10,,,0,70,,2015,10,,,0,30,,2016,10,,,0,70,,2011,10,,,0
201,'100009',539,,413,29,0,5 6,0,70,,422,29,0,5 6,0,30,,414,29,0,5 6,0,70,,423,29,0,5 6,0,30,,415,29,0,5 6,0,70,,424,29,0,5 6,0,40,,416,29,0,5 6,0,70,,425,29,0,5 6,0,30,,417,29,0,5 6,0,70,,426,29,0,5 6,0,30,,418,29,0,5 6,0,70,,427,29,0,5 6,0,30,,419,29,0,5 6,0,70,,428,29,0,5 6,0,82,,420,29,0,5 6,0,35,,429,29,0,5 6,0,75,,421,29,0,5 6,0,35,,430,29,0,5 6,0,75,,438,29,0,5 6,0,35,,431,29,0,5 6,0,75,,439,29,0,5 6,0,80,,432,29,0,5 6,0,41,,433,29,0,5 6,0,70,,440,29,0,5 6,0,30,,434,29,0,5 6,0,70,,441,29,0,5 6,0,30,,435,29,0,5 6,0,85,,442,29,0,5 6,0,70,,436,29,0,5 6,0,30,,443,29,0,5 6,0,70,,437,29,0,5 6,0,30,,444,29,0,5 6,0,70,,445,29,0,5 6,0,30,,446,29,0,5 6,0
201,'100010',717,,470,29,0,5 6,0,30,,469,29,0,5 6,0,70,,448,29,0,5 6,0,30,,447,29,0,5 6,0,70,,449,29,0,5 6,0,30,,450,29,0,5 6,0,70,,451,29,0,5 6,0,30,,452,29,0,5 6,0,70,,453,29,0,5 6,0,30,,454,29,0,5 6,0,70,,455,29,0,5 6,0,85,,456,29,0,5 6,0,30,,457,29,0,5 6,0,70,,458,29,0,5 6,0,30,,459,29,0,5 6,0,70,,460,29,0,5 6,0,30,,461,29,0,5 6,0,70,,462,29,0,5 6,0,45,,463,29,0,5 6,0,70,,464,29,0,5 6,0,30,,465,29,0,5 6,0,70,,466,29,0,5 6,0,30,,467,29,0,5 6,0,70,,468,29,0,5 6,0
5101,'100009',1458,,1362,4,0,7 8 9 10 11,0
5101,'100013',1458,,3166,4,0,7 8 9 10 11,0
1005300,'100009',802,,1513,21,,,0
1005300,'100013',802,,3301,21,,,0
1005300,'100014',802,,3302,21,,,0
