5400,'100009',756,,1370,50,0,7 18,0
5400,'100013',756,,3174,50,0,7 18,0
5401,'100009',1444,,1371,7,0,7 18,0
5401,'100013',1444,,3175,7,0,7 18,0
2000900,'100009',556,,1550,15,,,0,60,,1551,15,,,0,30,,1552,15,,,0,70,,1553,15,,,0,30,,1554,15,,,0,60,,1555,15,,,0,40,,1556,15,,,0,62,,1581,15,,,0,28,,1557,15,,,0,70,,1558,15,,,0,20,,1559,15,,,0,30,,1560,15,,,0,70,,1561,15,,,0,30,,1562,15,,,0,70,,1563,15,,,0,30,,1564,15,,,0,70,,1565,15,,,0,30,,1566,15,,,0,72,,1567,15,,,0,31,,1568,15,,,0,70,,1569,15,,,0,74,,1570,15,,,0,24,,1571,15,,,0,32,,1572,15,,,0,78,,1573,15,,,0,70,,1574,15,,,0,30,,1575,15,,,0,70,,1576,15,,,0,30,,1577,15,,,0,65,,1578,15,,,0,32,,1579,15,,,0,74,,1580,15,,,0,45,,1582,15,,,0,75,,1583,15,,,0,76,,1584,15,,,0
2000900,'100010',806,,1585,15,,,0,40,,1586,15,,,0,80,,1587,15,,,0,80,,1588,15,,,0,40,,1589,15,,,0,80,,1590,15,,,0,80,,1591,15,,,0,40,,1592,15,,,0,85,,1593,15,,,0,80,,1594,15,,,0,41,,1595,15,,,0,80,,1596,15,,,0,85,,1597,15,,,0,40,,1598,15,,,0,80,,1599,15,,,0,80,,1600,15,,,0,40,,1601,15,,,0
2000900,'100011',806,,3305,15,,,0,40,,3306,15,,,0,80,,3307,15,,,0,80,,3308,15,,,0,40,,3309,15,,,0,80,,3310,15,,,0,80,,3311,15,,,0,40,,3312,15,,,0,85,,3313,15,,,0,80,,3314,15,,,0,41,,3315,15,,,0,80,,3316,15,,,0,85,,3317,15,,,0,40,,3318,15,,,0,80,,3319,15,,,0,80,,3320,15,,,0,40,,3321,15,,,0,80,,3323,15,,,0,80,,3322,15,,,0
2000900,'100012',806,,3324,15,,,0,40,,3325,15,,,0,80,,3326,15,,,0,80,,3327,15,,,0,40,,3328,15,,,0,80,,3329,15,,,0,80,,3330,15,,,0,40,,3331,15,,,0,85,,3332,15,,,0,80,,3333,15,,,0,41,,3334,15,,,0,80,,3335,15,,,0,85,,3336,15,,,0,40,,3337,15,,,0,80,,3338,15,,,0,80,,3339,15,,,0,40,,3340,15,,,0
2000900,'100013',556,,3341,15,,,0,60,,3342,15,,,0,30,,3343,15,,,0,70,,3344,15,,,0,30,,3345,15,,,0,60,,3346,15,,,0,40,,3347,15,,,0,62,,3372,15,,,0,28,,3348,15,,,0,70,,3349,15,,,0,20,,3350,15,,,0,30,,3351,15,,,0,70,,3352,15,,,0,30,,3353,15,,,0,70,,3354,15,,,0,30,,3355,15,,,0,70,,3356,15,,,0,30,,3357,15,,,0,72,,3358,15,,,0,31,,3359,15,,,0,70,,3360,15,,,0,74,,3361,15,,,0,24,,3362,15,,,0,32,,3363,15,,,0,78,,3364,15,,,0,70,,3365,15,,,0,30,,3366,15,,,0,70,,3367,15,,,0,30,,3368,15,,,0,65,,3369,15,,,0,32,,3370,15,,,0,74,,3371,15,,,0,45,,3373,15,,,0,75,,3374,15,,,0,76,,3375,15,,,0
2000900,'100014',556,,3376,15,,,0,60,,3377,15,,,0,30,,3378,15,,,0,70,,3379,15,,,0,30,,3380,15,,,0,60,,3381,15,,,0,40,,3382,15,,,0,62,,3407,15,,,0,28,,3383,15,,,0,70,,3384,15,,,0,20,,3385,15,,,0,30,,3386,15,,,0,70,,3387,15,,,0,30,,3388,15,,,0,70,,3389,15,,,0,30,,3390,15,,,0,70,,3391,15,,,0,30,,3392,15,,,0,72,,3393,15,,,0,31,,3394,15,,,0,70,,3395,15,,,0,74,,3396,15,,,0,24,,3397,15,,,0,32,,3398,15,,,0,78,,3399,15,,,0,70,,3400,15,,,0,30,,3401,15,,,0,70,,3402,15,,,0,30,,3403,15,,,0,65,,3404,15,,,0,32,,3405,15,,,0,74,,3406,15,,,0,45,,3408,15,,,0,75,,3409,15,,,0,76,,3410,15,,,0
2000900,'100015',806,,3411,15,,,0,40,,3412,15,,,0,80,,3413,15,,,0,80,,3414,15,,,0,40,,3415,15,,,0,80,,3416,15,,,0,80,,3417,15,,,0,40,,3418,15,,,0,85,,3419,15,,,0,80,,3420,15,,,0,41,,3421,15,,,0,80,,3422,15,,,0,85,,3423,15,,,0,40,,3424,15,,,0,80,,3425,15,,,0,80,,3426,15,,,0,40,,3427,15,,,0
