809,'1476849',735,,688,0,18 3 19 5 20,0
809,'1476850',835,,689,0,18 3 19 5 20,0
809,'1476851',935,,690,0,18 3 19 5 20,0
809,'1476852',1035,,691,0,18 3 19 5 20,0
809,'1476853',1135,,692,0,18 3 19 5 20,0
809,'1476854',1250,,693,0,18 3 19 5 20,0
809,'1476855',1350,,694,0,18 3 19 5 20,0
809,'1476856',1450,,695,0,18 3 19 5 20,0
809,'1476857',1550,,696,0,18 3 19 5 20,0
809,'1476858',1705,,697,0,18 3 19 5 20,0
809,'1476859',1805,,698,0,18 3 19 5 20,0
809,'1476860',1905,,699,0,18 3 19 5 20,0
809,'1477473',627,,700,0,18 3 19 5 20,0
809,'1477474',727,,701,0,18 3 19 5 20,0
809,'1477475',907,,702,0,18 3 19 5 20,0
809,'1477476',1007,,703,0,18 3 19 5 20,0
809,'1477477',1107,,704,0,18 3 19 5 20,0
809,'1477478',1207,,705,0,18 3 19 5 20,0
809,'1477479',1321,,706,0,18 3 19 5 20,0
809,'1477480',1431,,707,0,18 3 19 5 20,0
809,'1477481',1506,,708,0,18 3 19 5 20,0
809,'1477482',1616,,709,0,18 3 19 5 20,0
809,'1477483',1740,,710,0,18 3 19 5 20,0
809,'1477484',1840,,711,0,18 3 19 5 20,0
809,'1477485',1940,,712,0,18 3 19 5 20,0
809,'1477486',2055,,713,0,18 3 19 5 20,0
809,'1477487',2155,,714,0,18 3 19 5 20,0
809,'1477488',557,,715,0,18 3 19 5 20,0
809,'1477489',657,,716,0,18 3 19 5 20,0
809,'1477490',757,,717,0,18 3 19 5 20,0
809,'1477491',837,,718,0,18 3 19 5 20,0
809,'1477492',1356,,719,0,18 3 19 5 20,0
809,'1477493',1541,,720,0,18 3 19 5 20,0
809,'1477494',1656,,721,0,18 3 19 5 20,0
809,'1477495',1810,,722,0,18 3 19 5 20,0
809,'1477496',1910,,723,0,18 3 19 5 20,0
809,'1477497',2025,,724,0,18 3 19 5 20,0
809,'1477498',2125,,725,0,18 3 19 5 20,0
809,'1477499',937,,726,0,18 3 19 5 20,0
809,'1477500',1037,,727,0,18 3 19 5 20,0
809,'1477501',1137,,728,0,18 3 19 5 20,0
809,'1477502',1246,,729,0,18 3 19 5 20,0
809,'1477503',2253,,730,0,18 3 19 5 20,0
809,'1477504',2225,,731,0,18 3 19 5 20,0
809,'1477700',735,,732,0,18 3 19 5 20,0
809,'1477701',835,,733,0,18 3 19 5 20,0
809,'1477702',935,,734,0,18 3 19 5 20,0
809,'1477703',1035,,735,0,18 3 19 5 20,0
809,'1477704',1135,,736,0,18 3 19 5 20,0
809,'1477705',1250,,737,0,18 3 19 5 20,0
809,'1477706',1350,,738,0,18 3 19 5 20,0
809,'1477707',1450,,739,0,18 3 19 5 20,0
809,'1477708',1550,,740,0,18 3 19 5 20,0
809,'1477709',1705,,741,0,18 3 19 5 20,0
809,'1477710',1805,,742,0,18 3 19 5 20,0
809,'1477711',1905,,743,0,18 3 19 5 20,0
