600,'100009',534,,931,18,,,0,70,,921,18,,,0,18,,949,18,,,0,12,,932,18,,,0,70,,922,18,,,0,17,,950,18,,,0,13,,933,18,,,0,70,,923,18,,,0,39,,924,18,,,0,70,,941,18,,,0,30,,925,18,,,0,70,,942,18,,,0,30,,926,18,,,0,70,,951,18,,,0,30,,927,18,,,0,70,,952,18,,,0,41,,928,18,,,0,75,,953,18,,,0,75,,929,18,,,0,35,,934,18,,,0,75,,930,18,,,0,35,,943,18,,,0,75,,935,18,,,0,80,,944,18,,,0,42,,936,18,,,0,70,,945,18,,,0,30,,937,18,,,0,70,,946,18,,,0,30,,938,18,,,0,86,,947,18,,,0,70,,939,18,,,0,30,,948,18,,,0,70,,940,18,,,0,30,,955,18,,,0,70,,954,18,,,0
600,'100010',741,,956,18,,,0,100,,957,18,,,0,100,,958,18,,,0,100,,959,18,,,0,100,,960,18,,,0,115,,961,18,,,0,100,,962,18,,,0,100,,963,18,,,0,100,,964,18,,,0,155,,965,18,,,0,100,,966,18,,,0,100,,967,18,,,0
600,'100011',741,,2610,18,,,0,100,,2611,18,,,0,100,,2612,18,,,0,100,,2613,18,,,0,100,,2614,18,,,0,115,,2615,18,,,0,100,,2616,18,,,0,100,,2617,18,,,0,100,,2618,18,,,0,155,,2619,18,,,0,100,,2620,18,,,0,100,,2621,18,,,0,100,,2622,18,,,0
600,'100012',741,,2623,18,,,0,100,,2624,18,,,0,100,,2625,18,,,0,100,,2626,18,,,0,100,,2627,18,,,0,115,,2628,18,,,0,100,,2629,18,,,0,100,,2630,18,,,0,100,,2631,18,,,0,155,,2632,18,,,0,100,,2633,18,,,0,100,,2634,18,,,0
600,'100013',534,,2645,18,,,0,70,,2635,18,,,0,18,,2663,18,,,0,12,,2646,18,,,0,70,,2636,18,,,0,17,,2664,18,,,0,13,,2647,18,,,0,70,,2637,18,,,0,39,,2638,18,,,0,70,,2655,18,,,0,30,,2639,18,,,0,70,,2656,18,,,0,30,,2640,18,,,0,70,,2665,18,,,0,30,,2641,18,,,0,70,,2666,18,,,0,41,,2642,18,,,0,75,,2667,18,,,0,75,,2643,18,,,0,35,,2648,18,,,0,75,,2644,18,,,0,35,,2657,18,,,0,75,,2649,18,,,0,80,,2658,18,,,0,42,,2650,18,,,0,70,,2659,18,,,0,30,,2651,18,,,0,70,,2660,18,,,0,30,,2652,18,,,0,86,,2661,18,,,0,70,,2653,18,,,0,30,,2662,18,,,0,70,,2654,18,,,0,30,,2669,18,,,0,70,,2668,18,,,0
600,'100014',534,,2680,18,,,0,70,,2670,18,,,0,18,,2698,18,,,0,12,,2681,18,,,0,70,,2671,18,,,0,17,,2699,18,,,0,13,,2682,18,,,0,70,,2672,18,,,0,39,,2673,18,,,0,70,,2690,18,,,0,30,,2674,18,,,0,70,,2691,18,,,0,30,,2675,18,,,0,70,,2700,18,,,0,30,,2676,18,,,0,70,,2701,18,,,0,41,,2677,18,,,0,75,,2702,18,,,0,75,,2678,18,,,0,35,,2683,18,,,0,75,,2679,18,,,0,35,,2692,18,,,0,75,,2684,18,,,0,80,,2693,18,,,0,42,,2685,18,,,0,70,,2694,18,,,0,30,,2686,18,,,0,70,,2695,18,,,0,30,,2687,18,,,0,86,,2696,18,,,0,70,,2688,18,,,0,30,,2697,18,,,0,70,,2689,18,,,0,30,,2704,18,,,0,70,,2703,18,,,0
600,'100015',741,,2705,18,,,0,100,,2706,18,,,0,100,,2707,18,,,0,100,,2708,18,,,0,100,,2709,18,,,0,115,,2710,18,,,0,100,,2711,18,,,0,100,,2712,18,,,0,100,,2713,18,,,0,155,,2714,18,,,0,100,,2715,18,,,0,100,,2716,18,,,0
5000,'100009',744,,1358,10,0,7 8 9 10 11,0
5000,'100013',744,,3162,10,0,7 8 9 10 11,0
5001,'100009',1448,,1359,19,,,0,57,,1360,16,,,0
5001,'100013',1448,,3163,19,,,0,57,,3164,16,,,0
