5300,'100009',830,,1367,53,4,,0
5300,'100013',830,,3171,53,4,,0
5301,'100009',1525,,1369,1,,,0
5301,'100013',1525,,3173,1,,,0
1000900,'100009',534,,1417,17,,,0,70,,1418,17,,,0,30,,1419,17,,,0,70,,1420,17,,,0,30,,1421,17,,,0,70,,1422,17,,,0,22,,1423,17,,,0,28,,1424,17,,,0,75,,1425,17,,,0,20,,1426,17,,,0,70,,1427,17,,,0,30,,1428,17,,,0,70,,1429,17,,,0,30,,1430,17,,,0,70,,1431,17,,,0,30,,1432,17,,,0,70,,1433,17,,,0,30,,1434,17,,,0,72,,1435,17,,,0,30,,1436,17,,,0,74,4,1437,17,,,0,24,,1438,17,,,0,72,,1439,17,,,0,30,,1440,17,,,0,58,,1441,17,,,0,45,,1410,17,,,0,70,,1411,17,,,0,30,,1414,17,,,0,70,,1407,17,,,0,29,,1409,17,,,0,83,,1415,17,,,0,85,,1413,17,,,0,35,,1412,17,,,0,75,,1416,17,,,0,75,,1408,17,,,0
1000900,'100010',748,,1442,17,,,0,80,,1443,17,,,0,80,,1444,17,,,0,40,,1445,17,,,0,80,,1446,17,,,0,80,,1447,17,,,0,40,,1448,17,,,0,85,,1449,17,,,0,80,,1450,17,,,0,41,,1451,17,,,0,80,,1452,17,,,0,80,,1453,17,,,0,40,,1454,17,,,0,80,,1455,17,,,0,85,,1456,17,,,0,40,,1457,17,,,0,80,,1458,17,,,0,80,,1459,17,,,0
1000900,'100011',748,,3176,17,,,0,80,,3177,17,,,0,80,,3178,17,,,0,40,,3179,17,,,0,80,,3180,17,,,0,80,,3181,17,,,0,40,,3182,17,,,0,85,,3183,17,,,0,80,,3184,17,,,0,41,,3185,17,,,0,80,,3186,17,,,0,80,,3187,17,,,0,40,,3188,17,,,0,80,,3189,17,,,0,85,,3190,17,,,0,40,,3191,17,,,0,80,,3192,17,,,0,80,,3193,17,,,0,40,,3194,17,,,0
1000900,'100012',748,,3195,17,,,0,80,,3196,17,,,0,80,,3197,17,,,0,40,,3198,17,,,0,80,,3199,17,,,0,80,,3200,17,,,0,40,,3201,17,,,0,85,,3202,17,,,0,80,,3203,17,,,0,41,,3204,17,,,0,80,,3205,17,,,0,80,,3206,17,,,0,40,,3207,17,,,0,80,,3208,17,,,0,85,,3209,17,,,0,40,,3210,17,,,0,80,,3211,17,,,0,80,,3212,17,,,0
1000900,'100013',534,,3223,17,,,0,70,,3224,17,,,0,30,,3225,17,,,0,70,,3226,17,,,0,30,,3227,17,,,0,70,,3228,17,,,0,22,,3229,17,,,0,28,,3230,17,,,0,75,,3231,17,,,0,20,,3232,17,,,0,70,,3233,17,,,0,30,,3234,17,,,0,70,,3235,17,,,0,30,,3236,17,,,0,70,,3237,17,,,0,30,,3238,17,,,0,70,,3239,17,,,0,30,,3240,17,,,0,72,,3241,17,,,0,30,,3242,17,,,0,74,4,3243,17,,,0,24,,3244,17,,,0,72,,3245,17,,,0,30,,3246,17,,,0,58,,3247,17,,,0,45,,3216,17,,,0,70,,3217,17,,,0,30,,3220,17,,,0,70,,3213,17,,,0,29,,3215,17,,,0,83,,3221,17,,,0,85,,3219,17,,,0,35,,3218,17,,,0,75,,3222,17,,,0,75,,3214,17,,,0
1000900,'100014',534,,3258,17,,,0,70,,3259,17,,,0,30,,3260,17,,,0,70,,3261,17,,,0,30,,3262,17,,,0,70,,3263,17,,,0,22,,3264,17,,,0,28,,3265,17,,,0,75,,3266,17,,,0,20,,3267,17,,,0,70,,3268,17,,,0,30,,3269,17,,,0,70,,3270,17,,,0,30,,3271,17,,,0,70,,3272,17,,,0,30,,3273,17,,,0,70,,3274,17,,,0,30,,3275,17,,,0,72,,3276,17,,,0,30,,3277,17,,,0,74,4,3278,17,,,0,24,,3279,17,,,0,72,,3280,17,,,0,30,,3281,17,,,0,58,,3282,17,,,0,45,,3251,17,,,0,70,,3252,17,,,0,30,,3255,17,,,0,70,,3248,17,,,0,29,,3250,17,,,0,83,,3256,17,,,0,85,,3254,17,,,0,35,,3253,17,,,0,75,,3257,17,,,0,75,,3249,17,,,0
1000900,'100015',748,,3283,17,,,0,80,,3284,17,,,0,80,,3285,17,,,0,40,,3286,17,,,0,80,,3287,17,,,0,80,,3288,17,,,0,40,,3289,17,,,0,85,,3290,17,,,0,80,,3291,17,,,0,41,,3292,17,,,0,80,,3293,17,,,0,80,,3294,17,,,0,40,,3295,17,,,0,80,,3296,17,,,0,85,,3297,17,,,0,40,,3298,17,,,0,80,,3299,17,,,0,80,,3300,17,,,0
1005301,'100009',1516,,1514,19,4,,0
1005301,'100013',1516,,3303,19,4,,0
1005301,'100014',1516,,3304,19,4,,0
