309,'1476918',812,,320,,,0
309,'1476919',912,,321,,,0
309,'1476920',1012,,322,,,0
309,'1476921',1112,,323,,,0
309,'1476922',1212,,324,,,0
309,'1476923',1327,,325,,,0
309,'1476924',1427,,326,,,0
309,'1476925',1527,,327,,,0
309,'1476926',1627,,328,,,0
309,'1476927',1742,,329,,,0
309,'1476928',1842,,330,,,0
309,'1477301',536,,379,,,0
309,'1477302',606,,380,,,0
309,'1477303',636,,381,,,0
309,'1477304',706,,382,,,0
309,'1477305',736,,383,,,0
309,'1477306',806,,384,,,0
309,'1477307',836,,385,,,0
309,'1477308',621,,386,,,0
309,'1477309',816,,387,,,0
309,'1477310',916,,388,,,0
309,'1477311',1016,,389,,,0
309,'1477312',1116,,390,,,0
309,'1477313',1218,,391,,,0
309,'1477314',946,,392,,,0
309,'1477315',1046,,393,,,0
309,'1477316',1146,,394,,,0
309,'1477317',1248,,395,,,0
309,'1477318',1331,,396,,,0
309,'1477319',1406,,397,,,0
309,'1477320',1441,,398,,,0
309,'1477321',1442,,399,,,0
309,'1477322',1455,,400,,,0
309,'1477323',1516,,401,,,0
309,'1477324',1551,,402,,,0
309,'1477325',1556,,403,,,0
309,'1477326',1626,,404,,,0
309,'1477327',1701,,405,,,0
309,'1477328',1741,,406,,,0
309,'1477329',1819,,407,,,0
309,'1477330',1849,,408,,,0
309,'1477331',1919,,409,,,0
309,'1477332',1949,,410,,,0
309,'1477333',2019,,411,,,0
309,'1477334',2104,,412,,,0
309,'1477335',2134,,413,,,0
309,'1477336',2204,,414,,,0
309,'1477337',2234,,415,,,0
309,'1477554',812,,416,,,0
309,'1477555',912,,417,,,0
309,'1477556',1012,,418,,,0
309,'1477557',1112,,419,,,0
309,'1477558',1212,,420,,,0
309,'1477559',1427,,421,,,0
309,'1477560',1527,,422,,,0
309,'1477561',1627,,423,,,0
309,'1477562',1742,,424,,,0
309,'1477563',1842,,425,,,0
309,'1477564',1327,,426,,,0
