509,'1476884',822,,519,,,0
509,'1476885',922,,520,,,0
509,'1476886',1022,,521,,,0
509,'1476887',1122,,522,,,0
509,'1476888',1222,,523,,,0
509,'1476889',1337,,524,,,0
509,'1476890',1437,,525,,,0
509,'1476891',1537,,526,,,0
509,'1476892',1652,,527,,,0
509,'1476893',1752,,528,,,0
509,'1476894',1852,,529,,,0
509,'1477372',614,,530,,,0
509,'1477373',714,,531,,,0
509,'1477374',814,,532,,,0
509,'1477375',854,,533,,,0
509,'1477376',954,,534,,,0
509,'1477377',1054,,535,,,0
509,'1477378',1154,,536,,,0
509,'1477379',1306,,537,,,0
509,'1477380',1416,,538,,,0
509,'1477381',1526,,539,,,0
509,'1477382',1636,,540,,,0
509,'1477383',1716,,541,,,0
509,'1477384',1827,,542,,,0
509,'1477385',1927,,543,,,0
509,'1477386',2042,,544,,,0
509,'1477387',2142,,545,,,0
509,'1477388',644,,546,,,0
509,'1477389',744,,547,,,0
509,'1477390',1451,,548,,,0
509,'1477391',1601,,549,,,0
509,'1477392',1757,,550,,,0
509,'1477393',1857,,551,,,0
509,'1477394',1957,,552,,,0
509,'1477395',2112,,553,,,0
509,'1477396',2212,,554,,,0
509,'1477397',924,,555,,,0
509,'1477398',1341,,556,,,0
509,'1477399',1124,,557,,,0
509,'1477400',1024,,558,,,0
509,'1477401',1224,,559,,,0
509,'1477402',2242,,560,,,0
509,'1477403',2312,,561,,,0
509,'1477735',822,,562,,,0
509,'1477736',922,,563,,,0
509,'1477737',1022,,564,,,0
509,'1477738',1122,,565,,,0
509,'1477739',1222,,566,,,0
509,'1477740',1337,,567,,,0
509,'1477741',1437,,568,,,0
509,'1477742',1537,,569,,,0
509,'1477743',1652,,570,,,0
509,'1477744',1752,,571,,,0
509,'1477745',1852,,572,,,0
