700,'100009',536,,1014,21,0,24 3 25,0,70,,1024,21,0,24 3 25,0,30,,1015,21,0,24 3 25,0,18,,1042,21,0,24 3 25,0,52,,1025,21,0,24 3 25,0,30,,1016,21,0,24 3 25,0,70,,1026,21,0,24 3 25,0,40,,1035,21,0,24 3 25,0,70,,1017,21,0,24 3 25,0,30,,1036,21,0,24 3 25,0,70,,1018,21,0,24 3 25,0,30,,1043,21,0,24 3 25,0,70,,1019,21,0,24 3 25,0,30,,1044,21,0,24 3 25,0,70,,1020,21,0,24 3 25,0,41,,1045,21,0,24 3 25,0,75,,1021,21,0,24 3 25,0,75,,1027,21,0,24 3 25,0,35,,1022,21,0,24 3 25,0,75,,1028,21,0,24 3 25,0,35,,1023,21,0,24 3 25,0,75,,1029,21,0,24 3 25,0,80,,1030,21,0,24 3 25,0,42,,1037,21,0,24 3 25,0,70,,1031,21,0,24 3 25,0,30,,1038,21,0,24 3 25,0,70,,1032,21,0,24 3 25,0,30,,1039,21,0,24 3 25,0,86,,1033,21,0,24 3 25,0,70,,1040,21,0,24 3 25,0,30,,1034,21,0,24 3 25,0,70,,1041,21,0,24 3 25,0,30,,1046,21,0,24 3 25,0,70,,1047,21,0,24 3 25,0
700,'100010',814,,1048,21,0,24 3 25,0,100,,1049,21,0,24 3 25,0,100,,1050,21,0,24 3 25,0,100,,1051,21,0,24 3 25,0,100,,1052,21,0,24 3 25,0,115,,1053,21,0,24 3 25,0,100,,1054,21,0,24 3 25,0,100,,1055,21,0,24 3 25,0,115,,1056,21,0,24 3 25,0,100,,1057,21,0,24 3 25,0,100,,1058,21,0,24 3 25,0
700,'100011',814,,2717,21,0,24 3 25,0,100,,2718,21,0,24 3 25,0,100,,2719,21,0,24 3 25,0,100,,2720,21,0,24 3 25,0,100,,2721,21,0,24 3 25,0,115,,2722,21,0,24 3 25,0,100,,2723,21,0,24 3 25,0,100,,2724,21,0,24 3 25,0,115,,2725,21,0,24 3 25,0,100,,2726,21,0,24 3 25,0,100,,2727,21,0,24 3 25,0,100,,2728,21,0,24 3 25,0
700,'100012',814,,2729,21,0,24 3 25,0,100,,2730,21,0,24 3 25,0,100,,2731,21,0,24 3 25,0,100,,2732,21,0,24 3 25,0,100,,2733,21,0,24 3 25,0,115,,2734,21,0,24 3 25,0,100,,2735,21,0,24 3 25,0,100,,2736,21,0,24 3 25,0,115,,2737,21,0,24 3 25,0,100,,2738,21,0,24 3 25,0,100,,2739,21,0,24 3 25,0
700,'100013',536,,2740,21,0,24 3 25,0,70,,2750,21,0,24 3 25,0,30,,2741,21,0,24 3 25,0,18,,2768,21,0,24 3 25,0,52,,2751,21,0,24 3 25,0,30,,2742,21,0,24 3 25,0,70,,2752,21,0,24 3 25,0,40,,2761,21,0,24 3 25,0,70,,2743,21,0,24 3 25,0,30,,2762,21,0,24 3 25,0,70,,2744,21,0,24 3 25,0,30,,2769,21,0,24 3 25,0,70,,2745,21,0,24 3 25,0,30,,2770,21,0,24 3 25,0,70,,2746,21,0,24 3 25,0,41,,2771,21,0,24 3 25,0,75,,2747,21,0,24 3 25,0,75,,2753,21,0,24 3 25,0,35,,2748,21,0,24 3 25,0,75,,2754,21,0,24 3 25,0,35,,2749,21,0,24 3 25,0,75,,2755,21,0,24 3 25,0,80,,2756,21,0,24 3 25,0,42,,2763,21,0,24 3 25,0,70,,2757,21,0,24 3 25,0,30,,2764,21,0,24 3 25,0,70,,2758,21,0,24 3 25,0,30,,2765,21,0,24 3 25,0,86,,2759,21,0,24 3 25,0,70,,2766,21,0,24 3 25,0,30,,2760,21,0,24 3 25,0,70,,2767,21,0,24 3 25,0,30,,2772,21,0,24 3 25,0,70,,2773,21,0,24 3 25,0
700,'100014',536,,2774,21,0,24 3 25,0,70,,2784,21,0,24 3 25,0,30,,2775,21,0,24 3 25,0,18,,2802,21,0,24 3 25,0,52,,2785,21,0,24 3 25,0,30,,2776,21,0,24 3 25,0,70,,2786,21,0,24 3 25,0,40,,2795,21,0,24 3 25,0,70,,2777,21,0,24 3 25,0,30,,2796,21,0,24 3 25,0,70,,2778,21,0,24 3 25,0,30,,2803,21,0,24 3 25,0,70,,2779,21,0,24 3 25,0,30,,2804,21,0,24 3 25,0,70,,2780,21,0,24 3 25,0,41,,2805,21,0,24 3 25,0,75,,2781,21,0,24 3 25,0,75,,2787,21,0,24 3 25,0,35,,2782,21,0,24 3 25,0,75,,2788,21,0,24 3 25,0,35,,2783,21,0,24 3 25,0,75,,2789,21,0,24 3 25,0,80,,2790,21,0,24 3 25,0,42,,2797,21,0,24 3 25,0,70,,2791,21,0,24 3 25,0,30,,2798,21,0,24 3 25,0,70,,2792,21,0,24 3 25,0,30,,2799,21,0,24 3 25,0,86,,2793,21,0,24 3 25,0,70,,2800,21,0,24 3 25,0,30,,2794,21,0,24 3 25,0,70,,2801,21,0,24 3 25,0,30,,2806,21,0,24 3 25,0,70,,2807,21,0,24 3 25,0
700,'100015',814,,2808,21,0,24 3 25,0,100,,2809,21,0,24 3 25,0,100,,2810,21,0,24 3 25,0,100,,2811,21,0,24 3 25,0,100,,2812,21,0,24 3 25,0,115,,2813,21,0,24 3 25,0,100,,2814,21,0,24 3 25,0,100,,2815,21,0,24 3 25,0,115,,2816,21,0,24 3 25,0,100,,2817,21,0,24 3 25,0,100,,2818,21,0,24 3 25,0
5100,'100009',738,,1361,5,0,7 8 9 10 11,0
5100,'100013',738,,3165,5,0,7 8 9 10 11,0
5101,'100009',1441,,1363,12,0,5 28,0,75,,1362,27,0,26 3 27,0
5101,'100013',1441,,3167,12,0,5 28,0,75,,3166,27,0,26 3 27,0
5300,'100009',803,,1367,21,,,0
5300,'100013',803,,3171,21,,,0
5301,'100009',1535,,1369,14,,,0
5301,'100013',1535,,3173,14,,,0
