2109,'1476941',815,,744,0,10 11,0
2109,'1476942',850,,745,0,10 11,0
2109,'1476943',925,,746,0,10 11,0
2109,'1476944',1000,,747,0,10 11,0
2109,'1476945',1035,,748,0,10 11,0
2109,'1476946',1110,,749,0,10 11,0
2109,'1476947',1145,,750,0,10 11,0
2109,'1476948',1220,,751,0,10 11,0
2109,'1476949',1255,,752,0,10 11,0
2109,'1476950',1330,,753,0,10 11,0
2109,'1476951',1405,,754,0,10 11,0
2109,'1476952',1440,,755,0,10 11,0
2109,'1476953',1515,,756,0,10 11,0
2109,'1476954',1550,,757,0,10 11,0
2109,'1476955',1625,,758,0,10 11,0
2109,'1476956',1700,,759,0,10 11,0
2109,'1476957',1735,,760,0,10 11,0
2109,'1476958',1815,,761,0,10 11,0
2109,'1476959',1850,,762,0,10 11,0
2109,'1476960',1925,,763,0,10 11,0
2109,'1477212',712,,791,0,10 11,0
2109,'1477213',822,,792,0,10 11,0
2109,'1477214',932,,793,0,10 11,0
2109,'1477215',1042,,794,0,10 11,0
2109,'1477216',1152,,795,0,10 11,0
2109,'1477217',1304,,796,0,10 11,0
2109,'1477218',1414,,797,0,10 11,0
2109,'1477225',1524,,804,0,10 11,0
2109,'1477226',1634,,805,0,10 11,0
2109,'1477227',1749,,806,0,10 11,0
2109,'1477228',1859,,807,0,10 11,0
2109,'1477229',2009,,808,0,10 11,0
2109,'1477230',2128,,809,0,10 11,0
2109,'1477245',2158,,824,0,10 11,0
2109,'1477246',637,,825,0,10 11,0
2109,'1477247',747,,826,0,10 11,0
2109,'1477248',857,,827,0,10 11,0
2109,'1477249',1007,,828,0,10 11,0
2109,'1477250',1117,,829,0,10 11,0
2109,'1477251',1229,,830,0,10 11,0
2109,'1477252',1339,,831,0,10 11,0
2109,'1477253',1449,,832,0,10 11,0
2109,'1477254',1600,,833,0,10 11,0
2109,'1477255',1709,,834,0,10 11,0
2109,'1477256',1826,,835,0,10 11,0
2109,'1477257',1938,,836,0,10 11,0
2109,'1477258',2048,,837,0,10 11,0
2109,'1477261',2228,,840,0,10 11,0
2109,'1477262',2258,,841,0,10 11,0
2109,'1477263',2328,,842,0,10 11,0
2109,'1478076',1925,,844,0,10 11,0
2109,'1478084',850,,852,0,10 11,0
2109,'1478085',1000,,853,0,10 11,0
2109,'1478086',1220,,854,0,10 11,0
2109,'1478087',1330,,855,0,10 11,0
2109,'1478088',1440,,856,0,10 11,0
2109,'1478089',1700,,857,0,10 11,0
2109,'1478090',1815,,858,0,10 11,0
2109,'1478099',815,,867,0,10 11,0
2109,'1478100',925,,868,0,10 11,0
2109,'1478101',1145,,869,0,10 11,0
2109,'1478102',1255,,870,0,10 11,0
2109,'1478103',1405,,871,0,10 11,0
2109,'1478104',1625,,872,0,10 11,0
2109,'1478105',1735,,873,0,10 11,0
2109,'1478106',1850,,874,0,10 11,0
2109,'1478109',1550,,877,0,10 11,0
2109,'1478110',1110,,878,0,10 11,0
2109,'1478112',1035,,880,0,10 11,0
2109,'1478115',1515,,883,0,10 11,0
