100,'100012',851,,3411,25,,,0,100,,3412,25,,,0,100,,3413,25,,,0,100,,3414,25,,,0,100,,3415,25,,,0,100,,3416,25,,,0,100,,3417,25,,,0,100,,3418,25,,,0,100,,3419,25,,,0,100,,3420,25,,,0,100,,3421,25,,,0,100,,3422,25,,,0
100,'100013',821,,3436,25,,,0,30,,3423,25,,,0,70,,3446,25,,,0,30,,3424,25,,,0,70,,3437,25,,,0,30,,3425,25,,,0,70,,3438,25,,,0,30,,3427,25,,,0,70,,3439,25,,,0,30,,3426,25,,,0,70,,3440,25,,,0,30,,3428,25,,,0,70,,3441,25,,,0,30,,3429,25,,,0,70,,3442,25,,,0,30,,3430,25,,,0,70,,3443,25,,,0,30,,3431,25,,,0,70,,3444,25,,,0,30,,3432,25,,,0,70,,3445,25,,,0,30,,3433,25,,,0,70,,3435,25,,,0,30,,3434,25,,,0
100,'100014',613,,3447,25,,,0,30,,3452,25,,,0,70,,3448,25,,,0,30,,3465,25,,,0,70,,3449,25,,,0,30,,3453,25,,,0,80,,3450,25,,,0,28,,3466,25,,,0,70,,3451,25,,,0,30,,3454,25,,,0,70,,3463,25,,,0,30,,3467,25,,,0,70,,3464,25,,,0,31,,3455,25,,,0,70,,3462,25,,,0,30,,3468,25,,,0,70,,3456,25,,,0,80,,3477,25,,,0,20,,3470,25,,,0,78,,3476,25,,,0,30,,3469,25,,,0,70,,3475,25,,,0,30,,3457,25,,,0,28,,3474,25,,,0,70,,3458,25,,,0,30,,3473,25,,,0,70,,3459,25,,,0,30,,3472,25,,,0,80,,3460,25,,,0,70,,3471,25,,,0,30,,3461,25,,,0,70,,3479,25,,,0,27,,3478,25,,,0,69,,3480,25,,,0
200,'100012',726,,3574,23,0,5 6,0,30,,3552,23,0,5 6,0,70,,3553,23,0,5 6,0,30,,3554,23,0,5 6,0,70,,3555,23,0,5 6,0,30,,3556,23,0,5 6,0,70,,3557,23,0,5 6,0,30,,3558,23,0,5 6,0,70,,3559,23,0,5 6,0,30,,3560,23,0,5 6,0,70,,3561,23,0,5 31,0,85,,3562,23,0,5 6,0,30,,3563,23,0,5 6,0,70,,3564,23,0,5 6,0,30,,3565,23,0,5 6,0,70,,3566,23,0,5 6,0,30,,3567,23,0,5 6,0,70,,3577,23,0,5 31,0,45,,3569,23,0,5 6,0,70,,3570,23,0,5 6,0,30,,3571,23,0,5 6,0,70,,3572,23,0,5 6,0,30,,3573,23,0,5 6,0,70,,3568,23,0,5 6,0
200,'100013',726,,3599,23,0,5 6,0,30,,3598,23,0,5 6,0,70,,3579,23,0,5 6,0,30,,3578,23,0,5 6,0,70,,3580,23,0,5 6,0,30,,3581,23,0,5 6,0,70,,3582,23,0,5 6,0,30,,3583,23,0,5 6,0,70,,3584,23,0,5 6,0,30,,3585,23,0,5 6,0,70,,3602,23,0,5 31,0,85,,3586,23,0,5 6,0,30,,3587,23,0,5 6,0,70,,3588,23,0,5 6,0,30,,3589,23,0,5 6,0,70,,3590,23,0,5 6,0,30,,3591,23,0,5 6,0,70,,3600,23,0,5 31,0,45,,3592,23,0,5 6,0,70,,3593,23,0,5 6,0,30,,3594,23,0,5 6,0,70,,3595,23,0,5 6,0,30,,3596,23,0,5 6,0,70,,3597,23,0,5 6,0
200,'100014',548,,3604,23,0,5 6,0,70,,3613,23,0,5 6,0,30,,3605,23,0,5 6,0,70,,3614,23,0,5 6,0,30,,3606,23,0,5 6,0,70,,3615,23,0,5 6,0,40,,3607,23,0,5 6,0,70,,3616,23,0,5 6,0,30,,3608,23,0,5 6,0,70,,3617,23,0,5 6,0,30,,3609,23,0,5 6,0,70,,3618,23,0,5 6,0,30,,3610,23,0,5 6,0,70,,3619,23,0,5 31,0,83,,3611,23,0,5 6,0,35,,3620,23,0,5 6,0,75,,3612,23,0,5 6,0,35,,3621,23,0,5 6,0,75,,3629,23,0,5 6,0,75,,3622,23,0,5 6,0,35,,3630,23,0,5 6,0,80,,3623,23,0,5 6,0,80,,3624,23,0,5 6,0,30,,3631,23,0,5 6,0,70,,3625,23,0,5 6,0,30,,3632,23,0,5 6,0,70,,3626,23,0,5 6,0,45,,3633,23,0,5 6,0,70,,3627,23,0,5 6,0,30,,3634,23,0,5 6,0,70,,3628,23,0,5 6,0,30,,3635,23,0,5 6,0,70,,3636,23,0,5 6,0
600,'100012',756,,3970,37,,,0,100,,3971,37,,,0,100,,3972,37,,,0,100,,3973,37,,,0,100,,3974,37,,,0,155,,3975,37,,,0,100,,3976,37,,,0,100,,3977,37,,,0,100,,3978,37,,,0,115,,3979,37,,,0,100,,3980,37,,,0,100,,3981,37,,,0
600,'100013',756,,3982,37,,,0,100,,3983,37,,,0,100,,3984,37,,,0,100,,3985,37,,,0,100,,3986,37,,,0,155,,3987,37,,,0,100,,3988,37,,,0,100,,3989,37,,,0,100,,3990,37,,,0,115,,3991,37,,,0,100,,3992,37,,,0,100,,3993,37,,,0
600,'100014',548,,4004,37,,,0,70,,3994,37,,,0,18,,4022,37,,,0,12,,4005,37,,,0,70,,3995,37,,,0,18,,4023,37,,,0,12,,4006,37,,,0,70,,3996,37,,,0,39,,3997,37,,,0,70,,4014,37,,,0,30,,3998,37,,,0,70,,4015,37,,,0,30,,3999,37,,,0,70,,4024,37,,,0,30,,4000,37,,,0,70,,4025,37,,,0,84,,4001,37,,,0,35,,4026,37,,,0,75,,4002,37,,,0,35,,4007,37,,,0,75,,4003,37,,,0,75,,4016,37,,,0,35,,4008,37,,,0,80,,4017,37,,,0,80,,4009,37,,,0,30,,4018,37,,,0,70,,4010,37,,,0,30,,4019,37,,,0,70,,4011,37,,,0,45,,4020,37,,,0,70,,4012,37,,,0,30,,4021,37,,,0,70,,4013,37,,,0,30,,4028,37,,,0,70,,4027,37,,,0
700,'100012',826,,4029,42,,,0,100,,4030,42,,,0,100,,4031,42,,,0,100,,4032,42,,,0,100,,4033,42,,,0,115,,4034,42,,,0,100,,4035,42,,,0,100,,4036,42,,,0,115,,4037,42,,,0,100,,4038,42,,,0,100,,4039,42,,,0
700,'100013',826,,4040,42,,,0,100,,4041,42,,,0,100,,4042,42,,,0,100,,4043,42,,,0,100,,4044,42,,,0,115,,4045,42,,,0,100,,4046,42,,,0,100,,4047,42,,,0,115,,4048,42,,,0,100,,4049,42,,,0,100,,4050,42,,,0
700,'100014',548,,4051,42,,,0,70,,4061,42,,,0,30,,4052,42,,,0,58,,4079,42,,,0,12,,4062,42,,,0,30,,4053,42,,,0,70,,4063,42,,,0,40,,4072,42,,,0,70,,4054,42,,,0,30,,4073,42,,,0,70,,4055,42,,,0,30,,4080,42,,,0,70,,4056,42,,,0,30,,4081,42,,,0,70,,4057,42,,,0,83,,4082,42,,,0,35,,4058,42,,,0,75,,4064,42,,,0,35,,4059,42,,,0,75,,4065,42,,,0,75,,4060,42,,,0,35,,4066,42,,,0,80,,4067,42,,,0,80,,4074,42,,,0,30,,4068,42,,,0,70,,4075,42,,,0,30,,4069,42,,,0,70,,4076,42,,,0,46,,4070,42,,,0,70,,4077,42,,,0,30,,4071,42,,,0,70,,4078,42,,,0,30,,4083,42,,,0,70,,4084,42,,,0
1000900,'100012',801,,4281,35,,,0,40,,4282,35,,,0,80,,4283,35,,,0,80,,4284,35,,,0,40,,4285,35,,,0,82,,4286,35,,,0,80,,4287,35,,,0,45,,4288,35,,,0,80,,4289,35,,,0,81,,4290,35,,,0,40,,4291,35,,,0,80,,4292,35,,,0,80,,4293,35,,,0,40,,4294,35,,,0,85,,4295,35,,,0,80,,4296,35,,,0,40,,4297,35,,,0,80,,4298,35,,,0
1000900,'100013',801,,4299,35,,,0,40,,4300,35,,,0,80,,4301,35,,,0,80,,4302,35,,,0,40,,4303,35,,,0,82,,4304,35,,,0,80,,4305,35,,,0,45,,4306,35,,,0,80,,4307,35,,,0,81,,4308,35,,,0,40,,4309,35,,,0,80,,4310,35,,,0,80,,4311,35,,,0,40,,4312,35,,,0,85,,4313,35,,,0,80,,4314,35,,,0,40,,4315,35,,,0,80,,4316,35,,,0
1000900,'100014',548,,4327,35,,,0,70,,4328,35,,,0,30,,4329,35,,,0,70,,4330,35,,,0,30,,4331,35,,,0,70,,4332,35,,,0,22,,4333,35,,,0,68,,4334,35,,,0,35,,4335,35,,,0,60,,4336,35,,,0,30,,4337,35,,,0,70,,4338,35,,,0,30,,4339,35,,,0,70,,4340,35,,,0,30,,4341,35,,,0,70,,4342,35,,,0,30,,4343,35,,,0,70,,4344,35,,,0,34,,4345,35,,,0,70,,4346,35,,,0,34,,4347,35,,,0,64,,4348,35,,,0,32,,4349,35,,,0,70,,4350,35,,,0,18,,4351,35,,,0,85,,4320,35,,,0,30,,4321,35,,,0,70,,4324,35,,,0,30,,4317,35,,,0,67,,4319,35,,,0,43,,4325,35,,,0,85,,4323,35,,,0,75,,4322,35,,,0,35,,4326,35,,,0,75,,4318,35,,,0
2000900,'100012',823,,4352,33,,,0,80,,4353,33,,,0,40,,4354,33,,,0,80,,4355,33,,,0,80,,4356,33,,,0,40,,4357,33,,,0,80,,4358,33,,,0,80,,4359,33,,,0,45,,4360,33,,,0,80,,4361,33,,,0,81,,4362,33,,,0,40,,4363,33,,,0,85,,4364,33,,,0,80,,4365,33,,,0,40,,4366,33,,,0,80,,4367,33,,,0,80,,4368,33,,,0
2000900,'100013',823,,4369,33,,,0,80,,4370,33,,,0,40,,4371,33,,,0,80,,4372,33,,,0,80,,4373,33,,,0,40,,4374,33,,,0,80,,4375,33,,,0,80,,4376,33,,,0,45,,4377,33,,,0,80,,4378,33,,,0,81,,4379,33,,,0,40,,4380,33,,,0,85,,4381,33,,,0,80,,4382,33,,,0,40,,4383,33,,,0,80,,4384,33,,,0,80,,4385,33,,,0
2000900,'100014',613,,4386,33,,,0,20,,4387,33,,,0,70,,4388,33,,,0,30,,4389,33,,,0,70,,4390,33,,,0,20,,4391,33,,,0,80,,4392,33,,,0,22,,4417,33,,,0,28,,4393,33,,,0,70,,4394,33,,,0,20,,4395,33,,,0,70,,4396,33,,,0,30,,4397,33,,,0,70,,4398,33,,,0,30,,4399,33,,,0,70,,4400,33,,,0,30,,4401,33,,,0,70,,4402,33,,,0,33,,4403,33,,,0,71,,4404,33,,,0,30,,4405,33,,,0,74,,4406,33,,,0,24,,4407,33,,,0,72,,4408,33,,,0,38,,4409,33,,,0,70,,4410,33,,,0,30,,4411,33,,,0,70,,4412,33,,,0,30,,4413,33,,,0,65,,4414,33,,,0,31,,4415,33,,,0,74,,4416,33,,,0,85,,4418,33,,,0,35,,4419,33,,,0,76,,4420,33,,,0
