309,'1476929',1711,,331,,,0
309,'1476930',1811,,332,,,0
309,'1476931',1911,,333,,,0
309,'1476932',740,,334,,,0
309,'1476933',840,,335,,,0
309,'1476934',940,,336,,,0
309,'1476935',1041,,337,,,0
309,'1476936',1141,,338,,,0
309,'1476937',1256,,339,,,0
309,'1476938',1356,,340,,,0
309,'1476939',1456,,341,,,0
309,'1476940',1556,,342,,,0
309,'1477265',535,,343,,,0
309,'1477266',605,,344,,,0
309,'1477267',635,,345,,,0
309,'1477268',705,,346,,,0
309,'1477269',735,,347,,,0
309,'1477270',745,,348,,,0
309,'1477271',845,,349,,,0
309,'1477272',945,,350,,,0
309,'1477273',1045,,351,,,0
309,'1477274',1145,,352,,,0
309,'1477275',805,,353,,,0
309,'1477276',915,,354,,,0
309,'1477277',1015,,355,,,0
309,'1477278',1115,,356,,,0
309,'1477279',1215,,357,,,0
309,'1477280',1254,,358,,,0
309,'1477281',1329,,359,,,0
309,'1477282',1404,,360,,,0
309,'1477283',1418,,361,,,0
309,'1477284',1439,,362,,,0
309,'1477285',1514,,363,,,0
309,'1477286',1549,,364,,,0
309,'1477287',1624,,365,,,0
309,'1477288',1704,,366,,,0
309,'1477289',1748,,367,,,0
309,'1477290',1818,,368,,,0
309,'1477291',1848,,369,,,0
309,'1477292',1918,,370,,,0
309,'1477293',1948,,371,,,0
309,'1477294',2033,,372,,,0
309,'1477295',2103,,373,,,0
309,'1477296',2133,,374,,,0
309,'1477297',2203,,375,,,0
309,'1477298',2233,,376,,,0
309,'1477299',2303,,377,,,0
309,'1477300',1519,,378,,,0
309,'1477565',1811,,427,,,0
309,'1477566',1911,,428,,,0
309,'1477567',1711,,429,,,0
309,'1477568',740,,430,,,0
309,'1477569',840,,431,,,0
309,'1477570',940,,432,,,0
309,'1477571',1041,,433,,,0
309,'1477572',1141,,434,,,0
309,'1477573',1256,,435,,,0
309,'1477574',1356,,436,,,0
309,'1477575',1456,,437,,,0
309,'1477576',1556,,438,,,0
