809,'1476849',749,,688,,,0
809,'1476850',849,,689,,,0
809,'1476851',949,,690,,,0
809,'1476852',1049,,691,,,0
809,'1476853',1149,,692,,,0
809,'1476854',1304,,693,,,0
809,'1476855',1404,,694,,,0
809,'1476856',1504,,695,,,0
809,'1476857',1604,,696,,,0
809,'1476858',1719,,697,,,0
809,'1476859',1819,,698,,,0
809,'1476860',1919,,699,,,0
809,'1477473',643,,700,,,0
809,'1477474',743,,701,,,0
809,'1477475',922,,702,,,0
809,'1477476',1022,,703,,,0
809,'1477477',1122,,704,,,0
809,'1477478',1222,,705,,,0
809,'1477479',1339,,706,,,0
809,'1477480',1449,,707,,,0
809,'1477481',1524,,708,,,0
809,'1477482',1634,,709,,,0
809,'1477483',1755,,710,,,0
809,'1477484',1855,,711,,,0
809,'1477485',1955,,712,,,0
809,'1477486',2110,,713,,,0
809,'1477487',2210,,714,,,0
809,'1477488',613,,715,,,0
809,'1477489',713,,716,,,0
809,'1477490',813,,717,,,0
809,'1477491',853,,718,,,0
809,'1477492',1414,,719,,,0
809,'1477493',1559,,720,,,0
809,'1477494',1714,,721,,,0
809,'1477495',1825,,722,,,0
809,'1477496',1925,,723,,,0
809,'1477497',2040,,724,,,0
809,'1477498',2140,,725,,,0
809,'1477499',952,,726,,,0
809,'1477500',1052,,727,,,0
809,'1477501',1152,,728,,,0
809,'1477502',1304,,729,,,0
809,'1477503',2307,,730,,,0
809,'1477504',2239,,731,,,0
809,'1477700',749,,732,,,0
809,'1477701',849,,733,,,0
809,'1477702',949,,734,,,0
809,'1477703',1049,,735,,,0
809,'1477704',1149,,736,,,0
809,'1477705',1304,,737,,,0
809,'1477706',1404,,738,,,0
809,'1477707',1504,,739,,,0
809,'1477708',1604,,740,,,0
809,'1477709',1719,,741,,,0
809,'1477710',1819,,742,,,0
809,'1477711',1919,,743,,,0
