309,'1476929',1720,,331,,,0
309,'1476930',1820,,332,,,0
309,'1476931',1920,,333,,,0
309,'1476932',749,,334,,,0
309,'1476933',849,,335,,,0
309,'1476934',949,,336,,,0
309,'1476935',1050,,337,,,0
309,'1476936',1150,,338,,,0
309,'1476937',1305,,339,,,0
309,'1476938',1405,,340,,,0
309,'1476939',1505,,341,,,0
309,'1476940',1605,,342,,,0
309,'1477265',544,,343,,,0
309,'1477266',614,,344,,,0
309,'1477267',644,,345,,,0
309,'1477268',714,,346,,,0
309,'1477269',744,,347,,,0
309,'1477270',754,,348,,,0
309,'1477271',854,,349,,,0
309,'1477272',954,,350,,,0
309,'1477273',1054,,351,,,0
309,'1477274',1154,,352,,,0
309,'1477275',814,,353,,,0
309,'1477276',924,,354,,,0
309,'1477277',1024,,355,,,0
309,'1477278',1124,,356,,,0
309,'1477279',1224,,357,,,0
309,'1477280',1305,,358,,,0
309,'1477281',1340,,359,,,0
309,'1477282',1415,,360,,,0
309,'1477283',1429,,361,,,0
309,'1477284',1450,,362,,,0
309,'1477285',1525,,363,,,0
309,'1477286',1600,,364,,,0
309,'1477287',1635,,365,,,0
309,'1477288',1715,,366,,,0
309,'1477289',1757,,367,,,0
309,'1477290',1827,,368,,,0
309,'1477291',1857,,369,,,0
309,'1477292',1927,,370,,,0
309,'1477293',1957,,371,,,0
309,'1477294',2042,,372,,,0
309,'1477295',2112,,373,,,0
309,'1477296',2142,,374,,,0
309,'1477297',2212,,375,,,0
309,'1477298',2242,,376,,,0
309,'1477299',2312,,377,,,0
309,'1477300',1530,,378,,,0
309,'1477565',1820,,427,,,0
309,'1477566',1920,,428,,,0
309,'1477567',1720,,429,,,0
309,'1477568',749,,430,,,0
309,'1477569',849,,431,,,0
309,'1477570',949,,432,,,0
309,'1477571',1050,,433,,,0
309,'1477572',1150,,434,,,0
309,'1477573',1305,,435,,,0
309,'1477574',1405,,436,,,0
309,'1477575',1505,,437,,,0
309,'1477576',1605,,438,,,0
5209,'1477511',757,,890,0,5 6 7,0
5209,'1477513',1506,,892,,,0
