400,'100009',534,,749,19,0,17 3 15 7 16,0,70,,728,19,0,17 3 15 7 16,0,30,,720,19,0,17 3 15 7 16,0,18,,747,19,0,17 3 15 7 16,0,52,,729,19,0,17 3 15 7 16,0,30,,721,19,0,17 3 15 7 16,0,70,,730,19,0,17 3 15 7 16,0,40,,722,19,0,17 3 15 7 16,0,69,,748,19,0,17 3 15 7 16,0,31,,723,19,0,17 3 15 7 16,0,70,,744,19,0,17 3 15 7 16,0,30,,724,19,0,17 3 15 7 16,0,70,,745,19,0,17 3 15 7 16,0,30,,725,19,0,17 3 15 7 16,0,70,,746,19,0,17 3 15 7 16,0,38,,726,19,0,17 3 15 7 16,0,75,,751,19,0,17 3 15 7 16,0,75,,727,19,0,17 3 15 7 16,0,35,,731,19,0,17 3 15 7 16,0,75,,750,19,0,17 3 15 7 16,0,35,,732,19,0,17 3 15 7 16,0,75,,733,19,0,17 3 15 7 16,0,80,,739,19,0,17 3 15 7 16,0,45,,734,19,0,17 3 15 7 16,0,70,,740,19,0,17 3 15 7 16,0,30,,735,19,0,17 3 15 7 16,0,70,,741,19,0,17 3 15 7 16,0,30,,736,19,0,17 3 15 7 16,0,85,,742,19,0,17 3 15 7 16,0,70,,737,19,0,17 3 15 7 16,0,30,,743,19,0,17 3 15 7 16,0,70,,738,19,0,17 3 15 7 16,0,30,,752,19,0,17 3 15 7 16,0,70,,753,19,0,17 3 15 7 16,0
400,'100010',742,,754,19,0,17 3 15 7 16,0,70,,767,19,0,17 3 15 7 16,0,30,,755,19,0,17 3 15 7 16,0,70,,768,19,0,17 3 15 7 16,0,30,,756,19,0,17 3 15 7 16,0,70,,769,19,0,17 3 15 7 16,0,30,,757,19,0,17 3 15 7 16,0,70,,770,19,0,17 3 15 7 16,0,30,,758,19,0,17 3 15 7 16,0,70,,771,19,0,17 3 15 7 16,0,45,,759,19,0,17 3 15 7 16,0,70,,772,19,0,17 3 15 7 16,0,30,,760,19,0,17 3 15 7 16,0,70,,773,19,0,17 3 15 7 16,0,30,,761,19,0,17 3 15 7 16,0,70,,774,19,0,17 3 15 7 16,0,30,,762,19,0,17 3 15 7 16,0,85,,775,19,0,17 3 15 7 16,0,70,,763,19,0,17 3 15 7 16,0,30,,776,19,0,17 3 15 7 16,0,70,,764,19,0,17 3 15 7 16,0,30,,766,19,0,17 3 15 7 16,0,70,,765,19,0,17 3 15 7 16,0
400,'100011',742,,2373,19,0,17 3 15 7 16,0,70,,2386,19,0,17 3 15 7 16,0,30,,2374,19,0,17 3 15 7 16,0,70,,2387,19,0,17 3 15 7 16,0,30,,2375,19,0,17 3 15 7 16,0,70,,2388,19,0,17 3 15 7 16,0,30,,2376,19,0,17 3 15 7 16,0,70,,2389,19,0,17 3 15 7 16,0,30,,2377,19,0,17 3 15 7 16,0,70,,2390,19,0,17 3 15 7 16,0,45,,2378,19,0,17 3 15 7 16,0,70,,2391,19,0,17 3 15 7 16,0,30,,2379,19,0,17 3 15 7 16,0,70,,2392,19,0,17 3 15 7 16,0,30,,2380,19,0,17 3 15 7 16,0,70,,2393,19,0,17 3 15 7 16,0,30,,2381,19,0,17 3 15 7 16,0,85,,2394,19,0,17 3 15 7 16,0,70,,2382,19,0,17 3 15 7 16,0,30,,2395,19,0,17 3 15 7 16,0,70,,2383,19,0,17 3 15 7 16,0,30,,2385,19,0,17 3 15 7 16,0,70,,2384,19,0,17 3 15 7 16,0,30,,2396,19,0,17 3 15 7 16,0,70,,2397,19,0,17 3 15 7 16,0
400,'100012',742,,2398,19,0,17 3 15 7 16,0,70,,2411,19,0,17 3 15 7 16,0,30,,2399,19,0,17 3 15 7 16,0,70,,2412,19,0,17 3 15 7 16,0,30,,2400,19,0,17 3 15 7 16,0,70,,2413,19,0,17 3 15 7 16,0,30,,2401,19,0,17 3 15 7 16,0,70,,2414,19,0,17 3 15 7 16,0,30,,2402,19,0,17 3 15 7 16,0,70,,2415,19,0,17 3 15 7 16,0,45,,2403,19,0,17 3 15 7 16,0,70,,2416,19,0,17 3 15 7 16,0,30,,2404,19,0,17 3 15 7 16,0,70,,2417,19,0,17 3 15 7 16,0,30,,2405,19,0,17 3 15 7 16,0,70,,2418,19,0,17 3 15 7 16,0,30,,2406,19,0,17 3 15 7 16,0,85,,2419,19,0,17 3 15 7 16,0,70,,2407,19,0,17 3 15 7 16,0,30,,2420,19,0,17 3 15 7 16,0,70,,2408,19,0,17 3 15 7 16,0,30,,2410,19,0,17 3 15 7 16,0,70,,2409,19,0,17 3 15 7 16,0
400,'100013',534,,2450,19,0,17 3 15 7 16,0,70,,2429,19,0,17 3 15 7 16,0,30,,2421,19,0,17 3 15 7 16,0,18,,2448,19,0,17 3 15 7 16,0,52,,2430,19,0,17 3 15 7 16,0,30,,2422,19,0,17 3 15 7 16,0,70,,2431,19,0,17 3 15 7 16,0,40,,2423,19,0,17 3 15 7 16,0,69,,2449,19,0,17 3 15 7 16,0,31,,2424,19,0,17 3 15 7 16,0,70,,2445,19,0,17 3 15 7 16,0,30,,2425,19,0,17 3 15 7 16,0,70,,2446,19,0,17 3 15 7 16,0,30,,2426,19,0,17 3 15 7 16,0,70,,2447,19,0,17 3 15 7 16,0,38,,2427,19,0,17 3 15 7 16,0,75,,2452,19,0,17 3 15 7 16,0,75,,2428,19,0,17 3 15 7 16,0,35,,2432,19,0,17 3 15 7 16,0,75,,2451,19,0,17 3 15 7 16,0,35,,2433,19,0,17 3 15 7 16,0,75,,2434,19,0,17 3 15 7 16,0,80,,2440,19,0,17 3 15 7 16,0,45,,2435,19,0,17 3 15 7 16,0,70,,2441,19,0,17 3 15 7 16,0,30,,2436,19,0,17 3 15 7 16,0,70,,2442,19,0,17 3 15 7 16,0,30,,2437,19,0,17 3 15 7 16,0,85,,2443,19,0,17 3 15 7 16,0,70,,2438,19,0,17 3 15 7 16,0,30,,2444,19,0,17 3 15 7 16,0,70,,2439,19,0,17 3 15 7 16,0,30,,2453,19,0,17 3 15 7 16,0,70,,2454,19,0,17 3 15 7 16,0
400,'100014',534,,2484,19,0,17 3 15 7 16,0,70,,2463,19,0,17 3 15 7 16,0,30,,2455,19,0,17 3 15 7 16,0,18,,2482,19,0,17 3 15 7 16,0,52,,2464,19,0,17 3 15 7 16,0,30,,2456,19,0,17 3 15 7 16,0,70,,2465,19,0,17 3 15 7 16,0,40,,2457,19,0,17 3 15 7 16,0,69,,2483,19,0,17 3 15 7 16,0,31,,2458,19,0,17 3 15 7 16,0,70,,2479,19,0,17 3 15 7 16,0,30,,2459,19,0,17 3 15 7 16,0,70,,2480,19,0,17 3 15 7 16,0,30,,2460,19,0,17 3 15 7 16,0,70,,2481,19,0,17 3 15 7 16,0,38,,2461,19,0,17 3 15 7 16,0,75,,2486,19,0,17 3 15 7 16,0,75,,2462,19,0,17 3 15 7 16,0,35,,2466,19,0,17 3 15 7 16,0,75,,2485,19,0,17 3 15 7 16,0,35,,2467,19,0,17 3 15 7 16,0,75,,2468,19,0,17 3 15 7 16,0,80,,2474,19,0,17 3 15 7 16,0,45,,2469,19,0,17 3 15 7 16,0,70,,2475,19,0,17 3 15 7 16,0,30,,2470,19,0,17 3 15 7 16,0,70,,2476,19,0,17 3 15 7 16,0,30,,2471,19,0,17 3 15 7 16,0,85,,2477,19,0,17 3 15 7 16,0,70,,2472,19,0,17 3 15 7 16,0,30,,2478,19,0,17 3 15 7 16,0,70,,2473,19,0,17 3 15 7 16,0,30,,2487,19,0,17 3 15 7 16,0,70,,2488,19,0,17 3 15 7 16,0
400,'100015',742,,2489,19,0,17 3 15 7 16,0,70,,2490,19,0,17 3 15 7 16,0,30,,2491,19,0,17 3 15 7 16,0,70,,2492,19,0,17 3 15 7 16,0,30,,2493,19,0,17 3 15 7 16,0,70,,2494,19,0,17 3 15 7 16,0,30,,2495,19,0,17 3 15 7 16,0,70,,2496,19,0,17 3 15 7 16,0,30,,2497,19,0,17 3 15 7 16,0,70,,2498,19,0,17 3 15 7 16,0,45,,2499,19,0,17 3 15 7 16,0,70,,2500,19,0,17 3 15 7 16,0,30,,2501,19,0,17 3 15 7 16,0,70,,2502,19,0,17 3 15 7 16,0,30,,2503,19,0,17 3 15 7 16,0,70,,2504,19,0,17 3 15 7 16,0,30,,2505,19,0,17 3 15 7 16,0,85,,2507,19,0,17 3 15 7 16,0,70,,2508,19,0,17 3 15 7 16,0,30,,2509,19,0,17 3 15 7 16,0,70,,2510,19,0,17 3 15 7 16,0,30,,2511,19,0,17 3 15 7 16,0,70,,2506,19,0,17 3 15 7 16,0
5201,'100009',747,,1365,33,0,7 8 9,0
5201,'100013',747,,3169,33,0,7 8 9,0
5400,'100009',742,,1370,33,0,7 18,0
5400,'100013',742,,3174,33,0,7 18,0
