509,'1476884',804,,519,0,16 3 17,0
509,'1476885',904,,520,0,16 3 17,0
509,'1476886',1004,,521,0,16 3 17,0
509,'1476887',1104,,522,0,16 3 17,0
509,'1476888',1204,,523,0,16 3 17,0
509,'1476889',1319,,524,0,16 3 17,0
509,'1476890',1419,,525,0,16 3 17,0
509,'1476891',1519,,526,0,16 3 17,0
509,'1476892',1634,,527,0,16 3 17,0
509,'1476893',1734,,528,0,16 3 17,0
509,'1476894',1834,,529,0,16 3 17,0
509,'1477372',556,,530,0,16 3 17,0
509,'1477373',656,,531,0,16 3 17,0
509,'1477374',756,,532,0,16 3 17,0
509,'1477375',836,,533,0,16 3 17,0
509,'1477376',936,,534,0,16 3 17,0
509,'1477377',1036,,535,0,16 3 17,0
509,'1477378',1136,,536,0,16 3 17,0
509,'1477379',1245,,537,0,16 3 17,0
509,'1477380',1355,,538,0,16 3 17,0
509,'1477381',1505,,539,0,16 3 17,0
509,'1477382',1615,,540,0,16 3 17,0
509,'1477383',1655,,541,0,16 3 17,0
509,'1477384',1809,,542,0,16 3 17,0
509,'1477385',1909,,543,0,16 3 17,0
509,'1477386',2024,,544,0,16 3 17,0
509,'1477387',2124,,545,0,16 3 17,0
509,'1477388',626,,546,0,16 3 17,0
509,'1477389',726,,547,0,16 3 17,0
509,'1477390',1430,,548,0,16 3 17,0
509,'1477391',1540,,549,0,16 3 17,0
509,'1477392',1739,,550,0,16 3 17,0
509,'1477393',1839,,551,0,16 3 17,0
509,'1477394',1939,,552,0,16 3 17,0
509,'1477395',2054,,553,0,16 3 17,0
509,'1477396',2154,,554,0,16 3 17,0
509,'1477397',906,,555,0,16 3 17,0
509,'1477398',1320,,556,0,16 3 17,0
509,'1477399',1106,,557,0,16 3 17,0
509,'1477400',1006,,558,0,16 3 17,0
509,'1477401',1206,,559,0,16 3 17,0
509,'1477402',2224,,560,0,16 3 17,0
509,'1477403',2254,,561,0,16 3 17,0
509,'1477735',804,,562,0,16 3 17,0
509,'1477736',904,,563,0,16 3 17,0
509,'1477737',1004,,564,0,16 3 17,0
509,'1477738',1104,,565,0,16 3 17,0
509,'1477739',1204,,566,0,16 3 17,0
509,'1477740',1319,,567,0,16 3 17,0
509,'1477741',1419,,568,0,16 3 17,0
509,'1477742',1519,,569,0,16 3 17,0
509,'1477743',1634,,570,0,16 3 17,0
509,'1477744',1734,,571,0,16 3 17,0
509,'1477745',1834,,572,0,16 3 17,0
