201,'100009',545,,379,40,0,5 6,0,70,,388,40,0,5 6,0,30,,380,40,0,5 6,0,70,,389,40,0,5 6,0,30,,381,40,0,5 6,0,70,,390,40,0,5 6,0,40,,382,40,0,5 6,0,70,,391,40,0,5 6,0,30,,383,40,0,5 6,0,70,,392,40,0,5 6,0,30,,384,40,0,5 6,0,70,,393,40,0,5 6,0,30,,385,40,0,5 6,0,70,,394,40,0,5 6,0,83,,386,40,0,5 6,0,35,,395,40,0,5 6,0,75,,387,40,0,5 6,0,35,,396,40,0,5 6,0,75,,404,40,0,5 6,0,75,,397,40,0,5 6,0,35,,405,40,0,5 6,0,80,,398,40,0,5 6,0,40,,399,40,0,5 6,0,70,,406,40,0,5 6,0,30,,400,40,0,5 6,0,70,,407,40,0,5 6,0,30,,401,40,0,5 6,0,85,,408,40,0,5 6,0,70,,402,40,0,5 6,0,30,,409,40,0,5 6,0,70,,403,40,0,5 6,0,30,,410,40,0,5 6,0,70,,411,40,0,5 6,0,30,,412,40,0,5 6,0
201,'100010',545,,413,40,0,5 6,0,70,,422,40,0,5 6,0,30,,414,40,0,5 6,0,70,,423,40,0,5 6,0,30,,415,40,0,5 6,0,70,,424,40,0,5 6,0,40,,416,40,0,5 6,0,70,,425,40,0,5 6,0,30,,417,40,0,5 6,0,70,,426,40,0,5 6,0,30,,418,40,0,5 6,0,70,,427,40,0,5 6,0,30,,419,40,0,5 6,0,70,,428,40,0,5 6,0,83,,420,40,0,5 6,0,35,,429,40,0,5 6,0,75,,421,40,0,5 6,0,35,,430,40,0,5 6,0,75,,438,40,0,5 6,0,75,,431,40,0,5 6,0,35,,439,40,0,5 6,0,80,,432,40,0,5 6,0,40,,433,40,0,5 6,0,70,,440,40,0,5 6,0,30,,434,40,0,5 6,0,70,,441,40,0,5 6,0,30,,435,40,0,5 6,0,85,,442,40,0,5 6,0,70,,436,40,0,5 6,0,30,,443,40,0,5 6,0,70,,437,40,0,5 6,0,30,,444,40,0,5 6,0,70,,445,40,0,5 6,0,30,,446,40,0,5 6,0
201,'100011',723,,470,40,0,5 6,0,30,,469,40,0,5 6,0,70,,448,40,0,5 6,0,30,,447,40,0,5 6,0,70,,449,40,0,5 6,0,30,,450,40,0,5 6,0,70,,451,40,0,5 6,0,30,,452,40,0,5 6,0,70,,453,40,0,5 6,0,30,,454,40,0,5 6,0,70,,455,40,0,5 6,0,85,,456,40,0,5 6,0,30,,457,40,0,5 6,0,70,,458,40,0,5 6,0,30,,459,40,0,5 6,0,70,,460,40,0,5 6,0,30,,461,40,0,5 6,0,70,,462,40,0,5 6,0,45,,463,40,0,5 6,0,70,,464,40,0,5 6,0,30,,465,40,0,5 6,0,70,,466,40,0,5 6,0,30,,467,40,0,5 6,0,70,,468,40,0,5 6,0
201,'100012',753,,471,40,0,5 6,0,70,,472,40,0,5 6,0,30,,473,40,0,5 6,0,70,,474,40,0,5 6,0,30,,475,40,0,5 6,0,70,,476,40,0,5 6,0,30,,477,40,0,5 6,0,70,,478,40,0,5 6,0,30,,479,40,0,5 6,0,70,,480,40,0,5 6,0,85,,481,40,0,5 6,0,30,,482,40,0,5 6,0,70,,483,40,0,5 6,0,30,,484,40,0,5 6,0,70,,485,40,0,5 6,0,30,,486,40,0,5 6,0,70,,487,40,0,5 6,0,45,,489,40,0,5 6,0,70,,490,40,0,5 6,0,30,,491,40,0,5 6,0,70,,492,40,0,5 6,0,30,,493,40,0,5 6,0,70,,488,40,0,5 6,0
600,'100009',547,,896,35,,,0,70,,886,35,,,0,18,,914,35,,,0,12,,897,35,,,0,70,,887,35,,,0,17,,915,35,,,0,13,,898,35,,,0,70,,888,35,,,0,39,,889,35,,,0,70,,906,35,,,0,30,,890,35,,,0,70,,907,35,,,0,30,,891,35,,,0,70,,916,35,,,0,30,,892,35,,,0,70,,917,35,,,0,83,,893,35,,,0,35,,918,35,,,0,75,,894,35,,,0,35,,899,35,,,0,75,,895,35,,,0,75,,908,35,,,0,35,,900,35,,,0,80,,909,35,,,0,40,,901,35,,,0,70,,910,35,,,0,30,,902,35,,,0,70,,911,35,,,0,30,,903,35,,,0,86,,912,35,,,0,70,,904,35,,,0,30,,913,35,,,0,70,,905,35,,,0,30,,920,35,,,0,70,,919,35,,,0
600,'100010',547,,931,35,,,0,70,,921,35,,,0,18,,949,35,,,0,12,,932,35,,,0,70,,922,35,,,0,17,,950,35,,,0,13,,933,35,,,0,70,,923,35,,,0,39,,924,35,,,0,70,,941,35,,,0,30,,925,35,,,0,70,,942,35,,,0,30,,926,35,,,0,70,,951,35,,,0,30,,927,35,,,0,70,,952,35,,,0,83,,928,35,,,0,35,,953,35,,,0,75,,929,35,,,0,35,,934,35,,,0,75,,930,35,,,0,75,,943,35,,,0,35,,935,35,,,0,80,,944,35,,,0,40,,936,35,,,0,70,,945,35,,,0,30,,937,35,,,0,70,,946,35,,,0,30,,938,35,,,0,86,,947,35,,,0,70,,939,35,,,0,30,,948,35,,,0,70,,940,35,,,0,30,,955,35,,,0,70,,954,35,,,0
600,'100011',754,,956,35,,,0,100,,957,35,,,0,100,,958,35,,,0,100,,959,35,,,0,100,,960,35,,,0,155,,961,35,,,0,100,,962,35,,,0,100,,963,35,,,0,100,,964,35,,,0,115,,965,35,,,0,100,,966,35,,,0,100,,967,35,,,0
600,'100012',754,,968,35,,,0,100,,969,35,,,0,100,,970,35,,,0,100,,971,35,,,0,100,,972,35,,,0,155,,973,35,,,0,100,,974,35,,,0,100,,975,35,,,0,100,,976,35,,,0,115,,977,35,,,0,100,,978,35,,,0,100,,979,35,,,0
5301,'100010',1604,,1369,51,,,0
1005300,'100010',808,,1513,30,,,0
