2019,'1476981',737,,160,0,12 13,0
2019,'1476982',807,,161,0,12 13,0
2019,'1476983',837,,162,0,12 13,0
2019,'1476984',907,,163,0,12 13,0
2019,'1476985',937,,164,0,12 13,0
2019,'1476986',1007,,165,0,12 13,0
2019,'1476987',1037,,166,0,12 13,0
2019,'1476988',1107,,167,0,12 13,0
2019,'1476989',1137,,168,0,12 13,0
2019,'1476990',1207,,169,0,12 13,0
2019,'1476991',1252,,170,0,12 13,0
2019,'1476992',1322,,171,0,12 13,0
2019,'1476993',1352,,172,0,12 13,0
2019,'1476994',1422,,173,0,12 13,0
2019,'1476995',1452,,174,0,12 13,0
2019,'1476996',1522,,175,0,12 13,0
2019,'1476997',1552,,176,0,12 13,0
2019,'1476998',1907,,177,0,12 13,0
2019,'1476999',1637,,178,0,12 13,0
2019,'1477000',1707,,179,0,12 13,0
2019,'1477001',1737,,180,0,12 13,0
2019,'1477002',1807,,181,0,12 13,0
2019,'1477003',1837,,182,0,12 13,0
2019,'1477147',559,,215,0,12 13,0
2019,'1477148',659,,216,0,12 13,0
2019,'1477149',759,,217,0,12 13,0
2019,'1477150',909,,218,0,12 13,0
2019,'1477151',1009,,219,0,12 13,0
2019,'1477152',1109,,220,0,12 13,0
2019,'1477153',1209,,221,0,12 13,0
2019,'1477154',1324,,222,0,12 13,0
2019,'1477156',629,,224,0,12 13,0
2019,'1477157',729,,225,0,12 13,0
2019,'1477158',839,,226,0,12 13,0
2019,'1477159',939,,227,0,12 13,0
2019,'1477160',1039,,228,0,12 13,0
2019,'1477161',1139,,229,0,12 13,0
2019,'1477162',1249,,230,0,12 13,0
2019,'1477163',1359,,231,0,12 13,0
2019,'1477173',1509,,241,0,12 13,0
2019,'1477174',1619,,242,0,12 13,0
2019,'1477175',1659,,243,0,12 13,0
2019,'1477176',1814,,244,0,12 13,0
2019,'1477177',1914,,245,0,12 13,0
2019,'1477178',2029,,246,0,12 13,0
2019,'1477179',2129,,247,0,12 13,0
2019,'1477187',1434,,255,0,12 13,0
2019,'1477188',1544,,256,0,12 13,0
2019,'1477189',1744,,257,0,12 13,0
2019,'1477190',1844,,258,0,12 13,0
2019,'1477191',1944,,259,0,12 13,0
2019,'1477192',2059,,260,0,12 13,0
2019,'1477193',2159,,261,0,12 13,0
2019,'1477200',2229,,268,0,12 13,0
2019,'1477201',2259,,269,0,12 13,0
2019,'1477769',1137,,273,0,12 13,0
2019,'1477770',1707,,274,0,12 13,0
2019,'1477771',1837,,275,0,12 13,0
2019,'1477772',1807,,276,0,12 13,0
2019,'1477773',1737,,277,0,12 13,0
2019,'1477774',737,,278,0,12 13,0
2019,'1477775',837,,279,0,12 13,0
2019,'1477776',1007,,280,0,12 13,0
2019,'1477777',937,,281,0,12 13,0
2019,'1477778',807,,282,0,12 13,0
2019,'1477779',1037,,283,0,12 13,0
2019,'1477780',1107,,284,0,12 13,0
2019,'1477781',1907,,285,0,12 13,0
2019,'1477782',1207,,286,0,12 13,0
2019,'1477783',1252,,287,0,12 13,0
2019,'1477784',1322,,288,0,12 13,0
2019,'1477785',1352,,289,0,12 13,0
2019,'1477786',1422,,290,0,12 13,0
2019,'1477787',1452,,291,0,12 13,0
2019,'1477788',907,,292,0,12 13,0
2019,'1477789',1552,,293,0,12 13,0
2019,'1477790',1637,,294,0,12 13,0
2019,'1477791',1522,,295,0,12 13,0
