309,'1476929',1719,,331,,,0
309,'1476930',1819,,332,,,0
309,'1476931',1919,,333,,,0
309,'1476932',748,,334,,,0
309,'1476933',848,,335,,,0
309,'1476934',948,,336,,,0
309,'1476935',1049,,337,,,0
309,'1476936',1149,,338,,,0
309,'1476937',1304,,339,,,0
309,'1476938',1404,,340,,,0
309,'1476939',1504,,341,,,0
309,'1476940',1604,,342,,,0
309,'1477265',543,,343,,,0
309,'1477266',613,,344,,,0
309,'1477267',643,,345,,,0
309,'1477268',713,,346,,,0
309,'1477269',743,,347,,,0
309,'1477270',753,,348,,,0
309,'1477271',853,,349,,,0
309,'1477272',953,,350,,,0
309,'1477273',1053,,351,,,0
309,'1477274',1153,,352,,,0
309,'1477275',813,,353,,,0
309,'1477276',923,,354,,,0
309,'1477277',1023,,355,,,0
309,'1477278',1123,,356,,,0
309,'1477279',1223,,357,,,0
309,'1477280',1303,,358,,,0
309,'1477281',1338,,359,,,0
309,'1477282',1413,,360,,,0
309,'1477283',1427,,361,,,0
309,'1477284',1448,,362,,,0
309,'1477285',1523,,363,,,0
309,'1477286',1558,,364,,,0
309,'1477287',1633,,365,,,0
309,'1477288',1713,,366,,,0
309,'1477289',1756,,367,,,0
309,'1477290',1826,,368,,,0
309,'1477291',1856,,369,,,0
309,'1477292',1926,,370,,,0
309,'1477293',1956,,371,,,0
309,'1477294',2041,,372,,,0
309,'1477295',2111,,373,,,0
309,'1477296',2141,,374,,,0
309,'1477297',2211,,375,,,0
309,'1477298',2241,,376,,,0
309,'1477299',2311,,377,,,0
309,'1477300',1528,,378,,,0
309,'1477565',1819,,427,,,0
309,'1477566',1919,,428,,,0
309,'1477567',1719,,429,,,0
309,'1477568',748,,430,,,0
309,'1477569',848,,431,,,0
309,'1477570',948,,432,,,0
309,'1477571',1049,,433,,,0
309,'1477572',1149,,434,,,0
309,'1477573',1304,,435,,,0
309,'1477574',1404,,436,,,0
309,'1477575',1504,,437,,,0
309,'1477576',1604,,438,,,0
5209,'1477511',754,,890,0,5 6 7,0
5209,'1477513',1504,,892,,,0
