201,'100009',528,,413,6,,,0,30,,422,6,,,0,70,,414,6,,,0,30,,423,6,,,0,70,,415,6,,,0,30,,424,6,,,0,80,,416,6,,,0,70,,425,6,,,0,30,,417,6,,,0,70,,426,6,,,0,30,,418,6,,,0,70,,427,6,,,0,30,,419,6,,,0,70,,428,6,,,0,38,,420,6,,,0,75,,429,6,,,0,35,,421,6,,,0,75,,430,6,,,0,75,,438,6,,,0,35,,431,6,,,0,75,,439,6,,,0,40,,432,6,,,0,85,,433,6,,,0,70,,440,6,,,0,30,,434,6,,,0,70,,441,6,,,0,30,,435,6,,,0,85,,442,6,,,0,30,,436,6,,,0,70,,443,6,,,0,30,,437,6,,,0,70,,444,6,,,0,30,,445,6,,,0,70,,446,6,,,0
201,'100010',706,,470,6,,,0,30,,469,6,,,0,70,,448,6,,,0,30,,447,6,,,0,70,,449,6,,,0,30,,450,6,,,0,70,,451,6,,,0,30,,452,6,,,0,70,,453,6,,,0,30,,454,6,,,0,70,,455,6,,,0,45,,456,6,,,0,70,,457,6,,,0,30,,458,6,,,0,70,,459,6,,,0,30,,460,6,,,0,70,,461,6,,,0,30,,462,6,,,0,85,,463,6,,,0,70,,464,6,,,0,30,,465,6,,,0,70,,466,6,,,0,30,,467,6,,,0,70,,468,6,,,0
201,'100011',806,,2023,23,,,0,30,,2027,23,,,0,70,,2024,23,,,0,30,,2037,23,,,0,70,,2026,23,,,0,30,,2025,23,,,0,70,,2028,23,,,0,30,,2029,23,,,0,70,,2018,23,,,0,45,,2031,23,,,0,70,,2032,23,,,0,30,,2033,23,,,0,70,,2034,23,,,0,30,,2035,23,,,0,70,,2036,23,,,0,30,,2040,23,,,0,85,,2038,23,,,0,70,,2039,23,,,0,30,,2019,23,,,0,70,,2022,23,,,0,30,,2021,23,,,0,70,,2020,23,,,0,30,,2030,23,,,0,70,,2041,23,,,0
201,'100012',806,,2047,23,,,0,30,,2051,23,,,0,70,,2048,23,,,0,30,,2061,23,,,0,70,,2050,23,,,0,30,,2049,23,,,0,70,,2052,23,,,0,30,,2053,23,,,0,70,,2042,23,,,0,45,,2055,23,,,0,70,,2056,23,,,0,30,,2057,23,,,0,70,,2058,23,,,0,30,,2059,23,,,0,70,,2060,23,,,0,30,,2064,23,,,0,85,,2062,23,,,0,70,,2063,23,,,0,30,,2043,23,,,0,70,,2046,23,,,0,30,,2045,23,,,0,70,,2044,23,,,0,30,,2054,23,,,0
201,'100013',528,,2095,6,,,0,30,,2098,23,,,0,70,,2065,23,,,0,30,,2073,23,,,0,70,,2066,23,,,0,30,,2074,23,,,0,80,,2067,23,,,0,70,,2075,23,,,0,30,,2068,23,,,0,70,,2076,23,,,0,30,,2069,23,,,0,70,,2077,23,,,0,30,,2070,23,,,0,70,,2078,23,,,0,30,,2071,23,,,0,83,,2096,23,,,0,35,,2072,23,,,0,75,,2079,23,,,0,75,,2086,23,,,0,35,,2080,23,,,0,75,,2087,23,,,0,40,,2081,23,,,0,85,,2097,23,,,0,70,,2088,23,,,0,30,,2082,23,,,0,70,,2089,23,,,0,30,,2083,23,,,0,85,,2090,23,,,0,30,,2084,23,,,0,70,,2091,23,,,0,30,,2085,23,,,0,70,,2092,23,,,0,30,,2093,23,,,0,71,,2094,23,,,0
201,'100014',528,,2129,6,,,0,30,,2132,23,,,0,70,,2099,23,,,0,30,,2107,23,,,0,70,,2100,23,,,0,30,,2108,23,,,0,80,,2101,23,,,0,70,,2109,23,,,0,30,,2102,23,,,0,70,,2110,23,,,0,30,,2103,23,,,0,70,,2111,23,,,0,30,,2104,23,,,0,70,,2112,23,,,0,30,,2105,23,,,0,83,,2130,23,,,0,35,,2106,23,,,0,75,,2113,23,,,0,75,,2120,23,,,0,35,,2114,23,,,0,75,,2121,23,,,0,40,,2115,23,,,0,85,,2131,23,,,0,70,,2122,23,,,0,30,,2116,23,,,0,70,,2123,23,,,0,30,,2117,23,,,0,85,,2124,23,,,0,30,,2118,23,,,0,70,,2125,23,,,0,30,,2119,23,,,0,70,,2126,23,,,0,30,,2127,23,,,0,71,,2128,23,,,0
201,'100015',806,,2133,23,,,0,30,,2134,23,,,0,70,,2135,23,,,0,30,,2136,23,,,0,70,,2137,23,,,0,30,,2138,23,,,0,70,,2139,23,,,0,30,,2140,23,,,0,70,,2141,23,,,0,45,,2142,23,,,0,70,,2143,23,,,0,30,,2144,23,,,0,70,,2145,23,,,0,30,,2146,23,,,0,70,,2147,23,,,0,30,,2148,23,,,0,85,,2149,23,,,0,70,,2151,23,,,0,30,,2152,23,,,0,70,,2153,23,,,0,30,,2154,23,,,0,70,,2155,23,,,0,30,,2150,23,,,0
600,'100009',526,,931,6,,,0,30,,921,6,,,0,58,,949,6,,,0,12,,932,6,,,0,30,,922,6,,,0,58,,950,6,,,0,12,,933,6,,,0,30,,923,6,,,0,80,,924,6,,,0,70,,941,6,,,0,30,,925,6,,,0,70,,942,6,,,0,30,,926,6,,,0,70,,951,6,,,0,30,,927,6,,,0,70,,952,6,,,0,39,,928,6,,,0,75,,953,6,,,0,35,,929,6,,,0,75,,934,6,,,0,75,,930,6,,,0,35,,943,6,,,0,75,,935,6,,,0,40,,944,6,,,0,84,,936,6,,,0,70,,945,6,,,0,30,,937,6,,,0,70,,946,6,,,0,30,,938,6,,,0,85,,947,6,,,0,30,,939,6,,,0,70,,948,6,,,0,30,,940,6,,,0,70,,955,6,,,0,30,,954,6,,,0
600,'100010',734,,956,6,,,0,100,,957,6,,,0,100,,958,6,,,0,100,,959,6,,,0,100,,960,6,,,0,115,,961,6,,,0,100,,962,6,,,0,100,,963,6,,,0,100,,964,6,,,0,155,,965,6,,,0,100,,966,6,,,0,100,,967,6,,,0
600,'100011',734,,2610,6,,,0,100,,2611,6,,,0,100,,2612,6,,,0,100,,2613,6,,,0,100,,2614,6,,,0,115,,2615,6,,,0,100,,2616,6,,,0,100,,2617,6,,,0,100,,2618,6,,,0,155,,2619,6,,,0,100,,2620,6,,,0,100,,2621,6,,,0,100,,2622,6,,,0
600,'100012',734,,2623,6,,,0,100,,2624,6,,,0,100,,2625,6,,,0,100,,2626,6,,,0,100,,2627,6,,,0,115,,2628,6,,,0,100,,2629,6,,,0,100,,2630,6,,,0,100,,2631,6,,,0,155,,2632,6,,,0,100,,2633,6,,,0,100,,2634,6,,,0
600,'100013',526,,2645,6,,,0,30,,2635,6,,,0,58,,2663,6,,,0,12,,2646,6,,,0,30,,2636,6,,,0,58,,2664,6,,,0,12,,2647,6,,,0,30,,2637,6,,,0,80,,2638,6,,,0,70,,2655,6,,,0,30,,2639,6,,,0,70,,2656,6,,,0,30,,2640,6,,,0,70,,2665,6,,,0,30,,2641,6,,,0,70,,2666,6,,,0,39,,2642,6,,,0,75,,2667,6,,,0,35,,2643,6,,,0,75,,2648,6,,,0,75,,2644,6,,,0,35,,2657,6,,,0,75,,2649,6,,,0,40,,2658,6,,,0,84,,2650,6,,,0,70,,2659,6,,,0,30,,2651,6,,,0,70,,2660,6,,,0,30,,2652,6,,,0,85,,2661,6,,,0,30,,2653,6,,,0,70,,2662,6,,,0,30,,2654,6,,,0,70,,2669,6,,,0,30,,2668,6,,,0
600,'100014',526,,2680,6,,,0,30,,2670,6,,,0,58,,2698,6,,,0,12,,2681,6,,,0,30,,2671,6,,,0,58,,2699,6,,,0,12,,2682,6,,,0,30,,2672,6,,,0,80,,2673,6,,,0,70,,2690,6,,,0,30,,2674,6,,,0,70,,2691,6,,,0,30,,2675,6,,,0,70,,2700,6,,,0,30,,2676,6,,,0,70,,2701,6,,,0,39,,2677,6,,,0,75,,2702,6,,,0,35,,2678,6,,,0,75,,2683,6,,,0,75,,2679,6,,,0,35,,2692,6,,,0,75,,2684,6,,,0,40,,2693,6,,,0,84,,2685,6,,,0,70,,2694,6,,,0,30,,2686,6,,,0,70,,2695,6,,,0,30,,2687,6,,,0,85,,2696,6,,,0,30,,2688,6,,,0,70,,2697,6,,,0,30,,2689,6,,,0,70,,2704,6,,,0,30,,2703,6,,,0
600,'100015',734,,2705,6,,,0,100,,2706,6,,,0,100,,2707,6,,,0,100,,2708,6,,,0,100,,2709,6,,,0,115,,2710,6,,,0,100,,2711,6,,,0,100,,2712,6,,,0,100,,2713,6,,,0,155,,2714,6,,,0,100,,2715,6,,,0,100,,2716,6,,,0
5300,'100009',753,,1367,5,,,0
5300,'100013',753,,3171,5,,,0
