100,'100009',551,,1,1,,,0,60,,27,1,,,0,20,,6,1,,,0,20,,2,1,,,0,60,,26,1,,,0,20,,19,1,,,0,20,,3,1,,,0,60,,28,1,,,0,20,,7,1,,,0,20,,4,1,,,0,60,,25,1,,,0,18,,20,1,,,0,20,,5,1,,,0,80,,8,1,,,0,30,,17,1,,,0,70,,21,1,,,0,30,,18,1,,,0,71,,9,1,,,0,70,,16,1,,,0,30,,22,1,,,0,80,,10,1,,,0,30,,40,1,,,0,70,,24,1,,,0,20,,35,1,,,0,20,,34,1,,,0,60,,23,1,,,0,20,,36,1,,,0,20,,33,1,,,0,60,,11,1,,,0,18,,37,1,,,0,20,,32,1,,,0,60,,12,1,,,0,20,,38,1,,,0,20,,31,1,,,0,60,,13,1,,,0,20,,39,1,,,0,20,,30,1,,,0,60,,14,1,,,0,38,,29,1,,,0,70,,15,1,,,0,30,,42,1,,,0,70,,41,1,,,0,29,,43,1,,,0
100,'100010',611,,60,1,,,0,20,,44,1,,,0,80,,59,1,,,0,20,,53,1,,,0,80,,61,1,,,0,20,,45,1,,,0,80,,58,1,,,0,18,,54,1,,,0,100,,46,1,,,0,100,,55,1,,,0,101,,47,1,,,0,100,,56,1,,,0,110,,73,1,,,0,90,,68,1,,,0,20,,67,1,,,0,60,,57,1,,,0,20,,69,1,,,0,20,,66,1,,,0,60,,48,1,,,0,18,,70,1,,,0,20,,65,1,,,0,60,,49,1,,,0,20,,71,1,,,0,20,,64,1,,,0,60,,50,1,,,0,20,,72,1,,,0,20,,63,1,,,0,60,,51,1,,,0,38,,62,1,,,0,70,,52,1,,,0,30,,75,1,,,0,70,,74,1,,,0,29,,76,1,,,0
100,'100011',551,,77,1,,,0,100,,78,1,,,0,100,,79,1,,,0,100,,80,1,,,0,98,,81,1,,,0,110,,84,1,,,0,100,,85,1,,,0,141,,83,1,,,0,110,,82,1,,,0,100,,86,1,,,0
100,'100012',759,,100,1,,,0,70,,87,1,,,0,30,,110,1,,,0,70,,88,1,,,0,30,,101,1,,,0,70,,89,1,,,0,30,,102,1,,,0,70,,91,1,,,0,30,,103,1,,,0,70,,90,1,,,0,30,,104,1,,,0,70,,92,1,,,0,30,,105,1,,,0,70,,93,1,,,0,30,,106,1,,,0,70,,94,1,,,0,30,,107,1,,,0,70,,95,1,,,0,30,,108,1,,,0,70,,96,1,,,0,30,,109,1,,,0,70,,97,1,,,0,30,,99,1,,,0,70,,98,1,,,0
100,'100013',829,,111,1,,,0,100,,112,1,,,0,100,,113,1,,,0,100,,114,1,,,0,100,,115,1,,,0,100,,116,1,,,0,100,,117,1,,,0,100,,118,1,,,0,100,,119,1,,,0,100,,120,1,,,0,100,,121,1,,,0,100,,122,1,,,0
100,'100037',551,,123,1,,,0,100,,124,1,,,0,100,,125,1,,,0,100,,126,1,,,0,98,,127,1,,,0,110,,130,1,,,0,100,,131,1,,,0,141,,129,1,,,0,110,,128,1,,,0,100,,132,1,,,0
101,'100009',549,,134,27,4,,0,60,,157,27,4,,0,20,,138,27,4,,0,20,,137,27,4,,0,60,,158,27,4,,0,20,,139,27,4,,0,20,,136,27,4,,0,60,,159,27,4,,0,20,,140,27,4,,0,20,,133,27,4,,0,60,,160,27,4,,0,18,,141,27,4,,0,20,,135,27,4,,0,80,,142,27,4,,0,30,,153,27,4,,0,70,,143,27,4,,0,30,,154,27,4,,0,71,,144,27,4,,0,30,,155,27,4,,0,70,,145,27,4,,0,80,,146,27,4,,0,30,,172,27,4,,0,70,,147,27,4,,0,20,,168,27,4,,0,20,,166,27,4,,0,60,,148,27,4,,0,20,,169,27,4,,0,20,,165,27,4,,0,60,,149,27,4,,0,18,,170,27,4,,0,20,,164,27,4,,0,60,,150,27,4,,0,20,,171,27,4,,0,20,,163,27,4,,0,60,,151,27,4,,0,20,,167,27,4,,0,20,,162,27,4,,0,60,,152,27,4,,0,38,,161,27,4,,0,70,,156,27,4,,0,30,,173,27,4,,0,70,,174,27,4,,0,29,,176,27,4,,0,70,,175,27,4,,0
101,'100010',609,,191,27,4,,0,20,,177,27,4,,0,80,,192,27,4,,0,20,,178,27,4,,0,80,,193,27,4,,0,20,,179,27,4,,0,80,,194,27,4,,0,18,,180,27,4,,0,100,,181,27,4,,0,100,,182,27,4,,0,101,,183,27,4,,0,100,,184,27,4,,0,110,,206,27,4,,0,90,,202,27,4,,0,20,,200,27,4,,0,60,,185,27,4,,0,20,,203,27,4,,0,20,,199,27,4,,0,60,,186,27,4,,0,18,,204,27,4,,0,20,,198,27,4,,0,60,,187,27,4,,0,20,,205,27,4,,0,20,,197,27,4,,0,60,,188,27,4,,0,20,,201,27,4,,0,20,,196,27,4,,0,60,,189,27,4,,0,38,,195,27,4,,0,70,,190,27,4,,0,30,,207,27,4,,0,70,,208,27,4,,0,29,,210,27,4,,0,70,,209,27,4,,0
101,'100011',549,,212,27,4,,0,100,,215,27,4,,0,100,,214,27,4,,0,100,,211,27,4,,0,98,,213,27,4,,0,110,,218,27,4,,0,100,,219,27,4,,0,101,,220,27,4,,0,150,,216,27,4,,0,100,,217,27,4,,0
101,'100012',757,,244,27,4,,0,70,,221,27,4,,0,30,,233,27,4,,0,70,,222,27,4,,0,30,,234,27,4,,0,70,,223,27,4,,0,30,,235,27,4,,0,70,,224,27,4,,0,30,,236,27,4,,0,70,,225,27,4,,0,30,,237,27,4,,0,70,,227,27,4,,0,30,,238,27,4,,0,70,,226,27,4,,0,30,,239,27,4,,0,70,,229,27,4,,0,30,,240,27,4,,0,70,,228,27,4,,0,30,,241,27,4,,0,70,,230,27,4,,0,30,,242,27,4,,0,70,,231,27,4,,0,30,,243,27,4,,0,70,,232,27,4,,0
101,'100013',827,,245,27,4,,0,100,,246,27,4,,0,100,,247,27,4,,0,100,,248,27,4,,0,100,,249,27,4,,0,100,,250,27,4,,0,100,,251,27,4,,0,100,,252,27,4,,0,100,,253,27,4,,0,100,,254,27,4,,0,100,,255,27,4,,0,100,,256,27,4,,0
101,'100037',549,,258,27,4,,0,100,,261,27,4,,0,100,,260,27,4,,0,100,,257,27,4,,0,98,,259,27,4,,0,110,,264,27,4,,0,100,,265,27,4,,0,101,,266,27,4,,0,150,,262,27,4,,0,100,,263,27,4,,0
