700,'100010',821,,2717,33,,,0,100,,2718,33,,,0,100,,2719,33,,,0,100,,2720,33,,,0,100,,2721,33,,,0,115,,2722,33,,,0,100,,2723,33,,,0,100,,2724,33,,,0,115,,2725,33,,,0,100,,2726,33,,,0,100,,2727,33,,,0,100,,2728,33,,,0
700,'100011',821,,2729,33,,,0,100,,2730,33,,,0,100,,2731,33,,,0,100,,2732,33,,,0,100,,2733,33,,,0,115,,2734,33,,,0,100,,2735,33,,,0,100,,2736,33,,,0,115,,2737,33,,,0,100,,2738,33,,,0,100,,2739,33,,,0
700,'100012',544,,2740,33,,,0,70,,2750,33,,,0,30,,2741,33,,,0,58,,2768,33,,,0,12,,2751,33,,,0,30,,2742,33,,,0,70,,2752,33,,,0,40,,2761,33,,,0,70,,2743,33,,,0,30,,2762,33,,,0,70,,2744,33,,,0,30,,2769,33,,,0,70,,2745,33,,,0,30,,2770,33,,,0,70,,2746,33,,,0,83,,2771,33,,,0,35,,2747,33,,,0,75,,2753,33,,,0,35,,2748,33,,,0,75,,2754,33,,,0,75,,2749,33,,,0,35,,2755,33,,,0,80,,2756,33,,,0,40,,2763,33,,,0,70,,2757,33,,,0,30,,2764,33,,,0,70,,2758,33,,,0,30,,2765,33,,,0,86,,2759,33,,,0,70,,2766,33,,,0,30,,2760,33,,,0,70,,2767,33,,,0,30,,2772,33,,,0,70,,2773,33,,,0
700,'100013',544,,2774,33,,,0,70,,2784,33,,,0,30,,2775,33,,,0,58,,2802,33,,,0,12,,2785,33,,,0,30,,2776,33,,,0,70,,2786,33,,,0,40,,2795,33,,,0,70,,2777,33,,,0,30,,2796,33,,,0,70,,2778,33,,,0,30,,2803,33,,,0,70,,2779,33,,,0,30,,2804,33,,,0,70,,2780,33,,,0,83,,2805,33,,,0,35,,2781,33,,,0,75,,2787,33,,,0,35,,2782,33,,,0,75,,2788,33,,,0,75,,2783,33,,,0,35,,2789,33,,,0,80,,2790,33,,,0,40,,2797,33,,,0,70,,2791,33,,,0,30,,2798,33,,,0,70,,2792,33,,,0,30,,2799,33,,,0,86,,2793,33,,,0,70,,2800,33,,,0,30,,2794,33,,,0,70,,2801,33,,,0,30,,2806,33,,,0,70,,2807,33,,,0
700,'100014',821,,2808,33,,,0,100,,2809,33,,,0,100,,2810,33,,,0,100,,2811,33,,,0,100,,2812,33,,,0,115,,2813,33,,,0,100,,2814,33,,,0,100,,2815,33,,,0,115,,2816,33,,,0,100,,2817,33,,,0,100,,2818,33,,,0
1000900,'100010',757,,3176,25,,,0,80,,3177,25,,,0,80,,3178,25,,,0,40,,3179,25,,,0,80,,3180,25,,,0,80,,3181,25,,,0,40,,3182,25,,,0,85,,3183,25,,,0,80,,3184,25,,,0,81,,3185,25,,,0,40,,3186,25,,,0,80,,3187,25,,,0,80,,3188,25,,,0,40,,3189,25,,,0,85,,3190,25,,,0,80,,3191,25,,,0,40,,3192,25,,,0,80,,3193,25,,,0,80,,3194,25,,,0
1000900,'100011',757,,3195,25,,,0,80,,3196,25,,,0,80,,3197,25,,,0,40,,3198,25,,,0,80,,3199,25,,,0,80,,3200,25,,,0,40,,3201,25,,,0,85,,3202,25,,,0,80,,3203,25,,,0,81,,3204,25,,,0,40,,3205,25,,,0,80,,3206,25,,,0,80,,3207,25,,,0,40,,3208,25,,,0,85,,3209,25,,,0,80,,3210,25,,,0,40,,3211,25,,,0,80,,3212,25,,,0
1000900,'100012',544,,3223,25,,,0,70,,3224,25,,,0,30,,3225,25,,,0,70,,3226,25,,,0,30,,3227,25,,,0,70,,3228,25,,,0,22,,3229,25,,,0,68,,3230,25,,,0,35,,3231,25,,,0,20,,3232,25,,,0,70,,3233,25,,,0,30,,3234,25,,,0,70,,3235,25,,,0,30,,3236,25,,,0,70,,3237,25,,,0,30,,3238,25,,,0,70,,3239,25,,,0,30,,3240,25,,,0,73,,3241,25,,,0,70,,3242,25,,,0,34,,3243,25,,,0,64,,3244,25,,,0,32,,3245,25,,,0,70,,3246,25,,,0,18,,3247,25,,,0,85,,3216,25,,,0,30,,3217,25,,,0,70,,3220,25,,,0,30,,3213,25,,,0,67,,3215,25,,,0,44,,3221,25,,,0,85,,3219,25,,,0,75,,3218,25,,,0,35,,3222,25,,,0,75,,3214,25,,,0
1000900,'100013',544,,3258,25,,,0,70,,3259,25,,,0,30,,3260,25,,,0,70,,3261,25,,,0,30,,3262,25,,,0,70,,3263,25,,,0,22,,3264,25,,,0,68,,3265,25,,,0,35,,3266,25,,,0,20,,3267,25,,,0,70,,3268,25,,,0,30,,3269,25,,,0,70,,3270,25,,,0,30,,3271,25,,,0,70,,3272,25,,,0,30,,3273,25,,,0,70,,3274,25,,,0,30,,3275,25,,,0,73,,3276,25,,,0,70,,3277,25,,,0,34,,3278,25,,,0,64,,3279,25,,,0,32,,3280,25,,,0,70,,3281,25,,,0,18,,3282,25,,,0,85,,3251,25,,,0,30,,3252,25,,,0,70,,3255,25,,,0,30,,3248,25,,,0,67,,3250,25,,,0,44,,3256,25,,,0,85,,3254,25,,,0,75,,3253,25,,,0,35,,3257,25,,,0,75,,3249,25,,,0
1000900,'100014',757,,3283,25,,,0,80,,3284,25,,,0,80,,3285,25,,,0,40,,3286,25,,,0,80,,3287,25,,,0,80,,3288,25,,,0,40,,3289,25,,,0,85,,3290,25,,,0,80,,3291,25,,,0,81,,3292,25,,,0,40,,3293,25,,,0,80,,3294,25,,,0,80,,3295,25,,,0,40,,3296,25,,,0,85,,3297,25,,,0,80,,3298,25,,,0,40,,3299,25,,,0,80,,3300,25,,,0
2000900,'100010',819,,3305,23,,,0,40,,3306,23,,,0,80,,3307,23,,,0,80,,3308,23,,,0,40,,3309,23,,,0,80,,3310,23,,,0,79,,3311,23,,,0,40,,3312,23,,,0,85,,3313,23,,,0,80,,3314,23,,,0,81,,3315,23,,,0,40,,3316,23,,,0,85,,3317,23,,,0,80,,3318,23,,,0,40,,3319,23,,,0,80,,3320,23,,,0,80,,3321,23,,,0,40,,3323,23,,,0,80,,3322,23,,,0
2000900,'100011',819,,3324,23,,,0,40,,3325,23,,,0,80,,3326,23,,,0,80,,3327,23,,,0,40,,3328,23,,,0,80,,3329,23,,,0,79,,3330,23,,,0,40,,3331,23,,,0,85,,3332,23,,,0,80,,3333,23,,,0,81,,3334,23,,,0,40,,3335,23,,,0,85,,3336,23,,,0,80,,3337,23,,,0,40,,3338,23,,,0,80,,3339,23,,,0,80,,3340,23,,,0
2000900,'100012',609,,3341,23,,,0,20,,3342,23,,,0,30,,3343,23,,,0,70,,3344,23,,,0,30,,3345,23,,,0,60,,3346,23,,,0,40,,3347,23,,,0,62,,3372,23,,,0,28,,3348,23,,,0,70,,3349,23,,,0,20,,3350,23,,,0,70,,3351,23,,,0,30,,3352,23,,,0,70,,3353,23,,,0,30,,3354,23,,,0,70,,3355,23,,,0,30,,3356,23,,,0,70,,3357,23,,,0,32,,3358,23,,,0,71,,3359,23,,,0,30,,3360,23,,,0,74,,3361,23,,,0,24,,3362,23,,,0,72,,3363,23,,,0,38,,3364,23,,,0,70,,3365,23,,,0,30,,3366,23,,,0,70,,3367,23,,,0,30,,3368,23,,,0,65,,3369,23,,,0,32,,3370,23,,,0,74,,3371,23,,,0,85,,3373,23,,,0,35,,3374,23,,,0,76,,3375,23,,,0
2000900,'100013',609,,3376,23,,,0,20,,3377,23,,,0,30,,3378,23,,,0,70,,3379,23,,,0,30,,3380,23,,,0,60,,3381,23,,,0,40,,3382,23,,,0,62,,3407,23,,,0,28,,3383,23,,,0,70,,3384,23,,,0,20,,3385,23,,,0,70,,3386,23,,,0,30,,3387,23,,,0,70,,3388,23,,,0,30,,3389,23,,,0,70,,3390,23,,,0,30,,3391,23,,,0,70,,3392,23,,,0,32,,3393,23,,,0,71,,3394,23,,,0,30,,3395,23,,,0,74,,3396,23,,,0,24,,3397,23,,,0,72,,3398,23,,,0,38,,3399,23,,,0,70,,3400,23,,,0,30,,3401,23,,,0,70,,3402,23,,,0,30,,3403,23,,,0,65,,3404,23,,,0,32,,3405,23,,,0,74,,3406,23,,,0,85,,3408,23,,,0,35,,3409,23,,,0,76,,3410,23,,,0
2000900,'100014',819,,3411,23,,,0,40,,3412,23,,,0,80,,3413,23,,,0,80,,3414,23,,,0,40,,3415,23,,,0,80,,3416,23,,,0,79,,3417,23,,,0,40,,3418,23,,,0,85,,3419,23,,,0,80,,3420,23,,,0,81,,3421,23,,,0,40,,3422,23,,,0,85,,3423,23,,,0,80,,3424,23,,,0,40,,3425,23,,,0,80,,3426,23,,,0,80,,3427,23,,,0
