200,'100009',715,,1902,4,0,5 6,0,30,,1901,4,0,5 6,0,70,,1880,4,0,5 6,0,30,,1879,4,0,5 6,0,70,,1881,4,0,5 6,0,30,,1882,4,0,5 6,0,70,,1883,4,0,5 6,0,30,,1884,4,0,5 6,0,70,,1885,4,0,5 6,0,30,,1886,4,0,5 6,0,85,,1887,4,0,5 6,0,70,,1888,4,0,5 6,0,30,,1889,4,0,5 6,0,70,,1890,4,0,5 6,0,30,,1891,4,0,5 6,0,70,,1892,4,0,5 6,0,30,,1893,4,0,5 6,0,85,,1894,4,0,5 6,0,30,,1895,4,0,5 6,0,70,,1896,4,0,5 6,0,30,,1897,4,0,5 6,0,70,,1898,4,0,5 6,0,30,,1899,4,0,5 6,0,70,,1900,4,0,5 6,0,30,,1903,4,0,5 6,0
200,'100010',715,,1927,4,0,5 6,0,30,,1926,4,0,5 6,0,70,,1905,4,0,5 6,0,30,,1904,4,0,5 6,0,70,,1906,4,0,5 6,0,30,,1907,4,0,5 6,0,70,,1908,4,0,5 6,0,30,,1909,4,0,5 6,0,70,,1910,4,0,5 6,0,30,,1911,4,0,5 6,0,85,,1912,4,0,5 6,0,70,,1913,4,0,5 6,0,30,,1914,4,0,5 6,0,70,,1915,4,0,5 6,0,30,,1916,4,0,5 6,0,70,,1917,4,0,5 6,0,30,,1918,4,0,5 6,0,85,,1919,4,0,5 6,0,30,,1920,4,0,5 6,0,70,,1921,4,0,5 6,0,30,,1922,4,0,5 6,0,70,,1923,4,0,5 6,0,30,,1924,4,0,5 6,0,70,,1925,4,0,5 6,0
200,'100011',537,,1928,4,0,5 6,0,70,,1937,4,0,5 6,0,30,,1929,4,0,5 6,0,70,,1938,4,0,5 6,0,30,,1930,4,0,5 6,0,70,,1939,4,0,5 6,0,40,,1931,4,0,5 6,0,70,,1940,4,0,5 6,0,30,,1932,4,0,5 6,0,70,,1941,4,0,5 6,0,30,,1933,4,0,5 6,0,70,,1942,4,0,5 6,0,30,,1934,4,0,5 6,0,70,,1943,4,0,5 6,0,41,,1935,4,0,5 6,0,75,,1944,4,0,5 6,0,75,,1936,4,0,5 6,0,35,,1945,4,0,5 6,0,75,,1953,4,0,5 6,0,35,,1946,4,0,5 6,0,75,,1954,4,0,5 6,0,80,,1947,4,0,5 6,0,42,,1948,4,0,5 6,0,70,,1955,4,0,5 6,0,30,,1949,4,0,5 6,0,70,,1956,4,0,5 6,0,30,,1950,4,0,5 6,0,85,,1957,4,0,5 6,0,70,,1951,4,0,5 6,0,30,,1958,4,0,5 6,0,70,,1952,4,0,5 6,0,30,,1959,4,0,5 6,0,70,,1960,4,0,5 6,0
200,'100012',537,,1961,4,0,5 6,0,70,,1970,4,0,5 6,0,30,,1962,4,0,5 6,0,70,,1971,4,0,5 6,0,30,,1963,4,0,5 6,0,70,,1972,4,0,5 6,0,40,,1964,4,0,5 6,0,70,,1973,4,0,5 6,0,30,,1965,4,0,5 6,0,70,,1974,4,0,5 6,0,30,,1966,4,0,5 6,0,70,,1975,4,0,5 6,0,30,,1967,4,0,5 6,0,70,,1976,4,0,5 6,0,41,,1968,4,0,5 6,0,75,,1977,4,0,5 6,0,75,,1969,4,0,5 6,0,35,,1978,4,0,5 6,0,75,,1986,4,0,5 6,0,35,,1979,4,0,5 6,0,75,,1987,4,0,5 6,0,80,,1980,4,0,5 6,0,42,,1981,4,0,5 6,0,70,,1988,4,0,5 6,0,30,,1982,4,0,5 6,0,70,,1989,4,0,5 6,0,30,,1983,4,0,5 6,0,85,,1990,4,0,5 6,0,70,,1984,4,0,5 6,0,30,,1991,4,0,5 6,0,70,,1985,4,0,5 6,0,30,,1992,4,0,5 6,0,70,,1993,4,0,5 6,0
200,'100013',715,,2017,4,0,5 6,0,30,,1994,4,0,5 6,0,70,,1995,4,0,5 6,0,30,,1996,4,0,5 6,0,70,,1997,4,0,5 6,0,30,,1998,4,0,5 6,0,70,,1999,4,0,5 6,0,30,,2000,4,0,5 6,0,70,,2001,4,0,5 6,0,30,,2002,4,0,5 6,0,85,,2003,4,0,5 6,0,70,,2004,4,0,5 6,0,30,,2005,4,0,5 6,0,70,,2006,4,0,5 6,0,30,,2007,4,0,5 6,0,70,,2008,4,0,5 6,0,30,,2009,4,0,5 6,0,85,,2010,4,0,5 6,0,30,,2012,4,0,5 6,0,70,,2013,4,0,5 6,0,30,,2014,4,0,5 6,0,70,,2015,4,0,5 6,0,30,,2016,4,0,5 6,0,70,,2011,4,0,5 6,0
5000,'100011',800,,3162,32,,,0
5100,'100011',757,,3165,32,0,5 28,0
5101,'100011',1452,,3167,24,0,5 28,0
1005300,'100011',759,,3301,15,,,0
1005300,'100012',759,,3302,15,,,0
