309,'1476918',809,,320,,,0
309,'1476919',909,,321,,,0
309,'1476920',1009,,322,,,0
309,'1476921',1109,,323,,,0
309,'1476922',1209,,324,,,0
309,'1476923',1324,,325,,,0
309,'1476924',1424,,326,,,0
309,'1476925',1524,,327,,,0
309,'1476926',1624,,328,,,0
309,'1476927',1739,,329,,,0
309,'1476928',1839,,330,,,0
309,'1477301',533,,379,,,0
309,'1477302',603,,380,,,0
309,'1477303',633,,381,,,0
309,'1477304',703,,382,,,0
309,'1477305',733,,383,,,0
309,'1477306',803,,384,,,0
309,'1477307',833,,385,,,0
309,'1477308',618,,386,,,0
309,'1477309',813,,387,,,0
309,'1477310',913,,388,,,0
309,'1477311',1013,,389,,,0
309,'1477312',1113,,390,,,0
309,'1477313',1215,,391,,,0
309,'1477314',943,,392,,,0
309,'1477315',1043,,393,,,0
309,'1477316',1143,,394,,,0
309,'1477317',1245,,395,,,0
309,'1477318',1328,,396,,,0
309,'1477319',1403,,397,,,0
309,'1477320',1438,,398,,,0
309,'1477321',1439,,399,,,0
309,'1477322',1452,,400,,,0
309,'1477323',1513,,401,,,0
309,'1477324',1548,,402,,,0
309,'1477325',1553,,403,,,0
309,'1477326',1623,,404,,,0
309,'1477327',1658,,405,,,0
309,'1477328',1738,,406,,,0
309,'1477329',1816,,407,,,0
309,'1477330',1846,,408,,,0
309,'1477331',1916,,409,,,0
309,'1477332',1946,,410,,,0
309,'1477333',2016,,411,,,0
309,'1477334',2101,,412,,,0
309,'1477335',2131,,413,,,0
309,'1477336',2201,,414,,,0
309,'1477337',2231,,415,,,0
309,'1477554',809,,416,,,0
309,'1477555',909,,417,,,0
309,'1477556',1009,,418,,,0
309,'1477557',1109,,419,,,0
309,'1477558',1209,,420,,,0
309,'1477559',1424,,421,,,0
309,'1477560',1524,,422,,,0
309,'1477561',1624,,423,,,0
309,'1477562',1739,,424,,,0
309,'1477563',1839,,425,,,0
309,'1477564',1324,,426,,,0
5209,'1477512',1450,,891,4,,0
5409,'1477518',1428,,896,,,0
