600,'100009',539,,931,26,,,0,70,,921,26,,,0,18,,949,26,,,0,12,,932,26,,,0,70,,922,26,,,0,17,,950,26,,,0,13,,933,26,,,0,70,,923,26,,,0,39,,924,26,,,0,70,,941,26,,,0,30,,925,26,,,0,70,,942,26,,,0,30,,926,26,,,0,70,,951,26,,,0,30,,927,26,,,0,70,,952,26,,,0,82,,928,26,,,0,35,,953,26,,,0,75,,929,26,,,0,35,,934,26,,,0,75,,930,26,,,0,35,,943,26,,,0,75,,935,26,,,0,80,,944,26,,,0,41,,936,26,,,0,70,,945,26,,,0,30,,937,26,,,0,70,,946,26,,,0,30,,938,26,,,0,86,,947,26,,,0,70,,939,26,,,0,30,,948,26,,,0,70,,940,26,,,0,30,,955,26,,,0,70,,954,26,,,0
600,'100010',746,,956,26,,,0,100,,957,26,,,0,100,,958,26,,,0,100,,959,26,,,0,100,,960,26,,,0,155,,961,26,,,0,100,,962,26,,,0,100,,963,26,,,0,100,,964,26,,,0,115,,965,26,,,0,100,,966,26,,,0,100,,967,26,,,0
600,'100011',746,,2610,26,,,0,100,,2611,26,,,0,100,,2612,26,,,0,100,,2613,26,,,0,100,,2614,26,,,0,155,,2615,26,,,0,100,,2616,26,,,0,100,,2617,26,,,0,100,,2618,26,,,0,115,,2619,26,,,0,100,,2620,26,,,0,100,,2621,26,,,0,100,,2622,26,,,0
600,'100012',746,,2623,26,,,0,100,,2624,26,,,0,100,,2625,26,,,0,100,,2626,26,,,0,100,,2627,26,,,0,155,,2628,26,,,0,100,,2629,26,,,0,100,,2630,26,,,0,100,,2631,26,,,0,115,,2632,26,,,0,100,,2633,26,,,0,100,,2634,26,,,0
600,'100013',539,,2645,26,,,0,70,,2635,26,,,0,18,,2663,26,,,0,12,,2646,26,,,0,70,,2636,26,,,0,17,,2664,26,,,0,13,,2647,26,,,0,70,,2637,26,,,0,39,,2638,26,,,0,70,,2655,26,,,0,30,,2639,26,,,0,70,,2656,26,,,0,30,,2640,26,,,0,70,,2665,26,,,0,30,,2641,26,,,0,70,,2666,26,,,0,82,,2642,26,,,0,35,,2667,26,,,0,75,,2643,26,,,0,35,,2648,26,,,0,75,,2644,26,,,0,35,,2657,26,,,0,75,,2649,26,,,0,80,,2658,26,,,0,41,,2650,26,,,0,70,,2659,26,,,0,30,,2651,26,,,0,70,,2660,26,,,0,30,,2652,26,,,0,86,,2661,26,,,0,70,,2653,26,,,0,30,,2662,26,,,0,70,,2654,26,,,0,30,,2669,26,,,0,70,,2668,26,,,0
600,'100014',539,,2680,26,,,0,70,,2670,26,,,0,18,,2698,26,,,0,12,,2681,26,,,0,70,,2671,26,,,0,17,,2699,26,,,0,13,,2682,26,,,0,70,,2672,26,,,0,39,,2673,26,,,0,70,,2690,26,,,0,30,,2674,26,,,0,70,,2691,26,,,0,30,,2675,26,,,0,70,,2700,26,,,0,30,,2676,26,,,0,70,,2701,26,,,0,82,,2677,26,,,0,35,,2702,26,,,0,75,,2678,26,,,0,35,,2683,26,,,0,75,,2679,26,,,0,35,,2692,26,,,0,75,,2684,26,,,0,80,,2693,26,,,0,41,,2685,26,,,0,70,,2694,26,,,0,30,,2686,26,,,0,70,,2695,26,,,0,30,,2687,26,,,0,86,,2696,26,,,0,70,,2688,26,,,0,30,,2697,26,,,0,70,,2689,26,,,0,30,,2704,26,,,0,70,,2703,26,,,0
600,'100015',746,,2705,26,,,0,100,,2706,26,,,0,100,,2707,26,,,0,100,,2708,26,,,0,100,,2709,26,,,0,155,,2710,26,,,0,100,,2711,26,,,0,100,,2712,26,,,0,100,,2713,26,,,0,115,,2714,26,,,0,100,,2715,26,,,0,100,,2716,26,,,0
5000,'100009',738,,1358,5,0,7 8 9 10 11,0
5000,'100013',738,,3162,5,0,7 8 9 10 11,0
5001,'100009',1442,,1359,13,,,0,58,,1360,10,,,0
5001,'100013',1442,,3163,13,,,0,58,,3164,10,,,0
