201,'100009',533,,413,16,,,0,70,,422,16,,,0,30,,414,16,,,0,70,,423,16,,,0,30,,415,16,,,0,70,,424,16,,,0,40,,416,16,,,0,70,,425,16,,,0,30,,417,16,,,0,70,,426,16,,,0,30,,418,16,,,0,70,,427,16,,,0,30,,419,16,,,0,70,,428,16,,,0,40,,420,16,,,0,75,,429,16,,,0,75,,421,16,,,0,35,,430,16,,,0,75,,438,16,,,0,35,,431,16,,,0,75,,439,16,,,0,80,,432,16,,,0,43,,433,16,,,0,70,,440,16,,,0,30,,434,16,,,0,70,,441,16,,,0,30,,435,16,,,0,85,,442,16,,,0,70,,436,16,,,0,30,,443,16,,,0,70,,437,16,,,0,30,,444,16,,,0,70,,445,16,,,0,30,,446,16,,,0
201,'100010',711,,470,16,,,0,30,,469,16,,,0,70,,448,16,,,0,30,,447,16,,,0,70,,449,16,,,0,30,,450,16,,,0,70,,451,16,,,0,30,,452,16,,,0,70,,453,16,,,0,30,,454,16,,,0,70,,455,16,,,0,45,,456,16,,,0,70,,457,16,,,0,30,,458,16,,,0,70,,459,16,,,0,30,,460,16,,,0,70,,461,16,,,0,30,,462,16,,,0,85,,463,16,,,0,70,,464,16,,,0,30,,465,16,,,0,70,,466,16,,,0,30,,467,16,,,0,70,,468,16,,,0
201,'100011',811,,2023,33,,,0,30,,2027,33,,,0,70,,2024,33,,,0,30,,2037,33,,,0,70,,2026,33,,,0,30,,2025,33,,,0,70,,2028,33,,,0,30,,2029,33,,,0,70,,2018,33,,,0,45,,2031,33,,,0,70,,2032,33,,,0,30,,2033,33,,,0,70,,2034,33,,,0,30,,2035,33,,,0,70,,2036,33,,,0,30,,2040,33,,,0,85,,2038,33,,,0,70,,2039,33,,,0,30,,2019,33,,,0,70,,2022,33,,,0,30,,2021,33,,,0,70,,2020,33,,,0,30,,2030,33,,,0,70,,2041,33,,,0
201,'100012',811,,2047,33,,,0,30,,2051,33,,,0,70,,2048,33,,,0,30,,2061,33,,,0,70,,2050,33,,,0,30,,2049,33,,,0,70,,2052,33,,,0,30,,2053,33,,,0,70,,2042,33,,,0,45,,2055,33,,,0,70,,2056,33,,,0,30,,2057,33,,,0,70,,2058,33,,,0,30,,2059,33,,,0,70,,2060,33,,,0,30,,2064,33,,,0,85,,2062,33,,,0,70,,2063,33,,,0,30,,2043,33,,,0,70,,2046,33,,,0,30,,2045,33,,,0,70,,2044,33,,,0,30,,2054,33,,,0
201,'100013',533,,2095,16,,,0,70,,2098,33,,,0,30,,2065,33,,,0,70,,2073,33,,,0,30,,2066,33,,,0,70,,2074,33,,,0,40,,2067,33,,,0,70,,2075,33,,,0,30,,2068,33,,,0,70,,2076,33,,,0,30,,2069,33,,,0,70,,2077,33,,,0,30,,2070,33,,,0,70,,2078,33,,,0,30,,2071,33,,,0,85,,2096,33,,,0,75,,2072,33,,,0,35,,2079,33,,,0,75,,2086,33,,,0,35,,2080,33,,,0,75,,2087,33,,,0,80,,2081,33,,,0,43,,2097,33,,,0,70,,2088,33,,,0,30,,2082,33,,,0,70,,2089,33,,,0,30,,2083,33,,,0,85,,2090,33,,,0,70,,2084,33,,,0,30,,2091,33,,,0,70,,2085,33,,,0,30,,2092,33,,,0,70,,2093,33,,,0,31,,2094,33,,,0
201,'100014',533,,2129,16,,,0,70,,2132,33,,,0,30,,2099,33,,,0,70,,2107,33,,,0,30,,2100,33,,,0,70,,2108,33,,,0,40,,2101,33,,,0,70,,2109,33,,,0,30,,2102,33,,,0,70,,2110,33,,,0,30,,2103,33,,,0,70,,2111,33,,,0,30,,2104,33,,,0,70,,2112,33,,,0,30,,2105,33,,,0,85,,2130,33,,,0,75,,2106,33,,,0,35,,2113,33,,,0,75,,2120,33,,,0,35,,2114,33,,,0,75,,2121,33,,,0,80,,2115,33,,,0,43,,2131,33,,,0,70,,2122,33,,,0,30,,2116,33,,,0,70,,2123,33,,,0,30,,2117,33,,,0,85,,2124,33,,,0,70,,2118,33,,,0,30,,2125,33,,,0,70,,2119,33,,,0,30,,2126,33,,,0,70,,2127,33,,,0,31,,2128,33,,,0
201,'100015',811,,2133,33,,,0,30,,2134,33,,,0,70,,2135,33,,,0,30,,2136,33,,,0,70,,2137,33,,,0,30,,2138,33,,,0,70,,2139,33,,,0,30,,2140,33,,,0,70,,2141,33,,,0,45,,2142,33,,,0,70,,2143,33,,,0,30,,2144,33,,,0,70,,2145,33,,,0,30,,2146,33,,,0,70,,2147,33,,,0,30,,2148,33,,,0,85,,2149,33,,,0,70,,2151,33,,,0,30,,2152,33,,,0,70,,2153,33,,,0,30,,2154,33,,,0,70,,2155,33,,,0,30,,2150,33,,,0
5101,'100009',1500,,1362,7,0,7 8 9 10 11,0
5101,'100013',1500,,3166,7,0,7 8 9 10 11,0
5300,'100009',758,,1367,12,,,0
5300,'100013',758,,3171,12,,,0
