300,'100009',526,,494,7,0,15 7 16 3 17,0,30,,495,7,0,15 7 16 3 17,0,55,,501,7,0,15 7 16 3 17,0,15,,496,7,0,15 7 16 3 17,0,30,,497,7,0,15 7 16 3 17,0,70,,498,7,0,15 7 16 3 17,0,30,,499,7,0,15 7 16 3 17,0,50,,502,7,0,15 7 16 3 17,0,20,,500,7,0,15 7 16 3 17,0,80,,503,7,0,15 7 16 3 17,0,30,,507,7,0,15 7 16 3 17,0,70,,504,7,0,15 7 16 3 17,0,30,,508,7,0,15 7 16 3 17,0,70,,505,7,0,15 7 16 3 17,0,30,,509,7,0,15 7 16 3 17,0,71,,506,7,0,15 7 16 3 17,0,30,,510,7,0,15 7 16 3 17,0,83,,511,7,0,15 7 16 3 17,0,35,,512,7,0,15 7 16 3 17,0,75,,513,7,0,15 7 16 3 17,0,1,,514,7,0,15 7 16 3 17,0,13,,515,7,0,15 7 16 3 17,0,61,,516,7,0,15 7 16 3 17,0,35,,517,7,0,15 7 16 3 17,0,5,,518,7,0,15 7 16 3 17,0,70,,519,7,0,15 7 16 3 17,0,35,,520,7,0,15 7 16 3 17,0,80,,521,7,0,15 7 16 3 17,0,79,,522,7,0,15 7 16 3 17,0,30,,523,7,0,15 7 16 3 17,0,70,,524,7,0,15 7 16 3 17,0,30,,525,7,0,15 7 16 3 17,0,70,,526,7,0,15 7 16 3 17,0,45,,527,7,0,15 7 16 3 17,0,70,,528,7,0,15 7 16 3 17,0,30,,529,7,0,15 7 16 3 17,0,70,,530,7,0,15 7 16 3 17,0
300,'100010',526,,531,7,0,15 7 16 3 17,0,30,,532,7,0,15 7 16 3 17,0,55,,538,7,0,15 7 16 3 17,0,15,,533,7,0,15 7 16 3 17,0,30,,534,7,0,15 7 16 3 17,0,70,,535,7,0,15 7 16 3 17,0,30,,536,7,0,15 7 16 3 17,0,50,,539,7,0,15 7 16 3 17,0,20,,537,7,0,15 7 16 3 17,0,80,,540,7,0,15 7 16 3 17,0,30,,544,7,0,15 7 16 3 17,0,70,,541,7,0,15 7 16 3 17,0,30,,545,7,0,15 7 16 3 17,0,70,,542,7,0,15 7 16 3 17,0,30,,546,7,0,15 7 16 3 17,0,71,,543,7,0,15 7 16 3 17,0,30,,547,7,0,15 7 16 3 17,0,83,,548,7,0,15 7 16 3 17,0,35,,549,7,0,15 7 16 3 17,0,75,,550,7,0,15 7 16 3 17,0,1,,551,7,0,15 7 16 3 17,0,13,,552,7,0,15 7 16 3 17,0,61,,553,7,0,15 7 16 3 17,0,35,,554,7,0,15 7 16 3 17,0,5,,555,7,0,15 7 16 3 17,0,70,,556,7,0,15 7 16 3 17,0,35,,557,7,0,15 7 16 3 17,0,80,,558,7,0,15 7 16 3 17,0,79,,559,7,0,15 7 16 3 17,0,30,,560,7,0,15 7 16 3 17,0,70,,561,7,0,15 7 16 3 17,0,30,,562,7,0,15 7 16 3 17,0,70,,563,7,0,15 7 16 3 17,0,45,,564,7,0,15 7 16 3 17,0,70,,565,7,0,15 7 16 3 17,0,30,,566,7,0,15 7 16 3 17,0,70,,567,7,0,15 7 16 3 17,0
300,'100011',802,,568,7,0,15 7 16 3 17,0,100,,569,7,0,15 7 16 3 17,0,100,,570,7,0,15 7 16 3 17,0,100,,571,7,0,15 7 16 3 17,0,100,,572,7,0,15 7 16 3 17,0,115,,578,7,0,15 7 16 3 17,0,100,,573,7,0,15 7 16 3 17,0,100,,574,7,0,15 7 16 3 17,0,100,,575,7,0,15 7 16 3 17,0,115,,576,7,0,15 7 16 3 17,0,100,,577,7,0,15 7 16 3 17,0
300,'100012',802,,579,7,0,15 7 16 3 17,0,100,,580,7,0,15 7 16 3 17,0,100,,581,7,0,15 7 16 3 17,0,100,,582,7,0,15 7 16 3 17,0,100,,583,7,0,15 7 16 3 17,0,115,,584,7,0,15 7 16 3 17,0,100,,585,7,0,15 7 16 3 17,0,100,,586,7,0,15 7 16 3 17,0,100,,587,7,0,15 7 16 3 17,0,115,,588,7,0,15 7 16 3 17,0,100,,589,7,0,15 7 16 3 17,0
5000,'100010',755,,1358,21,,,0
5100,'100010',753,,1361,22,0,5 28,0
5200,'100010',1435,,1364,3,0,5 6,0
5201,'100010',1506,,1366,6,0,5 6,0
5300,'100010',818,,1367,34,,,0
5301,'100010',1550,,1369,27,,,0
