700,'100009',820,,2717,32,,,0,100,,2718,32,,,0,100,,2719,32,,,0,100,,2720,32,,,0,100,,2721,32,,,0,115,,2722,32,,,0,100,,2723,32,,,0,100,,2724,32,,,0,115,,2725,32,,,0,100,,2726,32,,,0,100,,2727,32,,,0,100,,2728,32,,,0
700,'100010',820,,2729,32,,,0,100,,2730,32,,,0,100,,2731,32,,,0,100,,2732,32,,,0,100,,2733,32,,,0,115,,2734,32,,,0,100,,2735,32,,,0,100,,2736,32,,,0,115,,2737,32,,,0,100,,2738,32,,,0,100,,2739,32,,,0
700,'100011',543,,2740,32,,,0,70,,2750,32,,,0,30,,2741,32,,,0,58,,2768,32,,,0,12,,2751,32,,,0,30,,2742,32,,,0,70,,2752,32,,,0,40,,2761,32,,,0,70,,2743,32,,,0,30,,2762,32,,,0,70,,2744,32,,,0,30,,2769,32,,,0,70,,2745,32,,,0,30,,2770,32,,,0,70,,2746,32,,,0,82,,2771,32,,,0,35,,2747,32,,,0,75,,2753,32,,,0,35,,2748,32,,,0,75,,2754,32,,,0,75,,2749,32,,,0,35,,2755,32,,,0,80,,2756,32,,,0,41,,2763,32,,,0,70,,2757,32,,,0,30,,2764,32,,,0,70,,2758,32,,,0,30,,2765,32,,,0,86,,2759,32,,,0,70,,2766,32,,,0,30,,2760,32,,,0,70,,2767,32,,,0,30,,2772,32,,,0,70,,2773,32,,,0
700,'100012',543,,2774,32,,,0,70,,2784,32,,,0,30,,2775,32,,,0,58,,2802,32,,,0,12,,2785,32,,,0,30,,2776,32,,,0,70,,2786,32,,,0,40,,2795,32,,,0,70,,2777,32,,,0,30,,2796,32,,,0,70,,2778,32,,,0,30,,2803,32,,,0,70,,2779,32,,,0,30,,2804,32,,,0,70,,2780,32,,,0,82,,2805,32,,,0,35,,2781,32,,,0,75,,2787,32,,,0,35,,2782,32,,,0,75,,2788,32,,,0,75,,2783,32,,,0,35,,2789,32,,,0,80,,2790,32,,,0,41,,2797,32,,,0,70,,2791,32,,,0,30,,2798,32,,,0,70,,2792,32,,,0,30,,2799,32,,,0,86,,2793,32,,,0,70,,2800,32,,,0,30,,2794,32,,,0,70,,2801,32,,,0,30,,2806,32,,,0,70,,2807,32,,,0
700,'100013',820,,2808,32,,,0,100,,2809,32,,,0,100,,2810,32,,,0,100,,2811,32,,,0,100,,2812,32,,,0,115,,2813,32,,,0,100,,2814,32,,,0,100,,2815,32,,,0,115,,2816,32,,,0,100,,2817,32,,,0,100,,2818,32,,,0
800,'100009',747,,2819,31,,,0,100,,2820,31,,,0,100,,2821,31,,,0,100,,2822,31,,,0,100,,2823,31,,,0,155,,2824,31,,,0,100,,2825,31,,,0,100,,2826,31,,,0,100,,2827,31,,,0,115,,2828,31,,,0,100,,2829,31,,,0,100,,2830,31,,,0,100,,2831,31,,,0
800,'100010',747,,2832,31,,,0,100,,2833,31,,,0,100,,2834,31,,,0,100,,2835,31,,,0,100,,2836,31,,,0,155,,2837,31,,,0,100,,2838,31,,,0,100,,2839,31,,,0,100,,2840,31,,,0,115,,2841,31,,,0,100,,2842,31,,,0,100,,2843,31,,,0
800,'100011',611,,2859,31,,,0,30,,2844,31,,,0,70,,2860,31,,,0,30,,2845,31,,,0,70,,2861,31,,,0,40,,2862,31,,,0,69,,2846,31,,,0,30,,2870,31,,,0,70,,2847,31,,,0,30,,2871,31,,,0,70,,2848,31,,,0,30,,2872,31,,,0,70,,2849,31,,,0,82,,2873,31,,,0,35,,2850,31,,,0,75,,2863,31,,,0,35,,2851,31,,,0,75,,2852,31,,,0,35,,2864,31,,,0,75,,2853,31,,,0,80,,2865,31,,,0,41,,2854,31,,,0,70,,2866,31,,,0,30,,2855,31,,,0,70,,2867,31,,,0,30,,2856,31,,,0,85,,2868,31,,,0,70,,2857,31,,,0,30,,2869,31,,,0,70,,2858,31,,,0,29,,2875,31,,,0,68,,2874,31,,,0
800,'100012',611,,2891,31,,,0,30,,2876,31,,,0,70,,2892,31,,,0,30,,2877,31,,,0,70,,2893,31,,,0,40,,2894,31,,,0,69,,2878,31,,,0,30,,2902,31,,,0,70,,2879,31,,,0,30,,2903,31,,,0,70,,2880,31,,,0,30,,2904,31,,,0,70,,2881,31,,,0,82,,2905,31,,,0,35,,2882,31,,,0,75,,2895,31,,,0,35,,2883,31,,,0,75,,2884,31,,,0,35,,2896,31,,,0,75,,2885,31,,,0,80,,2897,31,,,0,41,,2886,31,,,0,70,,2898,31,,,0,30,,2887,31,,,0,70,,2899,31,,,0,30,,2888,31,,,0,85,,2900,31,,,0,70,,2889,31,,,0,30,,2901,31,,,0,70,,2890,31,,,0,29,,2907,31,,,0,68,,2906,31,,,0
800,'100013',747,,2908,31,,,0,100,,2909,31,,,0,100,,2910,31,,,0,100,,2911,31,,,0,100,,2912,31,,,0,155,,2913,31,,,0,100,,2914,31,,,0,100,,2915,31,,,0,100,,2916,31,,,0,115,,2917,31,,,0,100,,2918,31,,,0,100,,2919,31,,,0
