500,'100012',819,,3916,37,,,0,100,,3917,37,,,0,100,,3918,37,,,0,100,,3919,37,,,0,100,,3920,37,,,0,115,,3921,37,,,0,100,,3922,37,,,0,100,,3923,37,,,0,115,,3924,37,,,0,100,,3925,37,,,0,100,,3926,37,,,0
500,'100013',819,,3927,37,,,0,100,,3928,37,,,0,100,,3929,37,,,0,100,,3930,37,,,0,100,,3931,37,,,0,115,,3932,37,,,0,100,,3933,37,,,0,100,,3934,37,,,0,115,,3935,37,,,0,100,,3936,37,,,0,100,,3937,37,,,0
500,'100014',611,,3938,37,,,0,30,,3954,37,,,0,70,,3939,37,,,0,30,,3955,37,,,0,70,,3940,37,,,0,40,,3941,37,,,0,70,,3963,37,,,0,30,,3942,37,,,0,70,,3966,37,,,0,30,,3943,37,,,0,70,,3965,37,,,0,30,,3944,37,,,0,70,,3967,37,,,0,82,,3945,37,,,0,35,,3964,37,,,0,75,,3946,37,,,0,35,,3956,37,,,0,75,,3947,37,,,0,35,,3957,37,,,0,75,,3948,37,,,0,80,,3949,37,,,0,41,,3958,37,,,0,70,,3950,37,,,0,30,,3959,37,,,0,70,,3951,37,,,0,30,,3960,37,,,0,85,,3952,37,,,0,70,,3961,37,,,0,30,,3953,37,,,0,70,,3962,37,,,0,30,,3968,37,,,0,70,,3969,37,,,0
700,'100012',821,,4029,34,,,0,100,,4030,34,,,0,100,,4031,34,,,0,100,,4032,34,,,0,100,,4033,34,,,0,115,,4034,34,,,0,100,,4035,34,,,0,100,,4036,34,,,0,115,,4037,34,,,0,100,,4038,34,,,0,100,,4039,34,,,0
700,'100013',821,,4040,34,,,0,100,,4041,34,,,0,100,,4042,34,,,0,100,,4043,34,,,0,100,,4044,34,,,0,115,,4045,34,,,0,100,,4046,34,,,0,100,,4047,34,,,0,115,,4048,34,,,0,100,,4049,34,,,0,100,,4050,34,,,0
700,'100014',544,,4051,34,,,0,70,,4061,34,,,0,30,,4052,34,,,0,58,,4079,34,,,0,12,,4062,34,,,0,30,,4053,34,,,0,70,,4063,34,,,0,40,,4072,34,,,0,70,,4054,34,,,0,30,,4073,34,,,0,70,,4055,34,,,0,30,,4080,34,,,0,70,,4056,34,,,0,30,,4081,34,,,0,70,,4057,34,,,0,83,,4082,34,,,0,35,,4058,34,,,0,75,,4064,34,,,0,35,,4059,34,,,0,75,,4065,34,,,0,75,,4060,34,,,0,35,,4066,34,,,0,80,,4067,34,,,0,40,,4074,34,,,0,70,,4068,34,,,0,30,,4075,34,,,0,70,,4069,34,,,0,30,,4076,34,,,0,86,,4070,34,,,0,70,,4077,34,,,0,30,,4071,34,,,0,70,,4078,34,,,0,30,,4083,34,,,0,70,,4084,34,,,0
1000900,'100012',757,,4281,27,,,0,80,,4282,27,,,0,80,,4283,27,,,0,40,,4284,27,,,0,80,,4285,27,,,0,80,,4286,27,,,0,40,,4287,27,,,0,85,,4288,27,,,0,80,,4289,27,,,0,81,,4290,27,,,0,40,,4291,27,,,0,80,,4292,27,,,0,80,,4293,27,,,0,40,,4294,27,,,0,85,,4295,27,,,0,80,,4296,27,,,0,40,,4297,27,,,0,80,,4298,27,,,0
1000900,'100013',757,,4299,27,,,0,80,,4300,27,,,0,80,,4301,27,,,0,40,,4302,27,,,0,80,,4303,27,,,0,80,,4304,27,,,0,40,,4305,27,,,0,85,,4306,27,,,0,80,,4307,27,,,0,81,,4308,27,,,0,40,,4309,27,,,0,80,,4310,27,,,0,80,,4311,27,,,0,40,,4312,27,,,0,85,,4313,27,,,0,80,,4314,27,,,0,40,,4315,27,,,0,80,,4316,27,,,0
1000900,'100014',544,,4327,27,,,0,70,,4328,27,,,0,30,,4329,27,,,0,70,,4330,27,,,0,30,,4331,27,,,0,70,,4332,27,,,0,22,,4333,27,,,0,68,,4334,27,,,0,35,,4335,27,,,0,20,,4336,27,,,0,70,,4337,27,,,0,30,,4338,27,,,0,70,,4339,27,,,0,30,,4340,27,,,0,70,,4341,27,,,0,30,,4342,27,,,0,70,,4343,27,,,0,30,,4344,27,,,0,73,,4345,27,,,0,70,,4346,27,,,0,34,,4347,27,,,0,64,,4348,27,,,0,32,,4349,27,,,0,70,,4350,27,,,0,18,,4351,27,,,0,85,,4320,27,,,0,30,,4321,27,,,0,70,,4324,27,,,0,30,,4317,27,,,0,67,,4319,27,,,0,44,,4325,27,,,0,85,,4323,27,,,0,75,,4322,27,,,0,35,,4326,27,,,0,75,,4318,27,,,0
2000900,'100012',819,,4352,25,,,0,40,,4353,25,,,0,80,,4354,25,,,0,80,,4355,25,,,0,40,,4356,25,,,0,80,,4357,25,,,0,79,,4358,25,,,0,40,,4359,25,,,0,85,,4360,25,,,0,80,,4361,25,,,0,81,,4362,25,,,0,40,,4363,25,,,0,85,,4364,25,,,0,80,,4365,25,,,0,40,,4366,25,,,0,80,,4367,25,,,0,80,,4368,25,,,0
2000900,'100013',819,,4369,25,,,0,40,,4370,25,,,0,80,,4371,25,,,0,80,,4372,25,,,0,40,,4373,25,,,0,80,,4374,25,,,0,79,,4375,25,,,0,40,,4376,25,,,0,85,,4377,25,,,0,80,,4378,25,,,0,81,,4379,25,,,0,40,,4380,25,,,0,85,,4381,25,,,0,80,,4382,25,,,0,40,,4383,25,,,0,80,,4384,25,,,0,80,,4385,25,,,0
2000900,'100014',609,,4386,25,,,0,20,,4387,25,,,0,30,,4388,25,,,0,70,,4389,25,,,0,30,,4390,25,,,0,60,,4391,25,,,0,40,,4392,25,,,0,62,,4417,25,,,0,28,,4393,25,,,0,70,,4394,25,,,0,20,,4395,25,,,0,70,,4396,25,,,0,30,,4397,25,,,0,70,,4398,25,,,0,30,,4399,25,,,0,70,,4400,25,,,0,30,,4401,25,,,0,70,,4402,25,,,0,32,,4403,25,,,0,71,,4404,25,,,0,30,,4405,25,,,0,74,,4406,25,,,0,24,,4407,25,,,0,72,,4408,25,,,0,38,,4409,25,,,0,70,,4410,25,,,0,30,,4411,25,,,0,70,,4412,25,,,0,30,,4413,25,,,0,65,,4414,25,,,0,32,,4415,25,,,0,74,,4416,25,,,0,85,,4418,25,,,0,35,,4419,25,,,0,76,,4420,25,,,0
