309,'1476929',1710,,331,,,0
309,'1476930',1810,,332,,,0
309,'1476931',1910,,333,,,0
309,'1476932',739,,334,,,0
309,'1476933',839,,335,,,0
309,'1476934',939,,336,,,0
309,'1476935',1040,,337,,,0
309,'1476936',1140,,338,,,0
309,'1476937',1255,,339,,,0
309,'1476938',1355,,340,,,0
309,'1476939',1455,,341,,,0
309,'1476940',1555,,342,,,0
309,'1477265',533,,343,,,0
309,'1477266',603,,344,,,0
309,'1477267',633,,345,,,0
309,'1477268',703,,346,,,0
309,'1477269',733,,347,,,0
309,'1477270',743,,348,,,0
309,'1477271',843,,349,,,0
309,'1477272',943,,350,,,0
309,'1477273',1043,,351,,,0
309,'1477274',1143,,352,,,0
309,'1477275',803,,353,,,0
309,'1477276',913,,354,,,0
309,'1477277',1013,,355,,,0
309,'1477278',1113,,356,,,0
309,'1477279',1213,,357,,,0
309,'1477280',1252,,358,,,0
309,'1477281',1327,,359,,,0
309,'1477282',1402,,360,,,0
309,'1477283',1416,,361,,,0
309,'1477284',1437,,362,,,0
309,'1477285',1512,,363,,,0
309,'1477286',1547,,364,,,0
309,'1477287',1622,,365,,,0
309,'1477288',1702,,366,,,0
309,'1477289',1746,,367,,,0
309,'1477290',1816,,368,,,0
309,'1477291',1846,,369,,,0
309,'1477292',1916,,370,,,0
309,'1477293',1946,,371,,,0
309,'1477294',2031,,372,,,0
309,'1477295',2101,,373,,,0
309,'1477296',2131,,374,,,0
309,'1477297',2201,,375,,,0
309,'1477298',2231,,376,,,0
309,'1477299',2301,,377,,,0
309,'1477300',1517,,378,,,0
309,'1477565',1810,,427,,,0
309,'1477566',1910,,428,,,0
309,'1477567',1710,,429,,,0
309,'1477568',739,,430,,,0
309,'1477569',839,,431,,,0
309,'1477570',939,,432,,,0
309,'1477571',1040,,433,,,0
309,'1477572',1140,,434,,,0
309,'1477573',1255,,435,,,0
309,'1477574',1355,,436,,,0
309,'1477575',1455,,437,,,0
309,'1477576',1555,,438,,,0
