500,'100012',805,,3916,10,0,12 3 13,0,100,,3917,10,0,12 3 13,0,100,,3918,10,0,12 3 13,0,100,,3919,10,0,12 3 13,0,100,,3920,10,0,12 3 13,0,115,,3921,10,0,12 3 13,0,100,,3922,10,0,12 3 13,0,100,,3923,10,0,12 3 13,0,115,,3924,10,0,12 3 13,0,100,,3925,10,0,12 3 13,0,100,,3926,10,0,12 3 13,0
500,'100013',805,,3927,10,0,12 3 13,0,100,,3928,10,0,12 3 13,0,100,,3929,10,0,12 3 13,0,100,,3930,10,0,12 3 13,0,100,,3931,10,0,12 3 13,0,115,,3932,10,0,12 3 13,0,100,,3933,10,0,12 3 13,0,100,,3934,10,0,12 3 13,0,115,,3935,10,0,12 3 13,0,100,,3936,10,0,12 3 13,0,100,,3937,10,0,12 3 13,0
500,'100014',557,,3938,10,0,12 3 13,0,70,,3954,10,0,12 3 13,0,30,,3939,10,0,12 3 13,0,70,,3955,10,0,12 3 13,0,30,,3940,10,0,12 3 13,0,80,,3941,10,0,12 3 13,0,70,,3963,10,0,12 3 13,0,30,,3942,10,0,12 3 13,0,70,,3966,10,0,12 3 13,0,30,,3943,10,0,12 3 13,0,70,,3965,10,0,12 3 13,0,30,,3944,10,0,12 3 13,0,70,,3967,10,0,12 3 13,0,40,,3945,10,0,12 3 13,0,75,,3964,10,0,12 3 13,0,35,,3946,10,0,12 3 13,0,75,,3956,10,0,12 3 13,0,75,,3947,10,0,12 3 13,0,35,,3957,10,0,12 3 13,0,75,,3948,10,0,12 3 13,0,40,,3949,10,0,12 3 13,0,83,,3958,10,0,12 3 13,0,70,,3950,10,0,12 3 13,0,30,,3959,10,0,12 3 13,0,70,,3951,10,0,12 3 13,0,30,,3960,10,0,12 3 13,0,85,,3952,10,0,12 3 13,0,30,,3961,10,0,12 3 13,0,70,,3953,10,0,12 3 13,0,30,,3962,10,0,12 3 13,0,70,,3968,10,0,12 3 13,0,30,,3969,10,0,12 3 13,0
700,'100012',804,,4029,6,0,24 3 25,0,100,,4030,6,0,24 3 25,0,100,,4031,6,0,24 3 25,0,100,,4032,6,0,24 3 25,0,100,,4033,6,0,24 3 25,0,115,,4034,6,0,24 3 25,0,100,,4035,6,0,24 3 25,0,100,,4036,6,0,24 3 25,0,115,,4037,6,0,24 3 25,0,100,,4038,6,0,24 3 25,0,100,,4039,6,0,24 3 25,0
700,'100013',804,,4040,6,0,24 3 25,0,100,,4041,6,0,24 3 25,0,100,,4042,6,0,24 3 25,0,100,,4043,6,0,24 3 25,0,100,,4044,6,0,24 3 25,0,115,,4045,6,0,24 3 25,0,100,,4046,6,0,24 3 25,0,100,,4047,6,0,24 3 25,0,115,,4048,6,0,24 3 25,0,100,,4049,6,0,24 3 25,0,100,,4050,6,0,24 3 25,0
700,'100014',526,,4051,6,0,24 3 25,0,30,,4061,6,0,24 3 25,0,70,,4052,6,0,24 3 25,0,18,,4079,6,0,24 3 25,0,12,,4062,6,0,24 3 25,0,70,,4053,6,0,24 3 25,0,30,,4063,6,0,24 3 25,0,80,,4072,6,0,24 3 25,0,70,,4054,6,0,24 3 25,0,30,,4073,6,0,24 3 25,0,70,,4055,6,0,24 3 25,0,30,,4080,6,0,24 3 25,0,70,,4056,6,0,24 3 25,0,30,,4081,6,0,24 3 25,0,70,,4057,6,0,24 3 25,0,39,,4082,6,0,24 3 25,0,75,,4058,6,0,24 3 25,0,35,,4064,6,0,24 3 25,0,75,,4059,6,0,24 3 25,0,75,,4065,6,0,24 3 25,0,35,,4060,6,0,24 3 25,0,75,,4066,6,0,24 3 25,0,40,,4067,6,0,24 3 25,0,84,,4074,6,0,24 3 25,0,70,,4068,6,0,24 3 25,0,30,,4075,6,0,24 3 25,0,70,,4069,6,0,24 3 25,0,30,,4076,6,0,24 3 25,0,85,,4070,6,0,24 3 25,0,30,,4077,6,0,24 3 25,0,70,,4071,6,0,24 3 25,0,30,,4078,6,0,24 3 25,0,70,,4083,6,0,24 3 25,0,30,,4084,6,0,24 3 25,0
1000900,'100012',736,,4281,7,,,0,80,,4282,7,,,0,40,,4283,7,,,0,80,,4284,7,,,0,80,,4285,7,,,0,40,,4286,7,,,0,80,,4287,7,,,0,85,,4288,7,,,0,80,,4289,7,,,0,41,,4290,7,,,0,80,,4291,7,,,0,80,,4292,7,,,0,40,,4293,7,,,0,80,,4294,7,,,0,85,,4295,7,,,0,40,,4296,7,,,0,80,,4297,7,,,0,80,,4298,7,,,0
1000900,'100013',736,,4299,7,,,0,80,,4300,7,,,0,40,,4301,7,,,0,80,,4302,7,,,0,80,,4303,7,,,0,40,,4304,7,,,0,80,,4305,7,,,0,85,,4306,7,,,0,80,,4307,7,,,0,41,,4308,7,,,0,80,,4309,7,,,0,80,,4310,7,,,0,40,,4311,7,,,0,80,,4312,7,,,0,85,,4313,7,,,0,40,,4314,7,,,0,80,,4315,7,,,0,80,,4316,7,,,0
1000900,'100014',523,,4327,7,,,0,30,,4328,7,,,0,70,,4329,7,,,0,30,,4330,7,,,0,70,,4331,7,,,0,30,,4332,7,,,0,62,,4333,7,,,0,28,,4334,7,,,0,75,,4335,7,,,0,20,,4336,7,,,0,70,,4337,7,,,0,30,,4338,7,,,0,70,,4339,7,,,0,30,,4340,7,,,0,70,,4341,7,,,0,30,,4342,7,,,0,70,,4343,7,,,0,30,,4344,7,,,0,71,,4345,7,,,0,30,,4346,7,,,0,70,,4347,7,,,0,28,,4348,7,,,0,72,,4349,7,,,0,30,,4350,7,,,0,18,,4351,7,,,0,85,,4320,7,,,0,70,,4321,7,,,0,30,,4324,7,,,0,70,,4317,7,,,0,29,,4319,7,,,0,84,,4325,7,,,0,85,,4323,7,,,0,35,,4322,7,,,0,75,,4326,7,,,0,35,,4318,7,,,0
2000900,'100012',756,,4352,7,,,0,80,,4353,7,,,0,80,,4354,7,,,0,40,,4355,7,,,0,80,,4356,7,,,0,80,,4357,7,,,0,40,,4358,7,,,0,80,,4359,7,,,0,85,,4360,7,,,0,80,,4361,7,,,0,41,,4362,7,,,0,80,,4363,7,,,0,85,,4364,7,,,0,40,,4365,7,,,0,80,,4366,7,,,0,80,,4367,7,,,0,40,,4368,7,,,0
2000900,'100013',756,,4369,7,,,0,80,,4370,7,,,0,80,,4371,7,,,0,40,,4372,7,,,0,80,,4373,7,,,0,80,,4374,7,,,0,40,,4375,7,,,0,80,,4376,7,,,0,85,,4377,7,,,0,80,,4378,7,,,0,41,,4379,7,,,0,80,,4380,7,,,0,85,,4381,7,,,0,40,,4382,7,,,0,80,,4383,7,,,0,80,,4384,7,,,0,40,,4385,7,,,0
2000900,'100014',547,,4386,7,,,0,60,,4387,7,,,0,30,,4388,7,,,0,70,,4389,7,,,0,30,,4390,7,,,0,20,,4391,7,,,0,80,,4392,7,,,0,22,,4417,7,,,0,68,,4393,7,,,0,30,,4394,7,,,0,60,,4395,7,,,0,30,,4396,7,,,0,70,,4397,7,,,0,30,,4398,7,,,0,70,,4399,7,,,0,30,,4400,7,,,0,70,,4401,7,,,0,30,,4402,7,,,0,71,,4403,7,,,0,31,,4404,7,,,0,70,,4405,7,,,0,34,,4406,7,,,0,64,,4407,7,,,0,32,,4408,7,,,0,78,,4409,7,,,0,30,,4410,7,,,0,70,,4411,7,,,0,30,,4412,7,,,0,70,,4413,7,,,0,25,,4414,7,,,0,73,,4415,7,,,0,34,,4416,7,,,0,85,,4418,7,,,0,75,,4419,7,,,0,36,,4420,7,,,0
