400,'100009',529,,749,10,0,17 3 15 7 16,0,30,,728,10,0,17 3 15 7 16,0,70,,720,10,0,17 3 15 7 16,0,18,,747,10,0,17 3 15 7 16,0,12,,729,10,0,17 3 15 7 16,0,70,,721,10,0,17 3 15 7 16,0,30,,730,10,0,17 3 15 7 16,0,80,,722,10,0,17 3 15 7 16,0,69,,748,10,0,17 3 15 7 16,0,31,,723,10,0,17 3 15 7 16,0,70,,744,10,0,17 3 15 7 16,0,30,,724,10,0,17 3 15 7 16,0,70,,745,10,0,17 3 15 7 16,0,30,,725,10,0,17 3 15 7 16,0,70,,746,10,0,17 3 15 7 16,0,38,,726,10,0,17 3 15 7 16,0,75,,751,10,0,17 3 15 7 16,0,35,,727,10,0,17 3 15 7 16,0,75,,731,10,0,17 3 15 7 16,0,75,,750,10,0,17 3 15 7 16,0,35,,732,10,0,17 3 15 7 16,0,75,,733,10,0,17 3 15 7 16,0,40,,739,10,0,17 3 15 7 16,0,85,,734,10,0,17 3 15 7 16,0,70,,740,10,0,17 3 15 7 16,0,30,,735,10,0,17 3 15 7 16,0,70,,741,10,0,17 3 15 7 16,0,30,,736,10,0,17 3 15 7 16,0,85,,742,10,0,17 3 15 7 16,0,30,,737,10,0,17 3 15 7 16,0,70,,743,10,0,17 3 15 7 16,0,30,,738,10,0,17 3 15 7 16,0,70,,752,10,0,17 3 15 7 16,0,30,,753,10,0,17 3 15 7 16,0
400,'100010',737,,754,10,0,17 3 15 7 16,0,70,,767,10,0,17 3 15 7 16,0,30,,755,10,0,17 3 15 7 16,0,70,,768,10,0,17 3 15 7 16,0,30,,756,10,0,17 3 15 7 16,0,70,,769,10,0,17 3 15 7 16,0,30,,757,10,0,17 3 15 7 16,0,70,,770,10,0,17 3 15 7 16,0,30,,758,10,0,17 3 15 7 16,0,70,,771,10,0,17 3 15 7 16,0,45,,759,10,0,17 3 15 7 16,0,70,,772,10,0,17 3 15 7 16,0,30,,760,10,0,17 3 15 7 16,0,70,,773,10,0,17 3 15 7 16,0,30,,761,10,0,17 3 15 7 16,0,70,,774,10,0,17 3 15 7 16,0,30,,762,10,0,17 3 15 7 16,0,85,,775,10,0,17 3 15 7 16,0,70,,763,10,0,17 3 15 7 16,0,30,,776,10,0,17 3 15 7 16,0,70,,764,10,0,17 3 15 7 16,0,30,,766,10,0,17 3 15 7 16,0,70,,765,10,0,17 3 15 7 16,0
400,'100011',737,,2373,10,0,17 3 15 7 16,0,70,,2386,10,0,17 3 15 7 16,0,30,,2374,10,0,17 3 15 7 16,0,70,,2387,10,0,17 3 15 7 16,0,30,,2375,10,0,17 3 15 7 16,0,70,,2388,10,0,17 3 15 7 16,0,30,,2376,10,0,17 3 15 7 16,0,70,,2389,10,0,17 3 15 7 16,0,30,,2377,10,0,17 3 15 7 16,0,70,,2390,10,0,17 3 15 7 16,0,45,,2378,10,0,17 3 15 7 16,0,70,,2391,10,0,17 3 15 7 16,0,30,,2379,10,0,17 3 15 7 16,0,70,,2392,10,0,17 3 15 7 16,0,30,,2380,10,0,17 3 15 7 16,0,70,,2393,10,0,17 3 15 7 16,0,30,,2381,10,0,17 3 15 7 16,0,85,,2394,10,0,17 3 15 7 16,0,70,,2382,10,0,17 3 15 7 16,0,30,,2395,10,0,17 3 15 7 16,0,70,,2383,10,0,17 3 15 7 16,0,30,,2385,10,0,17 3 15 7 16,0,70,,2384,10,0,17 3 15 7 16,0,30,,2396,10,0,17 3 15 7 16,0,70,,2397,10,0,17 3 15 7 16,0
400,'100012',737,,2398,10,0,17 3 15 7 16,0,70,,2411,10,0,17 3 15 7 16,0,30,,2399,10,0,17 3 15 7 16,0,70,,2412,10,0,17 3 15 7 16,0,30,,2400,10,0,17 3 15 7 16,0,70,,2413,10,0,17 3 15 7 16,0,30,,2401,10,0,17 3 15 7 16,0,70,,2414,10,0,17 3 15 7 16,0,30,,2402,10,0,17 3 15 7 16,0,70,,2415,10,0,17 3 15 7 16,0,45,,2403,10,0,17 3 15 7 16,0,70,,2416,10,0,17 3 15 7 16,0,30,,2404,10,0,17 3 15 7 16,0,70,,2417,10,0,17 3 15 7 16,0,30,,2405,10,0,17 3 15 7 16,0,70,,2418,10,0,17 3 15 7 16,0,30,,2406,10,0,17 3 15 7 16,0,85,,2419,10,0,17 3 15 7 16,0,70,,2407,10,0,17 3 15 7 16,0,30,,2420,10,0,17 3 15 7 16,0,70,,2408,10,0,17 3 15 7 16,0,30,,2410,10,0,17 3 15 7 16,0,70,,2409,10,0,17 3 15 7 16,0
400,'100013',529,,2450,10,0,17 3 15 7 16,0,30,,2429,10,0,17 3 15 7 16,0,70,,2421,10,0,17 3 15 7 16,0,18,,2448,10,0,17 3 15 7 16,0,12,,2430,10,0,17 3 15 7 16,0,70,,2422,10,0,17 3 15 7 16,0,30,,2431,10,0,17 3 15 7 16,0,80,,2423,10,0,17 3 15 7 16,0,69,,2449,10,0,17 3 15 7 16,0,31,,2424,10,0,17 3 15 7 16,0,70,,2445,10,0,17 3 15 7 16,0,30,,2425,10,0,17 3 15 7 16,0,70,,2446,10,0,17 3 15 7 16,0,30,,2426,10,0,17 3 15 7 16,0,70,,2447,10,0,17 3 15 7 16,0,38,,2427,10,0,17 3 15 7 16,0,75,,2452,10,0,17 3 15 7 16,0,35,,2428,10,0,17 3 15 7 16,0,75,,2432,10,0,17 3 15 7 16,0,75,,2451,10,0,17 3 15 7 16,0,35,,2433,10,0,17 3 15 7 16,0,75,,2434,10,0,17 3 15 7 16,0,40,,2440,10,0,17 3 15 7 16,0,85,,2435,10,0,17 3 15 7 16,0,70,,2441,10,0,17 3 15 7 16,0,30,,2436,10,0,17 3 15 7 16,0,70,,2442,10,0,17 3 15 7 16,0,30,,2437,10,0,17 3 15 7 16,0,85,,2443,10,0,17 3 15 7 16,0,30,,2438,10,0,17 3 15 7 16,0,70,,2444,10,0,17 3 15 7 16,0,30,,2439,10,0,17 3 15 7 16,0,70,,2453,10,0,17 3 15 7 16,0,30,,2454,10,0,17 3 15 7 16,0
400,'100014',529,,2484,10,0,17 3 15 7 16,0,30,,2463,10,0,17 3 15 7 16,0,70,,2455,10,0,17 3 15 7 16,0,18,,2482,10,0,17 3 15 7 16,0,12,,2464,10,0,17 3 15 7 16,0,70,,2456,10,0,17 3 15 7 16,0,30,,2465,10,0,17 3 15 7 16,0,80,,2457,10,0,17 3 15 7 16,0,69,,2483,10,0,17 3 15 7 16,0,31,,2458,10,0,17 3 15 7 16,0,70,,2479,10,0,17 3 15 7 16,0,30,,2459,10,0,17 3 15 7 16,0,70,,2480,10,0,17 3 15 7 16,0,30,,2460,10,0,17 3 15 7 16,0,70,,2481,10,0,17 3 15 7 16,0,38,,2461,10,0,17 3 15 7 16,0,75,,2486,10,0,17 3 15 7 16,0,35,,2462,10,0,17 3 15 7 16,0,75,,2466,10,0,17 3 15 7 16,0,75,,2485,10,0,17 3 15 7 16,0,35,,2467,10,0,17 3 15 7 16,0,75,,2468,10,0,17 3 15 7 16,0,40,,2474,10,0,17 3 15 7 16,0,85,,2469,10,0,17 3 15 7 16,0,70,,2475,10,0,17 3 15 7 16,0,30,,2470,10,0,17 3 15 7 16,0,70,,2476,10,0,17 3 15 7 16,0,30,,2471,10,0,17 3 15 7 16,0,85,,2477,10,0,17 3 15 7 16,0,30,,2472,10,0,17 3 15 7 16,0,70,,2478,10,0,17 3 15 7 16,0,30,,2473,10,0,17 3 15 7 16,0,70,,2487,10,0,17 3 15 7 16,0,30,,2488,10,0,17 3 15 7 16,0
400,'100015',737,,2489,10,0,17 3 15 7 16,0,70,,2490,10,0,17 3 15 7 16,0,30,,2491,10,0,17 3 15 7 16,0,70,,2492,10,0,17 3 15 7 16,0,30,,2493,10,0,17 3 15 7 16,0,70,,2494,10,0,17 3 15 7 16,0,30,,2495,10,0,17 3 15 7 16,0,70,,2496,10,0,17 3 15 7 16,0,30,,2497,10,0,17 3 15 7 16,0,70,,2498,10,0,17 3 15 7 16,0,45,,2499,10,0,17 3 15 7 16,0,70,,2500,10,0,17 3 15 7 16,0,30,,2501,10,0,17 3 15 7 16,0,70,,2502,10,0,17 3 15 7 16,0,30,,2503,10,0,17 3 15 7 16,0,70,,2504,10,0,17 3 15 7 16,0,30,,2505,10,0,17 3 15 7 16,0,85,,2507,10,0,17 3 15 7 16,0,70,,2508,10,0,17 3 15 7 16,0,30,,2509,10,0,17 3 15 7 16,0,70,,2510,10,0,17 3 15 7 16,0,30,,2511,10,0,17 3 15 7 16,0,70,,2506,10,0,17 3 15 7 16,0
5201,'100009',742,,1365,24,0,7 8 9,0
5201,'100013',742,,3169,24,0,7 8 9,0
5400,'100009',737,,1370,24,0,7 18,0
5400,'100013',737,,3174,24,0,7 18,0
