109,'1477027',846,,1,,,0
109,'1477028',946,,2,,,0
109,'1477029',1046,,3,,,0
109,'1477030',1146,,4,,,0
109,'1477031',1246,,5,,,0
109,'1477032',1346,,6,,,0
109,'1477033',1446,,7,,,0
109,'1477034',1546,,8,,,0
109,'1477035',1646,,9,,,0
109,'1477036',1746,,10,,,0
109,'1477037',1846,,11,,,0
109,'1477038',1946,,12,,,0
109,'1477056',606,,30,,,0
109,'1477057',706,,31,,,0
109,'1477058',806,,32,,,0
109,'1477059',906,,33,,,0
109,'1477060',1004,,34,,,0
109,'1477069',646,,43,,,0
109,'1477070',846,,44,,,0
109,'1477071',1044,,45,,,0
109,'1477072',1245,,46,,,0
109,'1477080',1425,,54,,,0
109,'1477081',1725,,55,,,0
109,'1477082',1823,,56,,,0
109,'1477083',1923,,57,,,0
109,'1477084',2023,,58,,,0
109,'1477085',2131,,59,,,0
109,'1477086',1315,,60,,,0
109,'1477090',1114,,64,,,0
109,'1477091',1214,,65,,,0
109,'1477092',746,,66,,,0
109,'1477093',944,,67,,,0
109,'1477094',1144,,68,,,0
109,'1477095',1345,,69,,,0
109,'1477096',1625,,70,,,0
109,'1477097',1525,,71,,,0
109,'1477103',926,,77,,,0
109,'1477104',726,,78,,,0
109,'1477105',626,,79,,,0
109,'1477106',826,,80,,,0
109,'1477113',2101,,87,,,0
109,'1477114',2003,,88,,,0
109,'1477115',1903,,89,,,0
109,'1477116',1803,,90,,,0
109,'1477117',1705,,91,,,0
109,'1477118',1605,,92,,,0
109,'1477119',1545,,93,,,0
109,'1477120',1645,,94,,,0
109,'1477121',1743,,95,,,0
109,'1477122',1843,,96,,,0
109,'1477123',1943,,97,,,0
109,'1477129',1455,,103,,,0
109,'1477134',2230,,108,,,0
109,'1477135',2201,,109,,,0
109,'1477136',2259,,110,,,0
109,'1477613',846,,113,,,0
109,'1477615',946,,115,,,0
109,'1477616',1046,,116,,,0
109,'1477620',1246,,120,,,0
109,'1477621',1146,,121,,,0
109,'1477623',1346,,123,,,0
109,'1477624',1446,,124,,,0
109,'1477626',1546,,126,,,0
109,'1477627',1646,,127,,,0
109,'1477631',1746,,131,,,0
109,'1477633',1846,,133,,,0
109,'1477634',1946,,134,,,0
109,'1477647',1916,,147,,,0
109,'1477648',816,,148,,,0
109,'1477649',1016,,149,,,0
109,'1477650',1116,,150,,,0
109,'1477651',1216,,151,,,0
109,'1477652',1316,,152,,,0
109,'1477653',1416,,153,,,0
109,'1477654',1516,,154,,,0
109,'1477655',1616,,155,,,0
109,'1477656',1716,,156,,,0
109,'1477657',1816,,157,,,0
109,'1477659',916,,159,,,0
