2109,'1476961',759,,764,,,0
2109,'1476962',834,,765,,,0
2109,'1476963',909,,766,,,0
2109,'1476964',944,,767,,,0
2109,'1476965',1019,,768,,,0
2109,'1476966',1054,,769,,,0
2109,'1476967',1129,,770,,,0
2109,'1476968',1204,,771,,,0
2109,'1476969',1239,,772,,,0
2109,'1476970',1314,,773,,,0
2109,'1476971',1349,,774,,,0
2109,'1476972',1424,,775,,,0
2109,'1476973',1459,,776,,,0
2109,'1476974',1534,,777,,,0
2109,'1476975',1609,,778,,,0
2109,'1476976',1644,,779,,,0
2109,'1476977',1719,,780,,,0
2109,'1476978',1759,,781,,,0
2109,'1476979',1834,,782,,,0
2109,'1476980',1909,,783,,,0
2109,'1477205',654,,784,,,0
2109,'1477206',806,,785,,,0
2109,'1477207',916,,786,,,0
2109,'1477208',1026,,787,,,0
2109,'1477209',1136,,788,,,0
2109,'1477210',1246,,789,,,0
2109,'1477211',1356,,790,,,0
2109,'1477219',1506,,798,,,0
2109,'1477220',1616,,799,,,0
2109,'1477221',1731,,800,,,0
2109,'1477222',1841,,801,,,0
2109,'1477223',1951,,802,,,0
2109,'1477224',2114,,803,,,0
2109,'1477231',621,,810,,,0
2109,'1477232',731,,811,,,0
2109,'1477233',840,,812,,,0
2109,'1477234',951,,813,,,0
2109,'1477235',1101,,814,,,0
2109,'1477236',1211,,815,,,0
2109,'1477237',1321,,816,,,0
2109,'1477238',1431,,817,,,0
2109,'1477239',1541,,818,,,0
2109,'1477240',1651,,819,,,0
2109,'1477241',1806,,820,,,0
2109,'1477242',1918,,821,,,0
2109,'1477243',2030,,822,,,0
2109,'1477244',2144,,823,,,0
2109,'1477259',2314,,838,,,0
2109,'1477260',2244,,839,,,0
2109,'1477264',2214,,843,,,0
2109,'1478077',834,,845,,,0
2109,'1478078',944,,846,,,0
2109,'1478079',1205,,847,,,0
2109,'1478080',1314,,848,,,0
2109,'1478081',1424,,849,,,0
2109,'1478082',1534,,850,,,0
2109,'1478083',1759,,851,,,0
2109,'1478091',759,,859,,,0
2109,'1478092',909,,860,,,0
2109,'1478093',1129,,861,,,0
2109,'1478094',1239,,862,,,0
2109,'1478095',1349,,863,,,0
2109,'1478096',1459,,864,,,0
2109,'1478097',1719,,865,,,0
2109,'1478098',1834,,866,,,0
2109,'1478107',1644,,875,,,0
2109,'1478108',1054,,876,,,0
2109,'1478111',1909,,879,,,0
2109,'1478113',1019,,881,,,0
2109,'1478114',1609,,882,,,0
