109,'1477027',838,,1,,,0
109,'1477028',938,,2,,,0
109,'1477029',1038,,3,,,0
109,'1477030',1138,,4,,,0
109,'1477031',1238,,5,,,0
109,'1477032',1338,,6,,,0
109,'1477033',1438,,7,,,0
109,'1477034',1538,,8,,,0
109,'1477035',1638,,9,,,0
109,'1477036',1738,,10,,,0
109,'1477037',1838,,11,,,0
109,'1477038',1938,,12,,,0
109,'1477056',601,,30,,,0
109,'1477057',701,,31,,,0
109,'1477058',801,,32,,,0
109,'1477059',901,,33,,,0
109,'1477060',959,,34,,,0
109,'1477069',641,,43,,,0
109,'1477070',841,,44,,,0
109,'1477071',1039,,45,,,0
109,'1477072',1240,,46,,,0
109,'1477080',1420,,54,,,0
109,'1477081',1720,,55,,,0
109,'1477082',1818,,56,,,0
109,'1477083',1918,,57,,,0
109,'1477084',2018,,58,,,0
109,'1477085',2126,,59,,,0
109,'1477086',1310,,60,,,0
109,'1477090',1109,,64,,,0
109,'1477091',1209,,65,,,0
109,'1477092',741,,66,,,0
109,'1477093',939,,67,,,0
109,'1477094',1139,,68,,,0
109,'1477095',1340,,69,,,0
109,'1477096',1620,,70,,,0
109,'1477097',1520,,71,,,0
109,'1477103',921,,77,,,0
109,'1477104',721,,78,,,0
109,'1477105',621,,79,,,0
109,'1477106',821,,80,,,0
109,'1477113',2056,,87,,,0
109,'1477114',1958,,88,,,0
109,'1477115',1858,,89,,,0
109,'1477116',1758,,90,,,0
109,'1477117',1700,,91,,,0
109,'1477118',1600,,92,,,0
109,'1477119',1540,,93,,,0
109,'1477120',1640,,94,,,0
109,'1477121',1738,,95,,,0
109,'1477122',1838,,96,,,0
109,'1477123',1938,,97,,,0
109,'1477129',1450,,103,,,0
109,'1477134',2225,,108,,,0
109,'1477135',2156,,109,,,0
109,'1477136',2254,,110,,,0
109,'1477613',838,,113,,,0
109,'1477615',938,,115,,,0
109,'1477616',1038,,116,,,0
109,'1477620',1238,,120,,,0
109,'1477621',1138,,121,,,0
109,'1477623',1338,,123,,,0
109,'1477624',1438,,124,,,0
109,'1477626',1538,,126,,,0
109,'1477627',1638,,127,,,0
109,'1477631',1738,,131,,,0
109,'1477633',1838,,133,,,0
109,'1477634',1938,,134,,,0
109,'1477647',1908,,147,,,0
109,'1477648',808,,148,,,0
109,'1477649',1008,,149,,,0
109,'1477650',1108,,150,,,0
109,'1477651',1208,,151,,,0
109,'1477652',1308,,152,,,0
109,'1477653',1408,,153,,,0
109,'1477654',1508,,154,,,0
109,'1477655',1608,,155,,,0
109,'1477656',1708,,156,,,0
109,'1477657',1808,,157,,,0
109,'1477659',908,,159,,,0
