809,'1476849',748,,688,,,0
809,'1476850',848,,689,,,0
809,'1476851',948,,690,,,0
809,'1476852',1048,,691,,,0
809,'1476853',1148,,692,,,0
809,'1476854',1303,,693,,,0
809,'1476855',1403,,694,,,0
809,'1476856',1503,,695,,,0
809,'1476857',1603,,696,,,0
809,'1476858',1718,,697,,,0
809,'1476859',1818,,698,,,0
809,'1476860',1918,,699,,,0
809,'1477473',642,,700,,,0
809,'1477474',742,,701,,,0
809,'1477475',921,,702,,,0
809,'1477476',1021,,703,,,0
809,'1477477',1121,,704,,,0
809,'1477478',1221,,705,,,0
809,'1477479',1338,,706,,,0
809,'1477480',1448,,707,,,0
809,'1477481',1523,,708,,,0
809,'1477482',1633,,709,,,0
809,'1477483',1754,,710,,,0
809,'1477484',1854,,711,,,0
809,'1477485',1954,,712,,,0
809,'1477486',2109,,713,,,0
809,'1477487',2209,,714,,,0
809,'1477488',612,,715,,,0
809,'1477489',712,,716,,,0
809,'1477490',812,,717,,,0
809,'1477491',852,,718,,,0
809,'1477492',1413,,719,,,0
809,'1477493',1558,,720,,,0
809,'1477494',1713,,721,,,0
809,'1477495',1824,,722,,,0
809,'1477496',1924,,723,,,0
809,'1477497',2039,,724,,,0
809,'1477498',2139,,725,,,0
809,'1477499',951,,726,,,0
809,'1477500',1051,,727,,,0
809,'1477501',1151,,728,,,0
809,'1477502',1303,,729,,,0
809,'1477503',2306,,730,,,0
809,'1477504',2238,,731,,,0
809,'1477700',748,,732,,,0
809,'1477701',848,,733,,,0
809,'1477702',948,,734,,,0
809,'1477703',1048,,735,,,0
809,'1477704',1148,,736,,,0
809,'1477705',1303,,737,,,0
809,'1477706',1403,,738,,,0
809,'1477707',1503,,739,,,0
809,'1477708',1603,,740,,,0
809,'1477709',1718,,741,,,0
809,'1477710',1818,,742,,,0
809,'1477711',1918,,743,,,0
