109,'1477039',812,,13,0,33,0
109,'1477040',912,,14,0,33,0
109,'1477041',1012,,15,0,33,0
109,'1477042',1112,,16,0,33,0
109,'1477043',1212,,17,0,33,0
109,'1477044',1312,,18,0,33,0
109,'1477045',1412,,19,0,33,0
109,'1477046',1512,,20,0,33,0
109,'1477047',1612,,21,0,33,0
109,'1477048',1712,,22,0,33,0
109,'1477049',1812,,23,0,33,0
109,'1477050',1912,,24,0,33,0
109,'1477051',835,,25,0,33,0
109,'1477052',535,,26,0,33,0
109,'1477053',934,,27,0,33,0
109,'1477054',735,,28,0,33,0
109,'1477055',635,,29,0,33,0
109,'1477061',615,,35,0,33,0
109,'1477062',715,,36,0,33,0
109,'1477063',815,,37,0,33,0
109,'1477064',914,,38,0,33,0
109,'1477065',1014,,39,0,33,0
109,'1477066',1114,,40,0,33,0
109,'1477067',1215,,41,0,33,0
109,'1477068',1315,,42,0,33,0
109,'1477073',1355,,47,0,33,0
109,'1477074',1455,,48,0,33,0
109,'1477075',1555,,49,0,33,0
109,'1477076',1655,,50,0,33,0
109,'1477077',1754,,51,0,33,0
109,'1477078',1854,,52,0,33,0
109,'1477079',1954,,53,0,33,0
109,'1477087',1044,,61,0,33,0
109,'1477088',1144,,62,0,33,0
109,'1477089',1245,,63,0,33,0
109,'1477098',2102,,72,0,33,0
109,'1477099',555,,73,0,33,0
109,'1477100',655,,74,0,33,0
109,'1477101',755,,75,0,33,0
109,'1477102',855,,76,0,33,0
109,'1477107',2032,,81,0,33,0
109,'1477108',1934,,82,0,33,0
109,'1477109',1834,,83,0,33,0
109,'1477110',1734,,84,0,33,0
109,'1477111',1635,,85,0,33,0
109,'1477112',1535,,86,0,33,0
109,'1477124',1914,,98,0,33,0
109,'1477125',1515,,99,0,33,0
109,'1477126',1615,,100,0,33,0
109,'1477127',1714,,101,0,33,0
109,'1477128',1814,,102,0,33,0
109,'1477130',1425,,104,0,33,0
109,'1477131',2132,,105,0,33,0
109,'1477132',2202,,106,0,33,0
109,'1477133',2301,,107,0,33,0
109,'1477137',2231,,111,0,33,0
109,'1477612',812,,112,0,33,0
109,'1477614',912,,114,0,33,0
109,'1477617',1012,,117,0,33,0
109,'1477618',1112,,118,0,33,0
109,'1477619',1212,,119,0,33,0
109,'1477622',1412,,122,0,33,0
109,'1477625',1312,,125,0,33,0
109,'1477628',1612,,128,0,33,0
109,'1477629',1512,,129,0,33,0
109,'1477630',1712,,130,0,33,0
109,'1477632',1812,,132,0,33,0
109,'1477635',1912,,135,0,33,0
109,'1477636',842,,136,0,33,0
109,'1477637',942,,137,0,33,0
109,'1477638',1042,,138,0,33,0
109,'1477639',1142,,139,0,33,0
109,'1477640',1242,,140,0,33,0
109,'1477641',1342,,141,0,33,0
109,'1477642',1442,,142,0,33,0
109,'1477643',1542,,143,0,33,0
109,'1477644',1642,,144,0,33,0
109,'1477645',1742,,145,0,33,0
109,'1477646',1842,,146,0,33,0
109,'1477658',742,,158,0,33,0
