509,'1476884',823,,519,,,0
509,'1476885',923,,520,,,0
509,'1476886',1023,,521,,,0
509,'1476887',1123,,522,,,0
509,'1476888',1223,,523,,,0
509,'1476889',1338,,524,,,0
509,'1476890',1438,,525,,,0
509,'1476891',1538,,526,,,0
509,'1476892',1653,,527,,,0
509,'1476893',1753,,528,,,0
509,'1476894',1853,,529,,,0
509,'1477372',615,,530,,,0
509,'1477373',715,,531,,,0
509,'1477374',815,,532,,,0
509,'1477375',855,,533,,,0
509,'1477376',955,,534,,,0
509,'1477377',1055,,535,,,0
509,'1477378',1155,,536,,,0
509,'1477379',1307,,537,,,0
509,'1477380',1417,,538,,,0
509,'1477381',1527,,539,,,0
509,'1477382',1637,,540,,,0
509,'1477383',1717,,541,,,0
509,'1477384',1828,,542,,,0
509,'1477385',1928,,543,,,0
509,'1477386',2043,,544,,,0
509,'1477387',2143,,545,,,0
509,'1477388',645,,546,,,0
509,'1477389',745,,547,,,0
509,'1477390',1452,,548,,,0
509,'1477391',1602,,549,,,0
509,'1477392',1758,,550,,,0
509,'1477393',1858,,551,,,0
509,'1477394',1958,,552,,,0
509,'1477395',2113,,553,,,0
509,'1477396',2213,,554,,,0
509,'1477397',925,,555,,,0
509,'1477398',1342,,556,,,0
509,'1477399',1125,,557,,,0
509,'1477400',1025,,558,,,0
509,'1477401',1225,,559,,,0
509,'1477402',2243,,560,,,0
509,'1477403',2313,,561,,,0
509,'1477735',823,,562,,,0
509,'1477736',923,,563,,,0
509,'1477737',1023,,564,,,0
509,'1477738',1123,,565,,,0
509,'1477739',1223,,566,,,0
509,'1477740',1338,,567,,,0
509,'1477741',1438,,568,,,0
509,'1477742',1538,,569,,,0
509,'1477743',1653,,570,,,0
509,'1477744',1753,,571,,,0
509,'1477745',1853,,572,,,0
