200,'100009',548,,308,13,,,0,70,,300,34,,,0,30,,309,34,,,0,70,,301,34,,,0,30,,310,34,,,0,70,,302,34,,,0,40,,311,34,,,0,70,,303,34,,,0,30,,312,34,,,0,70,,304,34,,,0,30,,313,34,,,0,70,,305,34,,,0,30,,314,34,,,0,70,,306,34,,,0,79,,315,34,,,0,35,,307,34,,,0,75,,316,34,,,0,35,,324,34,,,0,75,,317,34,,,0,75,,325,34,,,0,35,,318,34,,,0,80,,319,34,,,0,83,,326,34,,,0,30,,320,34,,,0,70,,327,34,,,0,30,,321,34,,,0,70,,328,34,,,0,45,,322,34,,,0,70,,329,34,,,0,30,,323,34,,,0,70,,330,34,,,0,30,,331,34,,,0,72,,332,34,,,0
200,'100010',756,,338,34,,,0,70,,342,34,,,0,30,,339,34,,,0,70,,352,34,,,0,30,,341,34,,,0,70,,340,34,,,0,30,,343,34,,,0,70,,344,34,,,0,30,,333,34,,,0,70,,346,34,,,0,85,,347,34,,,0,30,,348,34,,,0,70,,349,34,,,0,30,,350,34,,,0,70,,351,34,,,0,30,,355,34,,,0,70,,353,34,,,0,45,,354,34,,,0,70,,334,34,,,0,30,,337,34,,,0,70,,336,34,,,0,30,,335,34,,,0,70,,345,34,,,0
201,'100011',756,,2023,16,0,5 6,0,70,,2027,16,0,5 6,0,30,,2024,16,0,5 6,0,70,,2037,16,0,5 6,0,30,,2026,16,0,5 6,0,70,,2025,16,0,5 6,0,30,,2028,16,0,5 6,0,70,,2029,16,0,5 6,0,30,,2018,16,0,5 6,0,85,,2031,16,0,5 6,0,70,,2032,16,0,5 6,0,30,,2033,16,0,5 6,0,70,,2034,16,0,5 6,0,30,,2035,16,0,5 6,0,70,,2036,16,0,5 6,0,30,,2040,16,0,5 6,0,85,,2038,16,0,5 6,0,30,,2039,16,0,5 6,0,70,,2019,16,0,5 6,0,30,,2022,16,0,5 6,0,70,,2021,16,0,5 6,0,30,,2020,16,0,5 6,0,70,,2030,16,0,5 6,0,30,,2041,16,0,5 6,0
201,'100012',756,,2047,16,0,5 6,0,70,,2051,16,0,5 6,0,30,,2048,16,0,5 6,0,70,,2061,16,0,5 6,0,30,,2050,16,0,5 6,0,70,,2049,16,0,5 6,0,30,,2052,16,0,5 6,0,70,,2053,16,0,5 6,0,30,,2042,16,0,5 6,0,85,,2055,16,0,5 6,0,70,,2056,16,0,5 6,0,30,,2057,16,0,5 6,0,70,,2058,16,0,5 6,0,30,,2059,16,0,5 6,0,70,,2060,16,0,5 6,0,30,,2064,16,0,5 6,0,85,,2062,16,0,5 6,0,30,,2063,16,0,5 6,0,70,,2043,16,0,5 6,0,30,,2046,16,0,5 6,0,70,,2045,16,0,5 6,0,30,,2044,16,0,5 6,0,70,,2054,16,0,5 6,0
201,'100013',548,,2098,16,0,5 6,0,70,,2065,16,0,5 6,0,30,,2073,16,0,5 6,0,70,,2066,16,0,5 6,0,30,,2074,16,0,5 6,0,70,,2067,16,0,5 6,0,40,,2075,16,0,5 6,0,70,,2068,16,0,5 6,0,30,,2076,16,0,5 6,0,70,,2069,16,0,5 6,0,30,,2077,16,0,5 6,0,70,,2070,16,0,5 6,0,30,,2078,16,0,5 6,0,70,,2071,16,0,5 6,0,79,,2096,16,0,5 6,0,35,,2072,16,0,5 6,0,75,,2079,16,0,5 6,0,35,,2086,16,0,5 6,0,75,,2080,16,0,5 6,0,75,,2087,16,0,5 6,0,35,,2081,16,0,5 6,0,79,,2097,16,0,5 6,0,84,,2088,16,0,5 6,0,30,,2082,16,0,5 6,0,70,,2089,16,0,5 6,0,30,,2083,16,0,5 6,0,70,,2090,16,0,5 6,0,45,,2084,16,0,5 6,0,70,,2091,16,0,5 6,0,30,,2085,16,0,5 6,0,70,,2092,16,0,5 6,0,30,,2093,16,0,5 6,0,72,,2094,16,0,5 6,0
201,'100014',548,,2132,16,0,5 6,0,70,,2099,16,0,5 6,0,30,,2107,16,0,5 6,0,70,,2100,16,0,5 6,0,30,,2108,16,0,5 6,0,70,,2101,16,0,5 6,0,40,,2109,16,0,5 6,0,70,,2102,16,0,5 6,0,30,,2110,16,0,5 6,0,70,,2103,16,0,5 6,0,30,,2111,16,0,5 6,0,70,,2104,16,0,5 6,0,30,,2112,16,0,5 6,0,70,,2105,16,0,5 6,0,79,,2130,16,0,5 6,0,35,,2106,16,0,5 6,0,75,,2113,16,0,5 6,0,35,,2120,16,0,5 6,0,75,,2114,16,0,5 6,0,75,,2121,16,0,5 6,0,35,,2115,16,0,5 6,0,79,,2131,16,0,5 6,0,84,,2122,16,0,5 6,0,30,,2116,16,0,5 6,0,70,,2123,16,0,5 6,0,30,,2117,16,0,5 6,0,70,,2124,16,0,5 6,0,45,,2118,16,0,5 6,0,70,,2125,16,0,5 6,0,30,,2119,16,0,5 6,0,70,,2126,16,0,5 6,0,30,,2127,16,0,5 6,0,72,,2128,16,0,5 6,0
201,'100015',756,,2133,16,0,5 6,0,70,,2134,16,0,5 6,0,30,,2135,16,0,5 6,0,70,,2136,16,0,5 6,0,30,,2137,16,0,5 6,0,70,,2138,16,0,5 6,0,30,,2139,16,0,5 6,0,70,,2140,16,0,5 6,0,30,,2141,16,0,5 6,0,85,,2142,16,0,5 6,0,70,,2143,16,0,5 6,0,30,,2144,16,0,5 6,0,70,,2145,16,0,5 6,0,30,,2146,16,0,5 6,0,70,,2147,16,0,5 6,0,30,,2148,16,0,5 6,0,85,,2149,16,0,5 6,0,30,,2151,16,0,5 6,0,70,,2152,16,0,5 6,0,30,,2153,16,0,5 6,0,70,,2154,16,0,5 6,0,30,,2155,16,0,5 6,0,70,,2150,16,0,5 6,0
2100,'100009',655,,1202,19,,,0,75,,1188,19,,,0,75,,1203,19,,,0,35,,1189,19,,,0,75,,1204,19,,,0,34,,1190,19,,,0,75,,1205,19,,,0,35,,1191,19,,,0,75,,1206,19,,,0,75,,1192,19,,,0,38,,1207,19,,,0,75,,1193,19,,,0,35,,1208,19,,,0,75,,1194,19,,,0,75,,1209,19,,,0,35,,1195,19,,,0,76,,1210,19,,,0,34,,1196,19,,,0,75,,1211,19,,,0,79,,1197,19,,,0,37,,1212,19,,,0,73,,1198,19,,,0,39,,1213,19,,,0,71,,1199,19,,,0,79,,1214,19,,,0,40,,1200,19,,,0,70,,1201,19,,,0,30,,1215,19,,,0,70,,1216,19,,,0,30,,1217,19,,,0
2100,'100010',833,,1226,19,,,0,75,,1219,19,,,0,35,,1227,19,,,0,75,,1220,19,,,0,35,,1236,19,,,0,75,,1235,19,,,0,75,,1228,19,,,0,35,,1221,19,,,0,75,,1229,19,,,0,35,,1222,19,,,0,75,,1230,19,,,0,35,,1223,19,,,0,75,,1237,19,,,0,75,,1234,19,,,0,35,,1231,19,,,0,75,,1224,19,,,0,35,,1232,19,,,0,80,,1225,19,,,0,75,,1233,19,,,0,35,,1218,19,,,0
2100,'100011',833,,2928,19,,,0,75,,2921,19,,,0,35,,2929,19,,,0,75,,2922,19,,,0,35,,2938,19,,,0,75,,2937,19,,,0,75,,2930,19,,,0,35,,2923,19,,,0,75,,2931,19,,,0,35,,2924,19,,,0,75,,2932,19,,,0,35,,2925,19,,,0,75,,2939,19,,,0,75,,2936,19,,,0,35,,2933,19,,,0,75,,2926,19,,,0,35,,2934,19,,,0,80,,2927,19,,,0,75,,2935,19,,,0,35,,2920,19,,,0,110,,2940,19,,,0
2100,'100012',833,,2949,19,,,0,75,,2942,19,,,0,35,,2950,19,,,0,75,,2943,19,,,0,35,,2959,19,,,0,75,,2958,19,,,0,75,,2951,19,,,0,35,,2944,19,,,0,75,,2952,19,,,0,35,,2945,19,,,0,75,,2953,19,,,0,35,,2946,19,,,0,75,,2960,19,,,0,75,,2957,19,,,0,35,,2954,19,,,0,75,,2947,19,,,0,35,,2955,19,,,0,80,,2948,19,,,0,75,,2956,19,,,0,35,,2941,19,,,0
2100,'100013',655,,2975,19,,,0,75,,2961,19,,,0,75,,2976,19,,,0,35,,2962,19,,,0,75,,2977,19,,,0,34,,2963,19,,,0,75,,2978,19,,,0,35,,2964,19,,,0,75,,2979,19,,,0,75,,2965,19,,,0,38,,2980,19,,,0,75,,2966,19,,,0,35,,2981,19,,,0,75,,2967,19,,,0,75,,2982,19,,,0,35,,2968,19,,,0,76,,2983,19,,,0,34,,2969,19,,,0,75,,2984,19,,,0,79,,2970,19,,,0,37,,2985,19,,,0,73,,2971,19,,,0,39,,2986,19,,,0,71,,2972,19,,,0,79,,2987,19,,,0,40,,2973,19,,,0,70,,2974,19,,,0,30,,2988,19,,,0,70,,2989,19,,,0,30,,2990,19,,,0
2100,'100014',655,,3005,19,,,0,75,,2991,19,,,0,75,,3006,19,,,0,35,,2992,19,,,0,75,,3007,19,,,0,34,,2993,19,,,0,75,,3008,19,,,0,35,,2994,19,,,0,75,,3009,19,,,0,75,,2995,19,,,0,38,,3010,19,,,0,75,,2996,19,,,0,35,,3011,19,,,0,75,,2997,19,,,0,75,,3012,19,,,0,35,,2998,19,,,0,76,,3013,19,,,0,34,,2999,19,,,0,75,,3014,19,,,0,79,,3000,19,,,0,37,,3015,19,,,0,73,,3001,19,,,0,39,,3016,19,,,0,71,,3002,19,,,0,79,,3017,19,,,0,40,,3003,19,,,0,70,,3004,19,,,0,30,,3018,19,,,0,70,,3019,19,,,0,30,,3020,19,,,0
2100,'100015',833,,3021,19,,,0,75,,3022,19,,,0,35,,3023,19,,,0,75,,3024,19,,,0,35,,3025,19,,,0,75,,3026,19,,,0,75,,3027,19,,,0,35,,3028,19,,,0,75,,3029,19,,,0,35,,3030,19,,,0,75,,3031,19,,,0,35,,3032,19,,,0,75,,3033,19,,,0,75,,3034,19,,,0,35,,3035,19,,,0,75,,3036,19,,,0,35,,3037,19,,,0,80,,3038,19,,,0,75,,3039,19,,,0,35,,3040,19,,,0
