1000909,'1476779',536,,898,,,0
1000909,'1476780',606,,899,,,0
1000909,'1476781',636,,900,,,0
1000909,'1476782',706,,901,,,0
1000909,'1476783',736,,902,,,0
1000909,'1476784',806,,903,,,0
1000909,'1476785',828,,904,,,0
1000909,'1476786',856,,905,,,0
1000909,'1476787',931,,906,,,0
1000909,'1476788',951,,907,,,0
1000909,'1476789',1021,,908,,,0
1000909,'1476790',1051,,909,,,0
1000909,'1476791',1121,,910,,,0
1000909,'1476792',1151,,911,,,0
1000909,'1476793',1221,,912,,,0
1000909,'1476794',1251,,913,,,0
1000909,'1476795',1321,,914,,,0
1000909,'1476796',1351,,915,,,0
1000909,'1476797',1423,,916,,,0
1000909,'1476798',1453,,917,,,0
1000909,'1476799',1527,,918,,,0
1000909,'1476800',1551,,919,,,0
1000909,'1476801',1623,,920,,,0
1000909,'1476802',1653,,921,,,0
1000909,'1476803',1711,,922,,,0
1000909,'1476804',1756,,923,,,0
1000909,'1476805',1826,,924,,,0
1000909,'1476806',1856,,925,,,0
1000909,'1476807',1926,,926,,,0
1000909,'1476808',1954,,927,,,0
1000909,'1476809',2038,,928,,,0
1000909,'1476810',2123,,929,,,0
1000909,'1476811',2158,,930,,,0
1000909,'1476812',2308,,931,,,0
1000909,'1476813',2233,,932,,,0
1000909,'1476831',749,,933,,,0
1000909,'1476832',829,,934,,,0
1000909,'1476833',909,,935,,,0
1000909,'1476834',949,,936,,,0
1000909,'1476835',1029,,937,,,0
1000909,'1476836',1109,,938,,,0
1000909,'1476837',1149,,939,,,0
1000909,'1476838',1234,,940,,,0
1000909,'1476839',1314,,941,,,0
1000909,'1476840',1355,,942,,,0
1000909,'1476841',1435,,943,,,0
1000909,'1476842',1515,,944,,,0
1000909,'1476843',1555,,945,,,0
1000909,'1476844',1635,,946,,,0
1000909,'1476845',1720,,947,,,0
1000909,'1476846',1800,,948,,,0
1000909,'1476847',1840,,949,,,0
1000909,'1476848',1920,,950,,,0
1000909,'1477594',749,,951,,,0
1000909,'1477595',829,,952,,,0
1000909,'1477596',909,,953,,,0
1000909,'1477597',949,,954,,,0
1000909,'1477598',1029,,955,,,0
1000909,'1477599',1109,,956,,,0
1000909,'1477600',1149,,957,,,0
1000909,'1477601',1234,,958,,,0
1000909,'1477602',1314,,959,,,0
1000909,'1477603',1355,,960,,,0
1000909,'1477604',1435,,961,,,0
1000909,'1477605',1515,,962,,,0
1000909,'1477606',1555,,963,,,0
1000909,'1477607',1635,,964,,,0
1000909,'1477608',1720,,965,,,0
1000909,'1477609',1800,,966,,,0
1000909,'1477610',1840,,967,,,0
1000909,'1477611',1920,,968,,,0
1000909,'1478041',1926,,969,,,0
1000909,'1478042',2308,,970,,,0
1000909,'1478043',1954,,971,,,0
1000909,'1478044',1756,,972,,,0
1000909,'1478045',1826,,973,,,0
1000909,'1478046',2158,,974,,,0
1000909,'1478047',2123,,975,,,0
1000909,'1478048',1856,,976,,,0
1000909,'1478049',2038,,977,,,0
1000909,'1478050',2233,,978,,,0
1000909,'1478051',536,,979,,,0
1000909,'1478052',606,,980,,,0
1000909,'1478053',636,,981,,,0
1000909,'1478054',706,,982,,,0
1000909,'1478055',736,,983,,,0
1000909,'1478056',806,,984,,,0
1000909,'1478057',828,,985,,,0
1000909,'1478058',856,,986,,,0
1000909,'1478059',931,,987,,,0
1000909,'1478060',951,,988,,,0
1000909,'1478061',1021,,989,,,0
1000909,'1478062',1051,,990,,,0
1000909,'1478063',1121,,991,,,0
1000909,'1478064',1151,,992,,,0
1000909,'1478065',1221,,993,,,0
1000909,'1478066',1251,,994,,,0
1000909,'1478067',1321,,995,,,0
1000909,'1478068',1351,,996,,,0
1000909,'1478069',1423,,997,,,0
1000909,'1478070',1453,,998,,,0
1000909,'1478071',1527,,999,,,0
1000909,'1478072',1551,,1000,,,0
1000909,'1478073',1623,,1001,,,0
1000909,'1478074',1653,,1002,,,0
1000909,'1478075',1711,,1003,,,0
