400,'100009',533,,749,18,0,17 3 15 7 16,0,70,,728,18,0,17 3 15 7 16,0,30,,720,18,0,17 3 15 7 16,0,18,,747,18,0,17 3 15 7 16,0,52,,729,18,0,17 3 15 7 16,0,30,,721,18,0,17 3 15 7 16,0,70,,730,18,0,17 3 15 7 16,0,40,,722,18,0,17 3 15 7 16,0,69,,748,18,0,17 3 15 7 16,0,31,,723,18,0,17 3 15 7 16,0,70,,744,18,0,17 3 15 7 16,0,30,,724,18,0,17 3 15 7 16,0,70,,745,18,0,17 3 15 7 16,0,30,,725,18,0,17 3 15 7 16,0,70,,746,18,0,17 3 15 7 16,0,38,,726,18,0,17 3 15 7 16,0,75,,751,18,0,17 3 15 7 16,0,75,,727,18,0,17 3 15 7 16,0,35,,731,18,0,17 3 15 7 16,0,75,,750,18,0,17 3 15 7 16,0,35,,732,18,0,17 3 15 7 16,0,75,,733,18,0,17 3 15 7 16,0,80,,739,18,0,17 3 15 7 16,0,45,,734,18,0,17 3 15 7 16,0,70,,740,18,0,17 3 15 7 16,0,30,,735,18,0,17 3 15 7 16,0,70,,741,18,0,17 3 15 7 16,0,30,,736,18,0,17 3 15 7 16,0,85,,742,18,0,17 3 15 7 16,0,70,,737,18,0,17 3 15 7 16,0,30,,743,18,0,17 3 15 7 16,0,70,,738,18,0,17 3 15 7 16,0,30,,752,18,0,17 3 15 7 16,0,70,,753,18,0,17 3 15 7 16,0
400,'100010',741,,754,18,0,17 3 15 7 16,0,70,,767,18,0,17 3 15 7 16,0,30,,755,18,0,17 3 15 7 16,0,70,,768,18,0,17 3 15 7 16,0,30,,756,18,0,17 3 15 7 16,0,70,,769,18,0,17 3 15 7 16,0,30,,757,18,0,17 3 15 7 16,0,70,,770,18,0,17 3 15 7 16,0,30,,758,18,0,17 3 15 7 16,0,70,,771,18,0,17 3 15 7 16,0,45,,759,18,0,17 3 15 7 16,0,70,,772,18,0,17 3 15 7 16,0,30,,760,18,0,17 3 15 7 16,0,70,,773,18,0,17 3 15 7 16,0,30,,761,18,0,17 3 15 7 16,0,70,,774,18,0,17 3 15 7 16,0,30,,762,18,0,17 3 15 7 16,0,85,,775,18,0,17 3 15 7 16,0,70,,763,18,0,17 3 15 7 16,0,30,,776,18,0,17 3 15 7 16,0,70,,764,18,0,17 3 15 7 16,0,30,,766,18,0,17 3 15 7 16,0,70,,765,18,0,17 3 15 7 16,0
400,'100011',741,,2373,18,0,17 3 15 7 16,0,70,,2386,18,0,17 3 15 7 16,0,30,,2374,18,0,17 3 15 7 16,0,70,,2387,18,0,17 3 15 7 16,0,30,,2375,18,0,17 3 15 7 16,0,70,,2388,18,0,17 3 15 7 16,0,30,,2376,18,0,17 3 15 7 16,0,70,,2389,18,0,17 3 15 7 16,0,30,,2377,18,0,17 3 15 7 16,0,70,,2390,18,0,17 3 15 7 16,0,45,,2378,18,0,17 3 15 7 16,0,70,,2391,18,0,17 3 15 7 16,0,30,,2379,18,0,17 3 15 7 16,0,70,,2392,18,0,17 3 15 7 16,0,30,,2380,18,0,17 3 15 7 16,0,70,,2393,18,0,17 3 15 7 16,0,30,,2381,18,0,17 3 15 7 16,0,85,,2394,18,0,17 3 15 7 16,0,70,,2382,18,0,17 3 15 7 16,0,30,,2395,18,0,17 3 15 7 16,0,70,,2383,18,0,17 3 15 7 16,0,30,,2385,18,0,17 3 15 7 16,0,70,,2384,18,0,17 3 15 7 16,0,30,,2396,18,0,17 3 15 7 16,0,70,,2397,18,0,17 3 15 7 16,0
400,'100012',741,,2398,18,0,17 3 15 7 16,0,70,,2411,18,0,17 3 15 7 16,0,30,,2399,18,0,17 3 15 7 16,0,70,,2412,18,0,17 3 15 7 16,0,30,,2400,18,0,17 3 15 7 16,0,70,,2413,18,0,17 3 15 7 16,0,30,,2401,18,0,17 3 15 7 16,0,70,,2414,18,0,17 3 15 7 16,0,30,,2402,18,0,17 3 15 7 16,0,70,,2415,18,0,17 3 15 7 16,0,45,,2403,18,0,17 3 15 7 16,0,70,,2416,18,0,17 3 15 7 16,0,30,,2404,18,0,17 3 15 7 16,0,70,,2417,18,0,17 3 15 7 16,0,30,,2405,18,0,17 3 15 7 16,0,70,,2418,18,0,17 3 15 7 16,0,30,,2406,18,0,17 3 15 7 16,0,85,,2419,18,0,17 3 15 7 16,0,70,,2407,18,0,17 3 15 7 16,0,30,,2420,18,0,17 3 15 7 16,0,70,,2408,18,0,17 3 15 7 16,0,30,,2410,18,0,17 3 15 7 16,0,70,,2409,18,0,17 3 15 7 16,0
400,'100013',533,,2450,18,0,17 3 15 7 16,0,70,,2429,18,0,17 3 15 7 16,0,30,,2421,18,0,17 3 15 7 16,0,18,,2448,18,0,17 3 15 7 16,0,52,,2430,18,0,17 3 15 7 16,0,30,,2422,18,0,17 3 15 7 16,0,70,,2431,18,0,17 3 15 7 16,0,40,,2423,18,0,17 3 15 7 16,0,69,,2449,18,0,17 3 15 7 16,0,31,,2424,18,0,17 3 15 7 16,0,70,,2445,18,0,17 3 15 7 16,0,30,,2425,18,0,17 3 15 7 16,0,70,,2446,18,0,17 3 15 7 16,0,30,,2426,18,0,17 3 15 7 16,0,70,,2447,18,0,17 3 15 7 16,0,38,,2427,18,0,17 3 15 7 16,0,75,,2452,18,0,17 3 15 7 16,0,75,,2428,18,0,17 3 15 7 16,0,35,,2432,18,0,17 3 15 7 16,0,75,,2451,18,0,17 3 15 7 16,0,35,,2433,18,0,17 3 15 7 16,0,75,,2434,18,0,17 3 15 7 16,0,80,,2440,18,0,17 3 15 7 16,0,45,,2435,18,0,17 3 15 7 16,0,70,,2441,18,0,17 3 15 7 16,0,30,,2436,18,0,17 3 15 7 16,0,70,,2442,18,0,17 3 15 7 16,0,30,,2437,18,0,17 3 15 7 16,0,85,,2443,18,0,17 3 15 7 16,0,70,,2438,18,0,17 3 15 7 16,0,30,,2444,18,0,17 3 15 7 16,0,70,,2439,18,0,17 3 15 7 16,0,30,,2453,18,0,17 3 15 7 16,0,70,,2454,18,0,17 3 15 7 16,0
400,'100014',533,,2484,18,0,17 3 15 7 16,0,70,,2463,18,0,17 3 15 7 16,0,30,,2455,18,0,17 3 15 7 16,0,18,,2482,18,0,17 3 15 7 16,0,52,,2464,18,0,17 3 15 7 16,0,30,,2456,18,0,17 3 15 7 16,0,70,,2465,18,0,17 3 15 7 16,0,40,,2457,18,0,17 3 15 7 16,0,69,,2483,18,0,17 3 15 7 16,0,31,,2458,18,0,17 3 15 7 16,0,70,,2479,18,0,17 3 15 7 16,0,30,,2459,18,0,17 3 15 7 16,0,70,,2480,18,0,17 3 15 7 16,0,30,,2460,18,0,17 3 15 7 16,0,70,,2481,18,0,17 3 15 7 16,0,38,,2461,18,0,17 3 15 7 16,0,75,,2486,18,0,17 3 15 7 16,0,75,,2462,18,0,17 3 15 7 16,0,35,,2466,18,0,17 3 15 7 16,0,75,,2485,18,0,17 3 15 7 16,0,35,,2467,18,0,17 3 15 7 16,0,75,,2468,18,0,17 3 15 7 16,0,80,,2474,18,0,17 3 15 7 16,0,45,,2469,18,0,17 3 15 7 16,0,70,,2475,18,0,17 3 15 7 16,0,30,,2470,18,0,17 3 15 7 16,0,70,,2476,18,0,17 3 15 7 16,0,30,,2471,18,0,17 3 15 7 16,0,85,,2477,18,0,17 3 15 7 16,0,70,,2472,18,0,17 3 15 7 16,0,30,,2478,18,0,17 3 15 7 16,0,70,,2473,18,0,17 3 15 7 16,0,30,,2487,18,0,17 3 15 7 16,0,70,,2488,18,0,17 3 15 7 16,0
400,'100015',741,,2489,18,0,17 3 15 7 16,0,70,,2490,18,0,17 3 15 7 16,0,30,,2491,18,0,17 3 15 7 16,0,70,,2492,18,0,17 3 15 7 16,0,30,,2493,18,0,17 3 15 7 16,0,70,,2494,18,0,17 3 15 7 16,0,30,,2495,18,0,17 3 15 7 16,0,70,,2496,18,0,17 3 15 7 16,0,30,,2497,18,0,17 3 15 7 16,0,70,,2498,18,0,17 3 15 7 16,0,45,,2499,18,0,17 3 15 7 16,0,70,,2500,18,0,17 3 15 7 16,0,30,,2501,18,0,17 3 15 7 16,0,70,,2502,18,0,17 3 15 7 16,0,30,,2503,18,0,17 3 15 7 16,0,70,,2504,18,0,17 3 15 7 16,0,30,,2505,18,0,17 3 15 7 16,0,85,,2507,18,0,17 3 15 7 16,0,70,,2508,18,0,17 3 15 7 16,0,30,,2509,18,0,17 3 15 7 16,0,70,,2510,18,0,17 3 15 7 16,0,30,,2511,18,0,17 3 15 7 16,0,70,,2506,18,0,17 3 15 7 16,0
5201,'100009',747,,1365,32,0,7 8 9,0
5201,'100013',747,,3169,32,0,7 8 9,0
5400,'100009',741,,1370,32,0,7 18,0
5400,'100013',741,,3174,32,0,7 18,0
