700,'100009',533,,1014,18,0,24 3 25,0,70,,1024,18,0,24 3 25,0,30,,1015,18,0,24 3 25,0,18,,1042,18,0,24 3 25,0,52,,1025,18,0,24 3 25,0,30,,1016,18,0,24 3 25,0,70,,1026,18,0,24 3 25,0,40,,1035,18,0,24 3 25,0,70,,1017,18,0,24 3 25,0,30,,1036,18,0,24 3 25,0,70,,1018,18,0,24 3 25,0,30,,1043,18,0,24 3 25,0,70,,1019,18,0,24 3 25,0,30,,1044,18,0,24 3 25,0,70,,1020,18,0,24 3 25,0,41,,1045,18,0,24 3 25,0,75,,1021,18,0,24 3 25,0,75,,1027,18,0,24 3 25,0,35,,1022,18,0,24 3 25,0,75,,1028,18,0,24 3 25,0,35,,1023,18,0,24 3 25,0,75,,1029,18,0,24 3 25,0,80,,1030,18,0,24 3 25,0,42,,1037,18,0,24 3 25,0,70,,1031,18,0,24 3 25,0,30,,1038,18,0,24 3 25,0,70,,1032,18,0,24 3 25,0,30,,1039,18,0,24 3 25,0,86,,1033,18,0,24 3 25,0,70,,1040,18,0,24 3 25,0,30,,1034,18,0,24 3 25,0,70,,1041,18,0,24 3 25,0,30,,1046,18,0,24 3 25,0,70,,1047,18,0,24 3 25,0
700,'100010',811,,1048,18,0,24 3 25,0,100,,1049,18,0,24 3 25,0,100,,1050,18,0,24 3 25,0,100,,1051,18,0,24 3 25,0,100,,1052,18,0,24 3 25,0,115,,1053,18,0,24 3 25,0,100,,1054,18,0,24 3 25,0,100,,1055,18,0,24 3 25,0,115,,1056,18,0,24 3 25,0,100,,1057,18,0,24 3 25,0,100,,1058,18,0,24 3 25,0
700,'100011',811,,2717,18,0,24 3 25,0,100,,2718,18,0,24 3 25,0,100,,2719,18,0,24 3 25,0,100,,2720,18,0,24 3 25,0,100,,2721,18,0,24 3 25,0,115,,2722,18,0,24 3 25,0,100,,2723,18,0,24 3 25,0,100,,2724,18,0,24 3 25,0,115,,2725,18,0,24 3 25,0,100,,2726,18,0,24 3 25,0,100,,2727,18,0,24 3 25,0,100,,2728,18,0,24 3 25,0
700,'100012',811,,2729,18,0,24 3 25,0,100,,2730,18,0,24 3 25,0,100,,2731,18,0,24 3 25,0,100,,2732,18,0,24 3 25,0,100,,2733,18,0,24 3 25,0,115,,2734,18,0,24 3 25,0,100,,2735,18,0,24 3 25,0,100,,2736,18,0,24 3 25,0,115,,2737,18,0,24 3 25,0,100,,2738,18,0,24 3 25,0,100,,2739,18,0,24 3 25,0
700,'100013',533,,2740,18,0,24 3 25,0,70,,2750,18,0,24 3 25,0,30,,2741,18,0,24 3 25,0,18,,2768,18,0,24 3 25,0,52,,2751,18,0,24 3 25,0,30,,2742,18,0,24 3 25,0,70,,2752,18,0,24 3 25,0,40,,2761,18,0,24 3 25,0,70,,2743,18,0,24 3 25,0,30,,2762,18,0,24 3 25,0,70,,2744,18,0,24 3 25,0,30,,2769,18,0,24 3 25,0,70,,2745,18,0,24 3 25,0,30,,2770,18,0,24 3 25,0,70,,2746,18,0,24 3 25,0,41,,2771,18,0,24 3 25,0,75,,2747,18,0,24 3 25,0,75,,2753,18,0,24 3 25,0,35,,2748,18,0,24 3 25,0,75,,2754,18,0,24 3 25,0,35,,2749,18,0,24 3 25,0,75,,2755,18,0,24 3 25,0,80,,2756,18,0,24 3 25,0,42,,2763,18,0,24 3 25,0,70,,2757,18,0,24 3 25,0,30,,2764,18,0,24 3 25,0,70,,2758,18,0,24 3 25,0,30,,2765,18,0,24 3 25,0,86,,2759,18,0,24 3 25,0,70,,2766,18,0,24 3 25,0,30,,2760,18,0,24 3 25,0,70,,2767,18,0,24 3 25,0,30,,2772,18,0,24 3 25,0,70,,2773,18,0,24 3 25,0
700,'100014',533,,2774,18,0,24 3 25,0,70,,2784,18,0,24 3 25,0,30,,2775,18,0,24 3 25,0,18,,2802,18,0,24 3 25,0,52,,2785,18,0,24 3 25,0,30,,2776,18,0,24 3 25,0,70,,2786,18,0,24 3 25,0,40,,2795,18,0,24 3 25,0,70,,2777,18,0,24 3 25,0,30,,2796,18,0,24 3 25,0,70,,2778,18,0,24 3 25,0,30,,2803,18,0,24 3 25,0,70,,2779,18,0,24 3 25,0,30,,2804,18,0,24 3 25,0,70,,2780,18,0,24 3 25,0,41,,2805,18,0,24 3 25,0,75,,2781,18,0,24 3 25,0,75,,2787,18,0,24 3 25,0,35,,2782,18,0,24 3 25,0,75,,2788,18,0,24 3 25,0,35,,2783,18,0,24 3 25,0,75,,2789,18,0,24 3 25,0,80,,2790,18,0,24 3 25,0,42,,2797,18,0,24 3 25,0,70,,2791,18,0,24 3 25,0,30,,2798,18,0,24 3 25,0,70,,2792,18,0,24 3 25,0,30,,2799,18,0,24 3 25,0,86,,2793,18,0,24 3 25,0,70,,2800,18,0,24 3 25,0,30,,2794,18,0,24 3 25,0,70,,2801,18,0,24 3 25,0,30,,2806,18,0,24 3 25,0,70,,2807,18,0,24 3 25,0
700,'100015',811,,2808,18,0,24 3 25,0,100,,2809,18,0,24 3 25,0,100,,2810,18,0,24 3 25,0,100,,2811,18,0,24 3 25,0,100,,2812,18,0,24 3 25,0,115,,2813,18,0,24 3 25,0,100,,2814,18,0,24 3 25,0,100,,2815,18,0,24 3 25,0,115,,2816,18,0,24 3 25,0,100,,2817,18,0,24 3 25,0,100,,2818,18,0,24 3 25,0
5100,'100009',735,,1361,2,0,7 8 9 10 11,0
5100,'100013',735,,3165,2,0,7 8 9 10 11,0
5101,'100009',1438,,1363,9,0,5 28,0,75,,1362,24,0,26 3 27,0
5101,'100013',1438,,3167,9,0,5 28,0,75,,3166,24,0,26 3 27,0
5300,'100009',801,,1367,18,,,0
5300,'100013',801,,3171,18,,,0
5301,'100009',1533,,1369,11,,,0
5301,'100013',1533,,3173,11,,,0
