500,'100012',821,,3916,41,,,0,100,,3917,41,,,0,100,,3918,41,,,0,100,,3919,41,,,0,100,,3920,41,,,0,115,,3921,41,,,0,100,,3922,41,,,0,100,,3923,41,,,0,115,,3924,41,,,0,100,,3925,41,,,0,100,,3926,41,,,0
500,'100013',821,,3927,41,,,0,100,,3928,41,,,0,100,,3929,41,,,0,100,,3930,41,,,0,100,,3931,41,,,0,115,,3932,41,,,0,100,,3933,41,,,0,100,,3934,41,,,0,115,,3935,41,,,0,100,,3936,41,,,0,100,,3937,41,,,0
500,'100014',613,,3938,41,,,0,30,,3954,41,,,0,70,,3939,41,,,0,30,,3955,41,,,0,70,,3940,41,,,0,40,,3941,41,,,0,70,,3963,41,,,0,30,,3942,41,,,0,70,,3966,41,,,0,30,,3943,41,,,0,70,,3965,41,,,0,30,,3944,41,,,0,70,,3967,41,,,0,82,,3945,41,,,0,35,,3964,41,,,0,75,,3946,41,,,0,35,,3956,41,,,0,75,,3947,41,,,0,75,,3957,41,,,0,35,,3948,41,,,0,80,,3949,41,,,0,41,,3958,41,,,0,70,,3950,41,,,0,30,,3959,41,,,0,70,,3951,41,,,0,30,,3960,41,,,0,85,,3952,41,,,0,70,,3961,41,,,0,30,,3953,41,,,0,70,,3962,41,,,0,30,,3968,41,,,0,70,,3969,41,,,0
700,'100012',823,,4029,38,,,0,100,,4030,38,,,0,100,,4031,38,,,0,100,,4032,38,,,0,100,,4033,38,,,0,115,,4034,38,,,0,100,,4035,38,,,0,100,,4036,38,,,0,115,,4037,38,,,0,100,,4038,38,,,0,100,,4039,38,,,0
700,'100013',823,,4040,38,,,0,100,,4041,38,,,0,100,,4042,38,,,0,100,,4043,38,,,0,100,,4044,38,,,0,115,,4045,38,,,0,100,,4046,38,,,0,100,,4047,38,,,0,115,,4048,38,,,0,100,,4049,38,,,0,100,,4050,38,,,0
700,'100014',546,,4051,38,,,0,70,,4061,38,,,0,30,,4052,38,,,0,58,,4079,38,,,0,12,,4062,38,,,0,30,,4053,38,,,0,70,,4063,38,,,0,40,,4072,38,,,0,70,,4054,38,,,0,30,,4073,38,,,0,70,,4055,38,,,0,30,,4080,38,,,0,70,,4056,38,,,0,30,,4081,38,,,0,70,,4057,38,,,0,83,,4082,38,,,0,35,,4058,38,,,0,75,,4064,38,,,0,35,,4059,38,,,0,75,,4065,38,,,0,75,,4060,38,,,0,35,,4066,38,,,0,80,,4067,38,,,0,40,,4074,38,,,0,70,,4068,38,,,0,30,,4075,38,,,0,70,,4069,38,,,0,30,,4076,38,,,0,86,,4070,38,,,0,70,,4077,38,,,0,30,,4071,38,,,0,70,,4078,38,,,0,30,,4083,38,,,0,70,,4084,38,,,0
1000900,'100012',759,,4281,31,,,0,80,,4282,31,,,0,80,,4283,31,,,0,40,,4284,31,,,0,80,,4285,31,,,0,80,,4286,31,,,0,40,,4287,31,,,0,85,,4288,31,,,0,80,,4289,31,,,0,81,,4290,31,,,0,40,,4291,31,,,0,80,,4292,31,,,0,80,,4293,31,,,0,40,,4294,31,,,0,85,,4295,31,,,0,80,,4296,31,,,0,40,,4297,31,,,0,80,,4298,31,,,0
1000900,'100013',759,,4299,31,,,0,80,,4300,31,,,0,80,,4301,31,,,0,40,,4302,31,,,0,80,,4303,31,,,0,80,,4304,31,,,0,40,,4305,31,,,0,85,,4306,31,,,0,80,,4307,31,,,0,81,,4308,31,,,0,40,,4309,31,,,0,80,,4310,31,,,0,80,,4311,31,,,0,40,,4312,31,,,0,85,,4313,31,,,0,80,,4314,31,,,0,40,,4315,31,,,0,80,,4316,31,,,0
1000900,'100014',546,,4327,31,,,0,70,,4328,31,,,0,30,,4329,31,,,0,70,,4330,31,,,0,30,,4331,31,,,0,70,,4332,31,,,0,22,,4333,31,,,0,68,,4334,31,,,0,35,,4335,31,,,0,60,,4336,31,,,0,30,,4337,31,,,0,70,,4338,31,,,0,30,,4339,31,,,0,70,,4340,31,,,0,30,,4341,31,,,0,70,,4342,31,,,0,30,,4343,31,,,0,70,,4344,31,,,0,33,,4345,31,,,0,70,,4346,31,,,0,34,,4347,31,,,0,64,,4348,31,,,0,32,,4349,31,,,0,70,,4350,31,,,0,18,,4351,31,,,0,85,,4320,31,,,0,30,,4321,31,,,0,70,,4324,31,,,0,30,,4317,31,,,0,67,,4319,31,,,0,44,,4325,31,,,0,85,,4323,31,,,0,75,,4322,31,,,0,35,,4326,31,,,0,75,,4318,31,,,0
2000900,'100012',821,,4352,29,,,0,80,,4353,29,,,0,40,,4354,29,,,0,80,,4355,29,,,0,80,,4356,29,,,0,40,,4357,29,,,0,79,,4358,29,,,0,80,,4359,29,,,0,45,,4360,29,,,0,80,,4361,29,,,0,81,,4362,29,,,0,40,,4363,29,,,0,85,,4364,29,,,0,80,,4365,29,,,0,40,,4366,29,,,0,80,,4367,29,,,0,80,,4368,29,,,0
2000900,'100013',821,,4369,29,,,0,80,,4370,29,,,0,40,,4371,29,,,0,80,,4372,29,,,0,80,,4373,29,,,0,40,,4374,29,,,0,79,,4375,29,,,0,80,,4376,29,,,0,45,,4377,29,,,0,80,,4378,29,,,0,81,,4379,29,,,0,40,,4380,29,,,0,85,,4381,29,,,0,80,,4382,29,,,0,40,,4383,29,,,0,80,,4384,29,,,0,80,,4385,29,,,0
2000900,'100014',611,,4386,29,,,0,20,,4387,29,,,0,70,,4388,29,,,0,30,,4389,29,,,0,70,,4390,29,,,0,20,,4391,29,,,0,80,,4392,29,,,0,22,,4417,29,,,0,28,,4393,29,,,0,70,,4394,29,,,0,20,,4395,29,,,0,70,,4396,29,,,0,30,,4397,29,,,0,70,,4398,29,,,0,30,,4399,29,,,0,70,,4400,29,,,0,30,,4401,29,,,0,70,,4402,29,,,0,32,,4403,29,,,0,71,,4404,29,,,0,30,,4405,29,,,0,74,,4406,29,,,0,24,,4407,29,,,0,72,,4408,29,,,0,38,,4409,29,,,0,70,,4410,29,,,0,30,,4411,29,,,0,70,,4412,29,,,0,30,,4413,29,,,0,65,,4414,29,,,0,32,,4415,29,,,0,74,,4416,29,,,0,85,,4418,29,,,0,35,,4419,29,,,0,76,,4420,29,,,0
