1000909,'1476779',537,,898,,,0
1000909,'1476780',607,,899,,,0
1000909,'1476781',637,,900,,,0
1000909,'1476782',707,,901,,,0
1000909,'1476783',737,,902,,,0
1000909,'1476784',807,,903,,,0
1000909,'1476785',829,,904,,,0
1000909,'1476786',857,,905,,,0
1000909,'1476787',932,,906,,,0
1000909,'1476788',952,,907,,,0
1000909,'1476789',1022,,908,,,0
1000909,'1476790',1052,,909,,,0
1000909,'1476791',1122,,910,,,0
1000909,'1476792',1152,,911,,,0
1000909,'1476793',1222,,912,,,0
1000909,'1476794',1252,,913,,,0
1000909,'1476795',1322,,914,,,0
1000909,'1476796',1352,,915,,,0
1000909,'1476797',1424,,916,,,0
1000909,'1476798',1454,,917,,,0
1000909,'1476799',1528,,918,,,0
1000909,'1476800',1552,,919,,,0
1000909,'1476801',1624,,920,,,0
1000909,'1476802',1654,,921,,,0
1000909,'1476803',1712,,922,,,0
1000909,'1476804',1757,,923,,,0
1000909,'1476805',1827,,924,,,0
1000909,'1476806',1857,,925,,,0
1000909,'1476807',1927,,926,,,0
1000909,'1476808',1955,,927,,,0
1000909,'1476809',2039,,928,,,0
1000909,'1476810',2124,,929,,,0
1000909,'1476811',2159,,930,,,0
1000909,'1476812',2309,,931,,,0
1000909,'1476813',2234,,932,,,0
1000909,'1476831',750,,933,,,0
1000909,'1476832',830,,934,,,0
1000909,'1476833',910,,935,,,0
1000909,'1476834',950,,936,,,0
1000909,'1476835',1030,,937,,,0
1000909,'1476836',1110,,938,,,0
1000909,'1476837',1150,,939,,,0
1000909,'1476838',1235,,940,,,0
1000909,'1476839',1315,,941,,,0
1000909,'1476840',1356,,942,,,0
1000909,'1476841',1436,,943,,,0
1000909,'1476842',1516,,944,,,0
1000909,'1476843',1556,,945,,,0
1000909,'1476844',1636,,946,,,0
1000909,'1476845',1721,,947,,,0
1000909,'1476846',1801,,948,,,0
1000909,'1476847',1841,,949,,,0
1000909,'1476848',1921,,950,,,0
1000909,'1477594',750,,951,,,0
1000909,'1477595',830,,952,,,0
1000909,'1477596',910,,953,,,0
1000909,'1477597',950,,954,,,0
1000909,'1477598',1030,,955,,,0
1000909,'1477599',1110,,956,,,0
1000909,'1477600',1150,,957,,,0
1000909,'1477601',1235,,958,,,0
1000909,'1477602',1315,,959,,,0
1000909,'1477603',1356,,960,,,0
1000909,'1477604',1436,,961,,,0
1000909,'1477605',1516,,962,,,0
1000909,'1477606',1556,,963,,,0
1000909,'1477607',1636,,964,,,0
1000909,'1477608',1721,,965,,,0
1000909,'1477609',1801,,966,,,0
1000909,'1477610',1841,,967,,,0
1000909,'1477611',1921,,968,,,0
1000909,'1478041',1927,,969,,,0
1000909,'1478042',2309,,970,,,0
1000909,'1478043',1955,,971,,,0
1000909,'1478044',1757,,972,,,0
1000909,'1478045',1827,,973,,,0
1000909,'1478046',2159,,974,,,0
1000909,'1478047',2124,,975,,,0
1000909,'1478048',1857,,976,,,0
1000909,'1478049',2039,,977,,,0
1000909,'1478050',2234,,978,,,0
1000909,'1478051',537,,979,,,0
1000909,'1478052',607,,980,,,0
1000909,'1478053',637,,981,,,0
1000909,'1478054',707,,982,,,0
1000909,'1478055',737,,983,,,0
1000909,'1478056',807,,984,,,0
1000909,'1478057',829,,985,,,0
1000909,'1478058',857,,986,,,0
1000909,'1478059',932,,987,,,0
1000909,'1478060',952,,988,,,0
1000909,'1478061',1022,,989,,,0
1000909,'1478062',1052,,990,,,0
1000909,'1478063',1122,,991,,,0
1000909,'1478064',1152,,992,,,0
1000909,'1478065',1222,,993,,,0
1000909,'1478066',1252,,994,,,0
1000909,'1478067',1322,,995,,,0
1000909,'1478068',1352,,996,,,0
1000909,'1478069',1424,,997,,,0
1000909,'1478070',1454,,998,,,0
1000909,'1478071',1528,,999,,,0
1000909,'1478072',1552,,1000,,,0
1000909,'1478073',1624,,1001,,,0
1000909,'1478074',1654,,1002,,,0
1000909,'1478075',1712,,1003,,,0
