300,'100009',548,,531,32,0,15 7 16 3 17,0,70,,532,32,0,15 7 16 3 17,0,15,,538,32,0,15 7 16 3 17,0,15,,533,32,0,15 7 16 3 17,0,70,,534,32,0,15 7 16 3 17,0,30,,535,32,0,15 7 16 3 17,0,70,,536,32,0,15 7 16 3 17,0,10,,539,32,0,15 7 16 3 17,0,20,,537,32,0,15 7 16 3 17,0,80,,540,32,0,15 7 16 3 17,0,30,,544,32,0,15 7 16 3 17,0,70,,541,32,0,15 7 16 3 17,0,30,,545,32,0,15 7 16 3 17,0,70,,542,32,0,15 7 16 3 17,0,30,,546,32,0,15 7 16 3 17,0,74,,543,32,0,15 7 16 3 17,0,70,,547,32,0,15 7 16 3 17,0,43,,548,32,0,15 7 16 3 17,0,75,,549,32,0,15 7 16 3 17,0,35,,550,32,0,15 7 16 3 17,0,1,,551,32,0,15 7 16 3 17,0,53,,552,32,0,15 7 16 3 17,0,21,,553,32,0,15 7 16 3 17,0,75,,554,32,0,15 7 16 3 17,0,5,,555,32,0,15 7 16 3 17,0,30,,556,32,0,15 7 16 3 17,0,75,,557,32,0,15 7 16 3 17,0,40,,558,32,0,15 7 16 3 17,0,76,,559,32,0,15 7 16 3 17,0,70,,560,32,0,15 7 16 3 17,0,30,,561,32,0,15 7 16 3 17,0,70,,562,32,0,15 7 16 3 17,0,30,,563,32,0,15 7 16 3 17,0,85,,564,32,0,15 7 16 3 17,0,30,,565,32,0,15 7 16 3 17,0,70,,566,32,0,15 7 16 3 17,0,30,,567,32,0,15 7 16 3 17,0
300,'100010',825,,568,32,0,15 7 16 3 17,0,100,,569,32,0,15 7 16 3 17,0,100,,570,32,0,15 7 16 3 17,0,100,,571,32,0,15 7 16 3 17,0,100,,572,32,0,15 7 16 3 17,0,115,,578,32,0,15 7 16 3 17,0,100,,573,32,0,15 7 16 3 17,0,100,,574,32,0,15 7 16 3 17,0,100,,575,32,0,15 7 16 3 17,0,115,,576,32,0,15 7 16 3 17,0,100,,577,32,0,15 7 16 3 17,0
300,'100011',825,,2156,32,0,15 7 16 3 17,0,100,,2157,32,0,15 7 16 3 17,0,100,,2158,32,0,15 7 16 3 17,0,100,,2159,32,0,15 7 16 3 17,0,100,,2160,32,0,15 7 16 3 17,0,115,,2166,32,0,15 7 16 3 17,0,100,,2161,32,0,15 7 16 3 17,0,100,,2162,32,0,15 7 16 3 17,0,100,,2163,32,0,15 7 16 3 17,0,115,,2164,32,0,15 7 16 3 17,0,100,,2165,32,0,15 7 16 3 17,0,100,,2167,32,0,15 7 16 3 17,0
300,'100012',825,,2168,32,0,15 7 16 3 17,0,100,,2169,32,0,15 7 16 3 17,0,100,,2170,32,0,15 7 16 3 17,0,100,,2171,32,0,15 7 16 3 17,0,100,,2172,32,0,15 7 16 3 17,0,115,,2178,32,0,15 7 16 3 17,0,100,,2173,32,0,15 7 16 3 17,0,100,,2174,32,0,15 7 16 3 17,0,100,,2175,32,0,15 7 16 3 17,0,115,,2176,32,0,15 7 16 3 17,0,100,,2177,32,0,15 7 16 3 17,0
300,'100013',548,,2179,32,0,15 7 16 3 17,0,70,,2180,32,0,15 7 16 3 17,0,15,,2186,32,0,15 7 16 3 17,0,15,,2181,32,0,15 7 16 3 17,0,70,,2182,32,0,15 7 16 3 17,0,30,,2183,32,0,15 7 16 3 17,0,70,,2184,32,0,15 7 16 3 17,0,10,,2187,32,0,15 7 16 3 17,0,20,,2185,32,0,15 7 16 3 17,0,80,,2188,32,0,15 7 16 3 17,0,30,,2192,32,0,15 7 16 3 17,0,70,,2189,32,0,15 7 16 3 17,0,30,,2193,32,0,15 7 16 3 17,0,70,,2190,32,0,15 7 16 3 17,0,30,,2194,32,0,15 7 16 3 17,0,74,,2191,32,0,15 7 16 3 17,0,70,,2195,32,0,15 7 16 3 17,0,43,,2196,32,0,15 7 16 3 17,0,75,,2197,32,0,15 7 16 3 17,0,35,,2198,32,0,15 7 16 3 17,0,1,,2199,32,0,15 7 16 3 17,0,53,,2200,32,0,15 7 16 3 17,0,21,,2201,32,0,15 7 16 3 17,0,75,,2202,32,0,15 7 16 3 17,0,5,,2203,32,0,15 7 16 3 17,0,30,,2204,32,0,15 7 16 3 17,0,75,,2205,32,0,15 7 16 3 17,0,40,,2206,32,0,15 7 16 3 17,0,76,,2207,32,0,15 7 16 3 17,0,70,,2208,32,0,15 7 16 3 17,0,30,,2209,32,0,15 7 16 3 17,0,70,,2210,32,0,15 7 16 3 17,0,30,,2211,32,0,15 7 16 3 17,0,85,,2212,32,0,15 7 16 3 17,0,30,,2213,32,0,15 7 16 3 17,0,70,,2214,32,0,15 7 16 3 17,0,30,,2215,32,0,15 7 16 3 17,0
300,'100014',548,,2216,32,0,15 7 16 3 17,0,70,,2217,32,0,15 7 16 3 17,0,15,,2223,32,0,15 7 16 3 17,0,15,,2218,32,0,15 7 16 3 17,0,70,,2219,32,0,15 7 16 3 17,0,30,,2220,32,0,15 7 16 3 17,0,70,,2221,32,0,15 7 16 3 17,0,10,,2224,32,0,15 7 16 3 17,0,20,,2222,32,0,15 7 16 3 17,0,80,,2225,32,0,15 7 16 3 17,0,30,,2229,32,0,15 7 16 3 17,0,70,,2226,32,0,15 7 16 3 17,0,30,,2230,32,0,15 7 16 3 17,0,70,,2227,32,0,15 7 16 3 17,0,30,,2231,32,0,15 7 16 3 17,0,74,,2228,32,0,15 7 16 3 17,0,70,,2232,32,0,15 7 16 3 17,0,43,,2233,32,0,15 7 16 3 17,0,75,,2234,32,0,15 7 16 3 17,0,35,,2235,32,0,15 7 16 3 17,0,1,,2236,32,0,15 7 16 3 17,0,53,,2237,32,0,15 7 16 3 17,0,21,,2238,32,0,15 7 16 3 17,0,75,,2239,32,0,15 7 16 3 17,0,5,,2240,32,0,15 7 16 3 17,0,30,,2241,32,0,15 7 16 3 17,0,75,,2242,32,0,15 7 16 3 17,0,40,,2243,32,0,15 7 16 3 17,0,76,,2244,32,0,15 7 16 3 17,0,70,,2245,32,0,15 7 16 3 17,0,30,,2246,32,0,15 7 16 3 17,0,70,,2247,32,0,15 7 16 3 17,0,30,,2248,32,0,15 7 16 3 17,0,85,,2249,32,0,15 7 16 3 17,0,30,,2250,32,0,15 7 16 3 17,0,70,,2251,32,0,15 7 16 3 17,0,30,,2252,32,0,15 7 16 3 17,0
300,'100015',825,,2253,32,0,15 7 16 3 17,0,100,,2254,32,0,15 7 16 3 17,0,100,,2255,32,0,15 7 16 3 17,0,100,,2256,32,0,15 7 16 3 17,0,100,,2257,32,0,15 7 16 3 17,0,115,,2258,32,0,15 7 16 3 17,0,100,,2259,32,0,15 7 16 3 17,0,100,,2260,32,0,15 7 16 3 17,0,100,,2261,32,0,15 7 16 3 17,0,115,,2262,32,0,15 7 16 3 17,0,100,,2263,32,0,15 7 16 3 17,0
400,'100009',548,,749,40,,,0,70,,728,40,,,0,30,,720,40,,,0,58,,747,40,,,0,12,,729,40,,,0,30,,721,40,,,0,70,,730,40,,,0,40,,722,40,,,0,70,,748,40,,,0,30,,723,40,,,0,70,,744,40,,,0,30,,724,40,,,0,70,,745,40,,,0,30,,725,40,,,0,70,,746,40,,,0,80,,726,40,,,0,35,,751,40,,,0,75,,727,40,,,0,35,,731,40,,,0,75,,750,40,,,0,75,,732,40,,,0,35,,733,40,,,0,80,,739,40,,,0,83,,734,40,,,0,30,,740,40,,,0,70,,735,40,,,0,30,,741,40,,,0,70,,736,40,,,0,45,,742,40,,,0,70,,737,40,,,0,30,,743,40,,,0,70,,738,40,,,0,30,,752,40,,,0,70,,753,40,,,0
400,'100010',756,,754,40,,,0,70,,767,40,,,0,30,,755,40,,,0,70,,768,40,,,0,30,,756,40,,,0,70,,769,40,,,0,30,,757,40,,,0,70,,770,40,,,0,30,,758,40,,,0,70,,771,40,,,0,85,,759,40,,,0,30,,772,40,,,0,70,,760,40,,,0,30,,773,40,,,0,70,,761,40,,,0,30,,774,40,,,0,70,,762,40,,,0,45,,775,40,,,0,70,,763,40,,,0,30,,776,40,,,0,70,,764,40,,,0,30,,766,40,,,0,70,,765,40,,,0
400,'100011',756,,2373,40,,,0,70,,2386,40,,,0,30,,2374,40,,,0,70,,2387,40,,,0,30,,2375,40,,,0,70,,2388,40,,,0,30,,2376,40,,,0,70,,2389,40,,,0,30,,2377,40,,,0,70,,2390,40,,,0,85,,2378,40,,,0,30,,2391,40,,,0,70,,2379,40,,,0,30,,2392,40,,,0,70,,2380,40,,,0,30,,2393,40,,,0,70,,2381,40,,,0,45,,2394,40,,,0,70,,2382,40,,,0,30,,2395,40,,,0,70,,2383,40,,,0,30,,2385,40,,,0,70,,2384,40,,,0,30,,2396,40,,,0,70,,2397,40,,,0
400,'100012',756,,2398,40,,,0,70,,2411,40,,,0,30,,2399,40,,,0,70,,2412,40,,,0,30,,2400,40,,,0,70,,2413,40,,,0,30,,2401,40,,,0,70,,2414,40,,,0,30,,2402,40,,,0,70,,2415,40,,,0,85,,2403,40,,,0,30,,2416,40,,,0,70,,2404,40,,,0,30,,2417,40,,,0,70,,2405,40,,,0,30,,2418,40,,,0,70,,2406,40,,,0,45,,2419,40,,,0,70,,2407,40,,,0,30,,2420,40,,,0,70,,2408,40,,,0,30,,2410,40,,,0,70,,2409,40,,,0
400,'100013',548,,2450,40,,,0,70,,2429,40,,,0,30,,2421,40,,,0,58,,2448,40,,,0,12,,2430,40,,,0,30,,2422,40,,,0,70,,2431,40,,,0,40,,2423,40,,,0,70,,2449,40,,,0,30,,2424,40,,,0,70,,2445,40,,,0,30,,2425,40,,,0,70,,2446,40,,,0,30,,2426,40,,,0,70,,2447,40,,,0,80,,2427,40,,,0,35,,2452,40,,,0,75,,2428,40,,,0,35,,2432,40,,,0,75,,2451,40,,,0,75,,2433,40,,,0,35,,2434,40,,,0,80,,2440,40,,,0,83,,2435,40,,,0,30,,2441,40,,,0,70,,2436,40,,,0,30,,2442,40,,,0,70,,2437,40,,,0,45,,2443,40,,,0,70,,2438,40,,,0,30,,2444,40,,,0,70,,2439,40,,,0,30,,2453,40,,,0,70,,2454,40,,,0
400,'100014',548,,2484,40,,,0,70,,2463,40,,,0,30,,2455,40,,,0,58,,2482,40,,,0,12,,2464,40,,,0,30,,2456,40,,,0,70,,2465,40,,,0,40,,2457,40,,,0,70,,2483,40,,,0,30,,2458,40,,,0,70,,2479,40,,,0,30,,2459,40,,,0,70,,2480,40,,,0,30,,2460,40,,,0,70,,2481,40,,,0,80,,2461,40,,,0,35,,2486,40,,,0,75,,2462,40,,,0,35,,2466,40,,,0,75,,2485,40,,,0,75,,2467,40,,,0,35,,2468,40,,,0,80,,2474,40,,,0,83,,2469,40,,,0,30,,2475,40,,,0,70,,2470,40,,,0,30,,2476,40,,,0,70,,2471,40,,,0,45,,2477,40,,,0,70,,2472,40,,,0,30,,2478,40,,,0,70,,2473,40,,,0,30,,2487,40,,,0,70,,2488,40,,,0
400,'100015',756,,2489,40,,,0,70,,2490,40,,,0,30,,2491,40,,,0,70,,2492,40,,,0,30,,2493,40,,,0,70,,2494,40,,,0,30,,2495,40,,,0,70,,2496,40,,,0,30,,2497,40,,,0,70,,2498,40,,,0,85,,2499,40,,,0,30,,2500,40,,,0,70,,2501,40,,,0,30,,2502,40,,,0,70,,2503,40,,,0,30,,2504,40,,,0,70,,2505,40,,,0,45,,2507,40,,,0,70,,2508,40,,,0,30,,2509,40,,,0,70,,2510,40,,,0,30,,2511,40,,,0,70,,2506,40,,,0
5201,'100009',1537,,1366,27,0,5 6,0
5201,'100013',1537,,3170,27,0,5 6,0
