2109,'1476941',826,,744,0,10 11,0
2109,'1476942',901,,745,0,10 11,0
2109,'1476943',936,,746,0,10 11,0
2109,'1476944',1011,,747,0,10 11,0
2109,'1476945',1046,,748,0,10 11,0
2109,'1476946',1121,,749,0,10 11,0
2109,'1476947',1156,,750,0,10 11,0
2109,'1476948',1231,,751,0,10 11,0
2109,'1476949',1306,,752,0,10 11,0
2109,'1476950',1341,,753,0,10 11,0
2109,'1476951',1416,,754,0,10 11,0
2109,'1476952',1451,,755,0,10 11,0
2109,'1476953',1526,,756,0,10 11,0
2109,'1476954',1601,,757,0,10 11,0
2109,'1476955',1636,,758,0,10 11,0
2109,'1476956',1711,,759,0,10 11,0
2109,'1476957',1746,,760,0,10 11,0
2109,'1476958',1826,,761,0,10 11,0
2109,'1476959',1901,,762,0,10 11,0
2109,'1476960',1936,,763,0,10 11,0
2109,'1477212',722,,791,0,10 11,0
2109,'1477213',832,,792,0,10 11,0
2109,'1477214',941,,793,0,10 11,0
2109,'1477215',1051,,794,0,10 11,0
2109,'1477216',1201,,795,0,10 11,0
2109,'1477217',1314,,796,0,10 11,0
2109,'1477218',1424,,797,0,10 11,0
2109,'1477225',1534,,804,0,10 11,0
2109,'1477226',1644,,805,0,10 11,0
2109,'1477227',1758,,806,0,10 11,0
2109,'1477228',1908,,807,0,10 11,0
2109,'1477229',2018,,808,0,10 11,0
2109,'1477230',2137,,809,0,10 11,0
2109,'1477245',2207,,824,0,10 11,0
2109,'1477246',647,,825,0,10 11,0
2109,'1477247',757,,826,0,10 11,0
2109,'1477248',907,,827,0,10 11,0
2109,'1477249',1016,,828,0,10 11,0
2109,'1477250',1126,,829,0,10 11,0
2109,'1477251',1239,,830,0,10 11,0
2109,'1477252',1349,,831,0,10 11,0
2109,'1477253',1459,,832,0,10 11,0
2109,'1477254',1610,,833,0,10 11,0
2109,'1477255',1719,,834,0,10 11,0
2109,'1477256',1835,,835,0,10 11,0
2109,'1477257',1947,,836,0,10 11,0
2109,'1477258',2057,,837,0,10 11,0
2109,'1477261',2237,,840,0,10 11,0
2109,'1477262',2307,,841,0,10 11,0
2109,'1477263',2337,,842,0,10 11,0
2109,'1478076',1936,,844,0,10 11,0
2109,'1478084',901,,852,0,10 11,0
2109,'1478085',1011,,853,0,10 11,0
2109,'1478086',1231,,854,0,10 11,0
2109,'1478087',1341,,855,0,10 11,0
2109,'1478088',1451,,856,0,10 11,0
2109,'1478089',1711,,857,0,10 11,0
2109,'1478090',1826,,858,0,10 11,0
2109,'1478099',826,,867,0,10 11,0
2109,'1478100',936,,868,0,10 11,0
2109,'1478101',1156,,869,0,10 11,0
2109,'1478102',1306,,870,0,10 11,0
2109,'1478103',1416,,871,0,10 11,0
2109,'1478104',1636,,872,0,10 11,0
2109,'1478105',1746,,873,0,10 11,0
2109,'1478106',1901,,874,0,10 11,0
2109,'1478109',1601,,877,0,10 11,0
2109,'1478110',1121,,878,0,10 11,0
2109,'1478112',1046,,880,0,10 11,0
2109,'1478115',1526,,883,0,10 11,0
