109,'1477027',832,,1,,,0
109,'1477028',932,,2,,,0
109,'1477029',1032,,3,,,0
109,'1477030',1132,,4,,,0
109,'1477031',1232,,5,,,0
109,'1477032',1332,,6,,,0
109,'1477033',1432,,7,,,0
109,'1477034',1532,,8,,,0
109,'1477035',1632,,9,,,0
109,'1477036',1732,,10,,,0
109,'1477037',1832,,11,,,0
109,'1477038',1932,,12,,,0
109,'1477056',554,,30,,,0
109,'1477057',654,,31,,,0
109,'1477058',754,,32,,,0
109,'1477059',854,,33,,,0
109,'1477060',952,,34,,,0
109,'1477069',634,,43,,,0
109,'1477070',834,,44,,,0
109,'1477071',1032,,45,,,0
109,'1477072',1233,,46,,,0
109,'1477080',1413,,54,,,0
109,'1477081',1713,,55,,,0
109,'1477082',1811,,56,,,0
109,'1477083',1911,,57,,,0
109,'1477084',2011,,58,,,0
109,'1477085',2119,,59,,,0
109,'1477086',1303,,60,,,0
109,'1477090',1102,,64,,,0
109,'1477091',1202,,65,,,0
109,'1477092',734,,66,,,0
109,'1477093',932,,67,,,0
109,'1477094',1132,,68,,,0
109,'1477095',1333,,69,,,0
109,'1477096',1613,,70,,,0
109,'1477097',1513,,71,,,0
109,'1477103',914,,77,,,0
109,'1477104',714,,78,,,0
109,'1477105',614,,79,,,0
109,'1477106',814,,80,,,0
109,'1477113',2049,,87,,,0
109,'1477114',1951,,88,,,0
109,'1477115',1851,,89,,,0
109,'1477116',1751,,90,,,0
109,'1477117',1653,,91,,,0
109,'1477118',1553,,92,,,0
109,'1477119',1533,,93,,,0
109,'1477120',1633,,94,,,0
109,'1477121',1731,,95,,,0
109,'1477122',1831,,96,,,0
109,'1477123',1931,,97,,,0
109,'1477129',1443,,103,,,0
109,'1477134',2219,,108,,,0
109,'1477135',2149,,109,,,0
109,'1477136',2248,,110,,,0
109,'1477613',832,,113,,,0
109,'1477615',932,,115,,,0
109,'1477616',1032,,116,,,0
109,'1477620',1232,,120,,,0
109,'1477621',1132,,121,,,0
109,'1477623',1332,,123,,,0
109,'1477624',1432,,124,,,0
109,'1477626',1532,,126,,,0
109,'1477627',1632,,127,,,0
109,'1477631',1732,,131,,,0
109,'1477633',1832,,133,,,0
109,'1477634',1932,,134,,,0
109,'1477647',1902,,147,,,0
109,'1477648',802,,148,,,0
109,'1477649',1002,,149,,,0
109,'1477650',1102,,150,,,0
109,'1477651',1202,,151,,,0
109,'1477652',1302,,152,,,0
109,'1477653',1402,,153,,,0
109,'1477654',1502,,154,,,0
109,'1477655',1602,,155,,,0
109,'1477656',1702,,156,,,0
109,'1477657',1802,,157,,,0
109,'1477659',902,,159,,,0
