200,'100011',715,,1902,5,,,0,30,,1901,5,,,0,70,,1880,5,,,0,30,,1879,5,,,0,70,,1881,5,,,0,30,,1882,5,,,0,70,,1883,5,,,0,30,,1884,5,,,0,70,,1885,5,,,0,30,,1886,5,,,0,85,,1887,5,,,0,70,,1888,5,,,0,30,,1889,5,,,0,70,,1890,5,,,0,30,,1891,5,,,0,70,,1892,5,,,0,30,,1893,5,,,0,85,,1894,5,,,0,30,,1895,5,,,0,70,,1896,5,,,0,30,,1897,5,,,0,70,,1898,5,,,0,30,,1899,5,,,0,70,,1900,5,,,0,30,,1903,5,,,0
200,'100012',715,,1927,5,,,0,30,,1926,5,,,0,70,,1905,5,,,0,30,,1904,5,,,0,70,,1906,5,,,0,30,,1907,5,,,0,70,,1908,5,,,0,30,,1909,5,,,0,70,,1910,5,,,0,30,,1911,5,,,0,85,,1912,5,,,0,70,,1913,5,,,0,30,,1914,5,,,0,70,,1915,5,,,0,30,,1916,5,,,0,70,,1917,5,,,0,30,,1918,5,,,0,85,,1919,5,,,0,30,,1920,5,,,0,70,,1921,5,,,0,30,,1922,5,,,0,70,,1923,5,,,0,30,,1924,5,,,0,70,,1925,5,,,0
200,'100013',537,,1928,5,,,0,70,,1937,5,,,0,30,,1929,5,,,0,70,,1938,5,,,0,30,,1930,5,,,0,70,,1939,5,,,0,40,,1931,5,,,0,70,,1940,5,,,0,30,,1932,5,,,0,70,,1941,5,,,0,30,,1933,5,,,0,70,,1942,5,,,0,30,,1934,5,,,0,70,,1943,5,,,0,42,,1935,5,,,0,75,,1944,5,,,0,75,,1936,5,,,0,35,,1945,5,,,0,75,,1953,5,,,0,35,,1946,5,,,0,75,,1954,5,,,0,80,,1947,5,,,0,41,,1948,5,,,0,70,,1955,5,,,0,30,,1949,5,,,0,70,,1956,5,,,0,30,,1950,5,,,0,85,,1957,5,,,0,70,,1951,5,,,0,30,,1958,5,,,0,70,,1952,5,,,0,30,,1959,5,,,0,70,,1960,5,,,0
200,'100014',537,,1961,5,,,0,70,,1970,5,,,0,30,,1962,5,,,0,70,,1971,5,,,0,30,,1963,5,,,0,70,,1972,5,,,0,40,,1964,5,,,0,70,,1973,5,,,0,30,,1965,5,,,0,70,,1974,5,,,0,30,,1966,5,,,0,70,,1975,5,,,0,30,,1967,5,,,0,70,,1976,5,,,0,42,,1968,5,,,0,75,,1977,5,,,0,75,,1969,5,,,0,35,,1978,5,,,0,75,,1986,5,,,0,35,,1979,5,,,0,75,,1987,5,,,0,80,,1980,5,,,0,41,,1981,5,,,0,70,,1988,5,,,0,30,,1982,5,,,0,70,,1989,5,,,0,30,,1983,5,,,0,85,,1990,5,,,0,70,,1984,5,,,0,30,,1991,5,,,0,70,,1985,5,,,0,30,,1992,5,,,0,70,,1993,5,,,0
200,'100015',715,,2017,5,,,0,30,,1994,5,,,0,70,,1995,5,,,0,30,,1996,5,,,0,70,,1997,5,,,0,30,,1998,5,,,0,70,,1999,5,,,0,30,,2000,5,,,0,70,,2001,5,,,0,30,,2002,5,,,0,85,,2003,5,,,0,70,,2004,5,,,0,30,,2005,5,,,0,70,,2006,5,,,0,30,,2007,5,,,0,70,,2008,5,,,0,30,,2009,5,,,0,85,,2010,5,,,0,30,,2012,5,,,0,70,,2013,5,,,0,30,,2014,5,,,0,70,,2015,5,,,0,30,,2016,5,,,0,70,,2011,5,,,0
201,'100009',537,,413,24,0,5 6,0,70,,422,24,0,5 6,0,30,,414,24,0,5 6,0,70,,423,24,0,5 6,0,30,,415,24,0,5 6,0,70,,424,24,0,5 6,0,40,,416,24,0,5 6,0,70,,425,24,0,5 6,0,30,,417,24,0,5 6,0,70,,426,24,0,5 6,0,30,,418,24,0,5 6,0,70,,427,24,0,5 6,0,30,,419,24,0,5 6,0,70,,428,24,0,5 6,0,42,,420,24,0,5 6,0,75,,429,24,0,5 6,0,75,,421,24,0,5 6,0,35,,430,24,0,5 6,0,75,,438,24,0,5 6,0,35,,431,24,0,5 6,0,75,,439,24,0,5 6,0,80,,432,24,0,5 6,0,41,,433,24,0,5 6,0,70,,440,24,0,5 6,0,30,,434,24,0,5 6,0,70,,441,24,0,5 6,0,30,,435,24,0,5 6,0,85,,442,24,0,5 6,0,70,,436,24,0,5 6,0,30,,443,24,0,5 6,0,70,,437,24,0,5 6,0,30,,444,24,0,5 6,0,70,,445,24,0,5 6,0,30,,446,24,0,5 6,0
201,'100010',715,,470,24,0,5 6,0,30,,469,24,0,5 6,0,70,,448,24,0,5 6,0,30,,447,24,0,5 6,0,70,,449,24,0,5 6,0,30,,450,24,0,5 6,0,70,,451,24,0,5 6,0,30,,452,24,0,5 6,0,70,,453,24,0,5 6,0,30,,454,24,0,5 6,0,70,,455,24,0,5 6,0,85,,456,24,0,5 6,0,30,,457,24,0,5 6,0,70,,458,24,0,5 6,0,30,,459,24,0,5 6,0,70,,460,24,0,5 6,0,30,,461,24,0,5 6,0,70,,462,24,0,5 6,0,45,,463,24,0,5 6,0,70,,464,24,0,5 6,0,30,,465,24,0,5 6,0,70,,466,24,0,5 6,0,30,,467,24,0,5 6,0,70,,468,24,0,5 6,0
5000,'100009',801,,1358,33,4,,0
5000,'100013',801,,3162,33,4,,0
5100,'100009',758,,1361,33,4,,0
5100,'100013',758,,3165,33,4,,0
5101,'100009',1453,,1363,25,4,,0,2,,1362,1,0,7 8 9 10 11,0
5101,'100013',1453,,3167,25,4,,0,2,,3166,1,0,7 8 9 10 11,0
1005300,'100009',800,,1513,16,,,0
1005300,'100013',800,,3301,16,,,0
1005300,'100014',800,,3302,16,,,0
