700,'100009',530,,1014,13,0,24 3 25,0,70,,1024,13,0,24 3 25,0,30,,1015,13,0,24 3 25,0,18,,1042,13,0,24 3 25,0,52,,1025,13,0,24 3 25,0,30,,1016,13,0,24 3 25,0,70,,1026,13,0,24 3 25,0,40,,1035,13,0,24 3 25,0,70,,1017,13,0,24 3 25,0,30,,1036,13,0,24 3 25,0,70,,1018,13,0,24 3 25,0,30,,1043,13,0,24 3 25,0,70,,1019,13,0,24 3 25,0,30,,1044,13,0,24 3 25,0,70,,1020,13,0,24 3 25,0,40,,1045,13,0,24 3 25,0,75,,1021,13,0,24 3 25,0,75,,1027,13,0,24 3 25,0,35,,1022,13,0,24 3 25,0,75,,1028,13,0,24 3 25,0,35,,1023,13,0,24 3 25,0,75,,1029,13,0,24 3 25,0,80,,1030,13,0,24 3 25,0,43,,1037,13,0,24 3 25,0,70,,1031,13,0,24 3 25,0,30,,1038,13,0,24 3 25,0,70,,1032,13,0,24 3 25,0,30,,1039,13,0,24 3 25,0,85,,1033,13,0,24 3 25,0,30,,1040,13,0,24 3 25,0,70,,1034,13,0,24 3 25,0,30,,1041,13,0,24 3 25,0,70,,1046,13,0,24 3 25,0,30,,1047,13,0,24 3 25,0
700,'100010',808,,1048,13,0,24 3 25,0,100,,1049,13,0,24 3 25,0,100,,1050,13,0,24 3 25,0,100,,1051,13,0,24 3 25,0,100,,1052,13,0,24 3 25,0,115,,1053,13,0,24 3 25,0,100,,1054,13,0,24 3 25,0,100,,1055,13,0,24 3 25,0,115,,1056,13,0,24 3 25,0,100,,1057,13,0,24 3 25,0,100,,1058,13,0,24 3 25,0
700,'100011',808,,2717,13,0,24 3 25,0,100,,2718,13,0,24 3 25,0,100,,2719,13,0,24 3 25,0,100,,2720,13,0,24 3 25,0,100,,2721,13,0,24 3 25,0,115,,2722,13,0,24 3 25,0,100,,2723,13,0,24 3 25,0,100,,2724,13,0,24 3 25,0,115,,2725,13,0,24 3 25,0,100,,2726,13,0,24 3 25,0,100,,2727,13,0,24 3 25,0,100,,2728,13,0,24 3 25,0
700,'100012',808,,2729,13,0,24 3 25,0,100,,2730,13,0,24 3 25,0,100,,2731,13,0,24 3 25,0,100,,2732,13,0,24 3 25,0,100,,2733,13,0,24 3 25,0,115,,2734,13,0,24 3 25,0,100,,2735,13,0,24 3 25,0,100,,2736,13,0,24 3 25,0,115,,2737,13,0,24 3 25,0,100,,2738,13,0,24 3 25,0,100,,2739,13,0,24 3 25,0
700,'100013',530,,2740,13,0,24 3 25,0,70,,2750,13,0,24 3 25,0,30,,2741,13,0,24 3 25,0,18,,2768,13,0,24 3 25,0,52,,2751,13,0,24 3 25,0,30,,2742,13,0,24 3 25,0,70,,2752,13,0,24 3 25,0,40,,2761,13,0,24 3 25,0,70,,2743,13,0,24 3 25,0,30,,2762,13,0,24 3 25,0,70,,2744,13,0,24 3 25,0,30,,2769,13,0,24 3 25,0,70,,2745,13,0,24 3 25,0,30,,2770,13,0,24 3 25,0,70,,2746,13,0,24 3 25,0,40,,2771,13,0,24 3 25,0,75,,2747,13,0,24 3 25,0,75,,2753,13,0,24 3 25,0,35,,2748,13,0,24 3 25,0,75,,2754,13,0,24 3 25,0,35,,2749,13,0,24 3 25,0,75,,2755,13,0,24 3 25,0,80,,2756,13,0,24 3 25,0,43,,2763,13,0,24 3 25,0,70,,2757,13,0,24 3 25,0,30,,2764,13,0,24 3 25,0,70,,2758,13,0,24 3 25,0,30,,2765,13,0,24 3 25,0,85,,2759,13,0,24 3 25,0,30,,2766,13,0,24 3 25,0,70,,2760,13,0,24 3 25,0,30,,2767,13,0,24 3 25,0,70,,2772,13,0,24 3 25,0,30,,2773,13,0,24 3 25,0
700,'100014',530,,2774,13,0,24 3 25,0,70,,2784,13,0,24 3 25,0,30,,2775,13,0,24 3 25,0,18,,2802,13,0,24 3 25,0,52,,2785,13,0,24 3 25,0,30,,2776,13,0,24 3 25,0,70,,2786,13,0,24 3 25,0,40,,2795,13,0,24 3 25,0,70,,2777,13,0,24 3 25,0,30,,2796,13,0,24 3 25,0,70,,2778,13,0,24 3 25,0,30,,2803,13,0,24 3 25,0,70,,2779,13,0,24 3 25,0,30,,2804,13,0,24 3 25,0,70,,2780,13,0,24 3 25,0,40,,2805,13,0,24 3 25,0,75,,2781,13,0,24 3 25,0,75,,2787,13,0,24 3 25,0,35,,2782,13,0,24 3 25,0,75,,2788,13,0,24 3 25,0,35,,2783,13,0,24 3 25,0,75,,2789,13,0,24 3 25,0,80,,2790,13,0,24 3 25,0,43,,2797,13,0,24 3 25,0,70,,2791,13,0,24 3 25,0,30,,2798,13,0,24 3 25,0,70,,2792,13,0,24 3 25,0,30,,2799,13,0,24 3 25,0,85,,2793,13,0,24 3 25,0,30,,2800,13,0,24 3 25,0,70,,2794,13,0,24 3 25,0,30,,2801,13,0,24 3 25,0,70,,2806,13,0,24 3 25,0,30,,2807,13,0,24 3 25,0
700,'100015',808,,2808,13,0,24 3 25,0,100,,2809,13,0,24 3 25,0,100,,2810,13,0,24 3 25,0,100,,2811,13,0,24 3 25,0,100,,2812,13,0,24 3 25,0,115,,2813,13,0,24 3 25,0,100,,2814,13,0,24 3 25,0,100,,2815,13,0,24 3 25,0,115,,2816,13,0,24 3 25,0,100,,2817,13,0,24 3 25,0,100,,2818,13,0,24 3 25,0
800,'100009',600,,1117,12,0,14 3 15 7 16,0,30,,1102,12,0,14 3 15 7 16,0,70,,1118,12,0,14 3 15 7 16,0,30,,1103,12,0,14 3 15 7 16,0,70,,1119,12,0,14 3 15 7 16,0,40,,1120,12,0,14 3 15 7 16,0,69,,1104,12,0,14 3 15 7 16,0,30,,1128,12,0,14 3 15 7 16,0,70,,1105,12,0,14 3 15 7 16,0,30,,1129,12,0,14 3 15 7 16,0,70,,1106,12,0,14 3 15 7 16,0,30,,1130,12,0,14 3 15 7 16,0,70,,1107,12,0,14 3 15 7 16,0,40,,1131,12,0,14 3 15 7 16,0,75,,1108,12,0,14 3 15 7 16,0,35,,1121,12,0,14 3 15 7 16,0,75,,1109,12,0,14 3 15 7 16,0,75,,1110,12,0,14 3 15 7 16,0,35,,1122,12,0,14 3 15 7 16,0,75,,1111,12,0,14 3 15 7 16,0,40,,1123,12,0,14 3 15 7 16,0,84,,1112,12,0,14 3 15 7 16,0,70,,1124,12,0,14 3 15 7 16,0,30,,1113,12,0,14 3 15 7 16,0,70,,1125,12,0,14 3 15 7 16,0,30,,1114,12,0,14 3 15 7 16,0,85,,1126,12,0,14 3 15 7 16,0,30,,1115,12,0,14 3 15 7 16,0,70,,1127,12,0,14 3 15 7 16,0,30,,1116,12,0,14 3 15 7 16,0,69,,1133,12,0,14 3 15 7 16,0,28,,1132,12,0,14 3 15 7 16,0
800,'100010',738,,1134,12,0,14 3 15 7 16,0,100,,1135,12,0,14 3 15 7 16,0,100,,1136,12,0,14 3 15 7 16,0,100,,1137,12,0,14 3 15 7 16,0,100,,1138,12,0,14 3 15 7 16,0,115,,1139,12,0,14 3 15 7 16,0,100,,1140,12,0,14 3 15 7 16,0,100,,1141,12,0,14 3 15 7 16,0,100,,1142,12,0,14 3 15 7 16,0,155,,1143,12,0,14 3 15 7 16,0,100,,1144,12,0,14 3 15 7 16,0,100,,1145,12,0,14 3 15 7 16,0
800,'100011',738,,2819,12,0,14 3 15 7 16,0,100,,2820,12,0,14 3 15 7 16,0,100,,2821,12,0,14 3 15 7 16,0,100,,2822,12,0,14 3 15 7 16,0,100,,2823,12,0,14 3 15 7 16,0,115,,2824,12,0,14 3 15 7 16,0,100,,2825,12,0,14 3 15 7 16,0,100,,2826,12,0,14 3 15 7 16,0,100,,2827,12,0,14 3 15 7 16,0,155,,2828,12,0,14 3 15 7 16,0,100,,2829,12,0,14 3 15 7 16,0,100,,2830,12,0,14 3 15 7 16,0,100,,2831,12,0,14 3 15 7 16,0
800,'100012',738,,2832,12,0,14 3 15 7 16,0,100,,2833,12,0,14 3 15 7 16,0,100,,2834,12,0,14 3 15 7 16,0,100,,2835,12,0,14 3 15 7 16,0,100,,2836,12,0,14 3 15 7 16,0,115,,2837,12,0,14 3 15 7 16,0,100,,2838,12,0,14 3 15 7 16,0,100,,2839,12,0,14 3 15 7 16,0,100,,2840,12,0,14 3 15 7 16,0,155,,2841,12,0,14 3 15 7 16,0,100,,2842,12,0,14 3 15 7 16,0,100,,2843,12,0,14 3 15 7 16,0
800,'100013',600,,2859,12,0,14 3 15 7 16,0,30,,2844,12,0,14 3 15 7 16,0,70,,2860,12,0,14 3 15 7 16,0,30,,2845,12,0,14 3 15 7 16,0,70,,2861,12,0,14 3 15 7 16,0,40,,2862,12,0,14 3 15 7 16,0,69,,2846,12,0,14 3 15 7 16,0,30,,2870,12,0,14 3 15 7 16,0,70,,2847,12,0,14 3 15 7 16,0,30,,2871,12,0,14 3 15 7 16,0,70,,2848,12,0,14 3 15 7 16,0,30,,2872,12,0,14 3 15 7 16,0,70,,2849,12,0,14 3 15 7 16,0,40,,2873,12,0,14 3 15 7 16,0,75,,2850,12,0,14 3 15 7 16,0,35,,2863,12,0,14 3 15 7 16,0,75,,2851,12,0,14 3 15 7 16,0,75,,2852,12,0,14 3 15 7 16,0,35,,2864,12,0,14 3 15 7 16,0,75,,2853,12,0,14 3 15 7 16,0,40,,2865,12,0,14 3 15 7 16,0,84,,2854,12,0,14 3 15 7 16,0,70,,2866,12,0,14 3 15 7 16,0,30,,2855,12,0,14 3 15 7 16,0,70,,2867,12,0,14 3 15 7 16,0,30,,2856,12,0,14 3 15 7 16,0,85,,2868,12,0,14 3 15 7 16,0,30,,2857,12,0,14 3 15 7 16,0,70,,2869,12,0,14 3 15 7 16,0,30,,2858,12,0,14 3 15 7 16,0,69,,2875,12,0,14 3 15 7 16,0,28,,2874,12,0,14 3 15 7 16,0
800,'100014',600,,2891,12,0,14 3 15 7 16,0,30,,2876,12,0,14 3 15 7 16,0,70,,2892,12,0,14 3 15 7 16,0,30,,2877,12,0,14 3 15 7 16,0,70,,2893,12,0,14 3 15 7 16,0,40,,2894,12,0,14 3 15 7 16,0,69,,2878,12,0,14 3 15 7 16,0,30,,2902,12,0,14 3 15 7 16,0,70,,2879,12,0,14 3 15 7 16,0,30,,2903,12,0,14 3 15 7 16,0,70,,2880,12,0,14 3 15 7 16,0,30,,2904,12,0,14 3 15 7 16,0,70,,2881,12,0,14 3 15 7 16,0,40,,2905,12,0,14 3 15 7 16,0,75,,2882,12,0,14 3 15 7 16,0,35,,2895,12,0,14 3 15 7 16,0,75,,2883,12,0,14 3 15 7 16,0,75,,2884,12,0,14 3 15 7 16,0,35,,2896,12,0,14 3 15 7 16,0,75,,2885,12,0,14 3 15 7 16,0,40,,2897,12,0,14 3 15 7 16,0,84,,2886,12,0,14 3 15 7 16,0,70,,2898,12,0,14 3 15 7 16,0,30,,2887,12,0,14 3 15 7 16,0,70,,2899,12,0,14 3 15 7 16,0,30,,2888,12,0,14 3 15 7 16,0,85,,2900,12,0,14 3 15 7 16,0,30,,2889,12,0,14 3 15 7 16,0,70,,2901,12,0,14 3 15 7 16,0,30,,2890,12,0,14 3 15 7 16,0,69,,2907,12,0,14 3 15 7 16,0,28,,2906,12,0,14 3 15 7 16,0
800,'100015',738,,2908,12,0,14 3 15 7 16,0,100,,2909,12,0,14 3 15 7 16,0,100,,2910,12,0,14 3 15 7 16,0,100,,2911,12,0,14 3 15 7 16,0,100,,2912,12,0,14 3 15 7 16,0,115,,2913,12,0,14 3 15 7 16,0,100,,2914,12,0,14 3 15 7 16,0,100,,2915,12,0,14 3 15 7 16,0,100,,2916,12,0,14 3 15 7 16,0,155,,2917,12,0,14 3 15 7 16,0,100,,2918,12,0,14 3 15 7 16,0,100,,2919,12,0,14 3 15 7 16,0
5300,'100009',822,,1367,44,,,0
5300,'100013',822,,3171,44,,,0
5301,'100009',1554,,1369,37,,,0
5301,'100013',1554,,3173,37,,,0
1005301,'100009',1458,,1514,2,,,0
1005301,'100013',1458,,3303,2,,,0
1005301,'100014',1458,,3304,2,,,0
