800,'100009',602,,1117,15,0,14 3 15 7 16,0,30,,1102,15,0,14 3 15 7 16,0,70,,1118,15,0,14 3 15 7 16,0,30,,1103,15,0,14 3 15 7 16,0,70,,1119,15,0,14 3 15 7 16,0,40,,1120,15,0,14 3 15 7 16,0,69,,1104,15,0,14 3 15 7 16,0,30,,1128,15,0,14 3 15 7 16,0,70,,1105,15,0,14 3 15 7 16,0,30,,1129,15,0,14 3 15 7 16,0,70,,1106,15,0,14 3 15 7 16,0,30,,1130,15,0,14 3 15 7 16,0,70,,1107,15,0,14 3 15 7 16,0,40,,1131,15,0,14 3 15 7 16,0,75,,1108,15,0,14 3 15 7 16,0,75,,1121,15,0,14 3 15 7 16,0,35,,1109,15,0,14 3 15 7 16,0,75,,1110,15,0,14 3 15 7 16,0,35,,1122,15,0,14 3 15 7 16,0,75,,1111,15,0,14 3 15 7 16,0,80,,1123,15,0,14 3 15 7 16,0,44,,1112,15,0,14 3 15 7 16,0,70,,1124,15,0,14 3 15 7 16,0,30,,1113,15,0,14 3 15 7 16,0,70,,1125,15,0,14 3 15 7 16,0,30,,1114,15,0,14 3 15 7 16,0,85,,1126,15,0,14 3 15 7 16,0,70,,1115,15,0,14 3 15 7 16,0,30,,1127,15,0,14 3 15 7 16,0,70,,1116,15,0,14 3 15 7 16,0,28,,1133,15,0,14 3 15 7 16,0,28,,1132,15,0,14 3 15 7 16,0
800,'100010',739,,1134,15,0,14 3 15 7 16,0,100,,1135,15,0,14 3 15 7 16,0,100,,1136,15,0,14 3 15 7 16,0,100,,1137,15,0,14 3 15 7 16,0,100,,1138,15,0,14 3 15 7 16,0,115,,1139,15,0,14 3 15 7 16,0,100,,1140,15,0,14 3 15 7 16,0,100,,1141,15,0,14 3 15 7 16,0,100,,1142,15,0,14 3 15 7 16,0,155,,1143,15,0,14 3 15 7 16,0,100,,1144,15,0,14 3 15 7 16,0,100,,1145,15,0,14 3 15 7 16,0
800,'100011',739,,2819,15,0,14 3 15 7 16,0,100,,2820,15,0,14 3 15 7 16,0,100,,2821,15,0,14 3 15 7 16,0,100,,2822,15,0,14 3 15 7 16,0,100,,2823,15,0,14 3 15 7 16,0,115,,2824,15,0,14 3 15 7 16,0,100,,2825,15,0,14 3 15 7 16,0,100,,2826,15,0,14 3 15 7 16,0,100,,2827,15,0,14 3 15 7 16,0,155,,2828,15,0,14 3 15 7 16,0,100,,2829,15,0,14 3 15 7 16,0,100,,2830,15,0,14 3 15 7 16,0,100,,2831,15,0,14 3 15 7 16,0
800,'100012',739,,2832,15,0,14 3 15 7 16,0,100,,2833,15,0,14 3 15 7 16,0,100,,2834,15,0,14 3 15 7 16,0,100,,2835,15,0,14 3 15 7 16,0,100,,2836,15,0,14 3 15 7 16,0,115,,2837,15,0,14 3 15 7 16,0,100,,2838,15,0,14 3 15 7 16,0,100,,2839,15,0,14 3 15 7 16,0,100,,2840,15,0,14 3 15 7 16,0,155,,2841,15,0,14 3 15 7 16,0,100,,2842,15,0,14 3 15 7 16,0,100,,2843,15,0,14 3 15 7 16,0
800,'100013',602,,2859,15,0,14 3 15 7 16,0,30,,2844,15,0,14 3 15 7 16,0,70,,2860,15,0,14 3 15 7 16,0,30,,2845,15,0,14 3 15 7 16,0,70,,2861,15,0,14 3 15 7 16,0,40,,2862,15,0,14 3 15 7 16,0,69,,2846,15,0,14 3 15 7 16,0,30,,2870,15,0,14 3 15 7 16,0,70,,2847,15,0,14 3 15 7 16,0,30,,2871,15,0,14 3 15 7 16,0,70,,2848,15,0,14 3 15 7 16,0,30,,2872,15,0,14 3 15 7 16,0,70,,2849,15,0,14 3 15 7 16,0,40,,2873,15,0,14 3 15 7 16,0,75,,2850,15,0,14 3 15 7 16,0,75,,2863,15,0,14 3 15 7 16,0,35,,2851,15,0,14 3 15 7 16,0,75,,2852,15,0,14 3 15 7 16,0,35,,2864,15,0,14 3 15 7 16,0,75,,2853,15,0,14 3 15 7 16,0,80,,2865,15,0,14 3 15 7 16,0,44,,2854,15,0,14 3 15 7 16,0,70,,2866,15,0,14 3 15 7 16,0,30,,2855,15,0,14 3 15 7 16,0,70,,2867,15,0,14 3 15 7 16,0,30,,2856,15,0,14 3 15 7 16,0,85,,2868,15,0,14 3 15 7 16,0,70,,2857,15,0,14 3 15 7 16,0,30,,2869,15,0,14 3 15 7 16,0,70,,2858,15,0,14 3 15 7 16,0,28,,2875,15,0,14 3 15 7 16,0,28,,2874,15,0,14 3 15 7 16,0
800,'100014',602,,2891,15,0,14 3 15 7 16,0,30,,2876,15,0,14 3 15 7 16,0,70,,2892,15,0,14 3 15 7 16,0,30,,2877,15,0,14 3 15 7 16,0,70,,2893,15,0,14 3 15 7 16,0,40,,2894,15,0,14 3 15 7 16,0,69,,2878,15,0,14 3 15 7 16,0,30,,2902,15,0,14 3 15 7 16,0,70,,2879,15,0,14 3 15 7 16,0,30,,2903,15,0,14 3 15 7 16,0,70,,2880,15,0,14 3 15 7 16,0,30,,2904,15,0,14 3 15 7 16,0,70,,2881,15,0,14 3 15 7 16,0,40,,2905,15,0,14 3 15 7 16,0,75,,2882,15,0,14 3 15 7 16,0,75,,2895,15,0,14 3 15 7 16,0,35,,2883,15,0,14 3 15 7 16,0,75,,2884,15,0,14 3 15 7 16,0,35,,2896,15,0,14 3 15 7 16,0,75,,2885,15,0,14 3 15 7 16,0,80,,2897,15,0,14 3 15 7 16,0,44,,2886,15,0,14 3 15 7 16,0,70,,2898,15,0,14 3 15 7 16,0,30,,2887,15,0,14 3 15 7 16,0,70,,2899,15,0,14 3 15 7 16,0,30,,2888,15,0,14 3 15 7 16,0,85,,2900,15,0,14 3 15 7 16,0,70,,2889,15,0,14 3 15 7 16,0,30,,2901,15,0,14 3 15 7 16,0,70,,2890,15,0,14 3 15 7 16,0,28,,2907,15,0,14 3 15 7 16,0,28,,2906,15,0,14 3 15 7 16,0
800,'100015',739,,2908,15,0,14 3 15 7 16,0,100,,2909,15,0,14 3 15 7 16,0,100,,2910,15,0,14 3 15 7 16,0,100,,2911,15,0,14 3 15 7 16,0,100,,2912,15,0,14 3 15 7 16,0,115,,2913,15,0,14 3 15 7 16,0,100,,2914,15,0,14 3 15 7 16,0,100,,2915,15,0,14 3 15 7 16,0,100,,2916,15,0,14 3 15 7 16,0,155,,2917,15,0,14 3 15 7 16,0,100,,2918,15,0,14 3 15 7 16,0,100,,2919,15,0,14 3 15 7 16,0
5000,'100009',748,,1358,13,0,7 8 9 10 11,0
5000,'100013',748,,3162,13,0,7 8 9 10 11,0
5100,'100009',747,,1361,14,0,7 8 9 10 11,0
5100,'100013',747,,3165,14,0,7 8 9 10 11,0
5101,'100009',1502,,1362,10,0,7 8 9 10 11,0
5101,'100013',1502,,3166,10,0,7 8 9 10 11,0
5300,'100009',825,,1367,47,,,0
5300,'100013',825,,3171,47,,,0
1005301,'100009',1500,,1514,5,,,0
1005301,'100013',1500,,3303,5,,,0
1005301,'100014',1500,,3304,5,,,0
