301,'100009',539,,590,27,0,15 7 16 3 17,0,70,,591,27,0,15 7 16 3 17,0,30,,592,27,0,15 7 16 3 17,0,70,,593,27,0,15 7 16 3 17,0,30,,594,27,0,15 7 16 3 17,0,10,,595,27,0,15 7 16 3 17,0,60,,600,27,0,15 7 16 3 17,0,40,,596,27,0,15 7 16 3 17,0,70,,601,27,0,15 7 16 3 17,0,30,,597,27,0,15 7 16 3 17,0,70,,602,27,0,15 7 16 3 17,0,30,,598,27,0,15 7 16 3 17,0,70,,603,27,0,15 7 16 3 17,0,30,,599,27,0,15 7 16 3 17,0,70,,604,27,0,15 7 16 3 17,0,40,,605,27,0,15 7 16 3 17,0,75,,606,27,0,15 7 16 3 17,0,75,,607,27,0,15 7 16 3 17,0,14,,608,27,0,15 7 16 3 17,0,21,,609,27,0,15 7 16 3 17,0,75,,610,27,0,15 7 16 3 17,0,5,,625,27,0,15 7 16 3 17,0,30,,611,27,0,15 7 16 3 17,0,75,,612,27,0,15 7 16 3 17,0,80,,613,27,0,15 7 16 3 17,0,43,,614,27,0,15 7 16 3 17,0,70,,615,27,0,15 7 16 3 17,0,30,,616,27,0,15 7 16 3 17,0,70,,617,27,0,15 7 16 3 17,0,30,,618,27,0,15 7 16 3 17,0,85,,619,27,0,15 7 16 3 17,0,70,,620,27,0,15 7 16 3 17,0,30,,621,27,0,15 7 16 3 17,0,70,,622,27,0,15 7 16 3 17,0,30,,623,27,0,15 7 16 3 17,0,70,,624,27,0,15 7 16 3 17,0
301,'100010',539,,626,27,0,15 7 16 3 17,0,70,,627,27,0,15 7 16 3 17,0,30,,628,27,0,15 7 16 3 17,0,70,,629,27,0,15 7 16 3 17,0,30,,630,27,0,15 7 16 3 17,0,10,,631,27,0,15 7 16 3 17,0,60,,636,27,0,15 7 16 3 17,0,40,,632,27,0,15 7 16 3 17,0,70,,637,27,0,15 7 16 3 17,0,30,,633,27,0,15 7 16 3 17,0,70,,638,27,0,15 7 16 3 17,0,30,,634,27,0,15 7 16 3 17,0,70,,639,27,0,15 7 16 3 17,0,30,,635,27,0,15 7 16 3 17,0,70,,640,27,0,15 7 16 3 17,0,40,,641,27,0,15 7 16 3 17,0,75,,642,27,0,15 7 16 3 17,0,75,,643,27,0,15 7 16 3 17,0,14,,644,27,0,15 7 16 3 17,0,21,,645,27,0,15 7 16 3 17,0,75,,646,27,0,15 7 16 3 17,0,5,,661,27,0,15 7 16 3 17,0,30,,647,27,0,15 7 16 3 17,0,75,,648,27,0,15 7 16 3 17,0,80,,649,27,0,15 7 16 3 17,0,43,,650,27,0,15 7 16 3 17,0,70,,651,27,0,15 7 16 3 17,0,30,,652,27,0,15 7 16 3 17,0,70,,653,27,0,15 7 16 3 17,0,30,,654,27,0,15 7 16 3 17,0,85,,655,27,0,15 7 16 3 17,0,70,,656,27,0,15 7 16 3 17,0,30,,657,27,0,15 7 16 3 17,0,70,,658,27,0,15 7 16 3 17,0,30,,659,27,0,15 7 16 3 17,0,70,,660,27,0,15 7 16 3 17,0
301,'100011',744,,665,27,0,15 7 16 3 17,0,100,,666,27,0,15 7 16 3 17,0,100,,667,27,0,15 7 16 3 17,0,101,,668,27,0,15 7 16 3 17,0,100,,669,27,0,15 7 16 3 17,0,155,,670,27,0,15 7 16 3 17,0,100,,671,27,0,15 7 16 3 17,0,100,,672,27,0,15 7 16 3 17,0,100,,673,27,0,15 7 16 3 17,0,115,,664,27,0,15 7 16 3 17,0,100,,662,27,0,15 7 16 3 17,0,100,,663,27,0,15 7 16 3 17,0
301,'100012',744,,677,27,0,15 7 16 3 17,0,100,,678,27,0,15 7 16 3 17,0,100,,679,27,0,15 7 16 3 17,0,101,,680,27,0,15 7 16 3 17,0,100,,681,27,0,15 7 16 3 17,0,155,,682,27,0,15 7 16 3 17,0,100,,683,27,0,15 7 16 3 17,0,100,,684,27,0,15 7 16 3 17,0,100,,685,27,0,15 7 16 3 17,0,115,,674,27,0,15 7 16 3 17,0,100,,675,27,0,15 7 16 3 17,0,100,,676,27,0,15 7 16 3 17,0
400,'100009',540,,715,27,,,0,70,,694,27,,,0,30,,686,27,,,0,17,,713,27,,,0,53,,695,27,,,0,30,,687,27,,,0,70,,696,27,,,0,40,,688,27,,,0,69,,714,27,,,0,31,,689,27,,,0,70,,710,27,,,0,30,,690,27,,,0,70,,711,27,,,0,30,,691,27,,,0,70,,712,27,,,0,38,,692,27,,,0,75,,717,27,,,0,75,,693,27,,,0,35,,697,27,,,0,75,,716,27,,,0,35,,698,27,,,0,75,,699,27,,,0,80,,705,27,,,0,44,,700,27,,,0,70,,706,27,,,0,30,,701,27,,,0,70,,707,27,,,0,30,,702,27,,,0,85,,708,27,,,0,70,,703,27,,,0,30,,709,27,,,0,70,,704,27,,,0,30,,718,27,,,0,70,,719,27,,,0
400,'100010',540,,749,27,,,0,70,,728,27,,,0,30,,720,27,,,0,17,,747,27,,,0,53,,729,27,,,0,30,,721,27,,,0,70,,730,27,,,0,40,,722,27,,,0,69,,748,27,,,0,31,,723,27,,,0,70,,744,27,,,0,30,,724,27,,,0,70,,745,27,,,0,30,,725,27,,,0,70,,746,27,,,0,38,,726,27,,,0,75,,751,27,,,0,75,,727,27,,,0,35,,731,27,,,0,75,,750,27,,,0,35,,732,27,,,0,75,,733,27,,,0,80,,739,27,,,0,44,,734,27,,,0,70,,740,27,,,0,30,,735,27,,,0,70,,741,27,,,0,30,,736,27,,,0,85,,742,27,,,0,70,,737,27,,,0,30,,743,27,,,0,70,,738,27,,,0,30,,752,27,,,0,70,,753,27,,,0
400,'100011',747,,754,27,,,0,70,,767,27,,,0,30,,755,27,,,0,70,,768,27,,,0,30,,756,27,,,0,70,,769,27,,,0,30,,757,27,,,0,70,,770,27,,,0,30,,758,27,,,0,70,,771,27,,,0,85,,759,27,,,0,30,,772,27,,,0,70,,760,27,,,0,30,,773,27,,,0,70,,761,27,,,0,30,,774,27,,,0,70,,762,27,,,0,45,,775,27,,,0,70,,763,27,,,0,30,,776,27,,,0,70,,764,27,,,0,30,,766,27,,,0,70,,765,27,,,0
400,'100012',747,,777,27,,,0,70,,778,27,,,0,30,,779,27,,,0,70,,780,27,,,0,30,,781,27,,,0,70,,782,27,,,0,30,,783,27,,,0,70,,784,27,,,0,30,,785,27,,,0,70,,786,27,,,0,85,,787,27,,,0,30,,788,27,,,0,70,,789,27,,,0,30,,790,27,,,0,70,,791,27,,,0,30,,792,27,,,0,70,,793,27,,,0,45,,795,27,,,0,70,,796,27,,,0,30,,797,27,,,0,70,,798,27,,,0,30,,799,27,,,0,70,,794,27,,,0
5201,'100010',751,,1365,45,0,7 8 9,0
5400,'100010',748,,1370,45,0,7 18,0
