309,'1476918',817,,320,,,0
309,'1476919',917,,321,,,0
309,'1476920',1017,,322,,,0
309,'1476921',1116,,323,,,0
309,'1476922',1216,,324,,,0
309,'1476923',1331,,325,,,0
309,'1476924',1431,,326,,,0
309,'1476925',1531,,327,,,0
309,'1476926',1631,,328,,,0
309,'1476927',1746,,329,,,0
309,'1476928',1846,,330,,,0
309,'1477301',541,,379,,,0
309,'1477302',611,,380,,,0
309,'1477303',641,,381,,,0
309,'1477304',711,,382,,,0
309,'1477305',741,,383,,,0
309,'1477306',811,,384,,,0
309,'1477307',841,,385,,,0
309,'1477308',626,,386,,,0
309,'1477309',821,,387,,,0
309,'1477310',921,,388,,,0
309,'1477311',1021,,389,,,0
309,'1477312',1121,,390,,,0
309,'1477313',1223,,391,,,0
309,'1477314',951,,392,,,0
309,'1477315',1051,,393,,,0
309,'1477316',1151,,394,,,0
309,'1477317',1253,,395,,,0
309,'1477318',1336,,396,,,0
309,'1477319',1411,,397,,,0
309,'1477320',1446,,398,,,0
309,'1477321',1447,,399,,,0
309,'1477322',1500,,400,,,0
309,'1477323',1521,,401,,,0
309,'1477324',1556,,402,,,0
309,'1477325',1601,,403,,,0
309,'1477326',1631,,404,,,0
309,'1477327',1706,,405,,,0
309,'1477328',1746,,406,,,0
309,'1477329',1824,,407,,,0
309,'1477330',1854,,408,,,0
309,'1477331',1924,,409,,,0
309,'1477332',1954,,410,,,0
309,'1477333',2024,,411,,,0
309,'1477334',2109,,412,,,0
309,'1477335',2139,,413,,,0
309,'1477336',2209,,414,,,0
309,'1477337',2239,,415,,,0
309,'1477554',817,,416,,,0
309,'1477555',917,,417,,,0
309,'1477556',1017,,418,,,0
309,'1477557',1116,,419,,,0
309,'1477558',1216,,420,,,0
309,'1477559',1431,,421,,,0
309,'1477560',1531,,422,,,0
309,'1477561',1631,,423,,,0
309,'1477562',1746,,424,,,0
309,'1477563',1846,,425,,,0
309,'1477564',1331,,426,,,0
