509,'1476884',818,,519,,,0
509,'1476885',918,,520,,,0
509,'1476886',1018,,521,,,0
509,'1476887',1118,,522,,,0
509,'1476888',1218,,523,,,0
509,'1476889',1333,,524,,,0
509,'1476890',1433,,525,,,0
509,'1476891',1533,,526,,,0
509,'1476892',1648,,527,,,0
509,'1476893',1748,,528,,,0
509,'1476894',1848,,529,,,0
509,'1477372',610,,530,,,0
509,'1477373',710,,531,,,0
509,'1477374',810,,532,,,0
509,'1477375',850,,533,,,0
509,'1477376',950,,534,,,0
509,'1477377',1050,,535,,,0
509,'1477378',1150,,536,,,0
509,'1477379',1302,,537,,,0
509,'1477380',1412,,538,,,0
509,'1477381',1522,,539,,,0
509,'1477382',1632,,540,,,0
509,'1477383',1712,,541,,,0
509,'1477384',1823,,542,,,0
509,'1477385',1923,,543,,,0
509,'1477386',2038,,544,,,0
509,'1477387',2138,,545,,,0
509,'1477388',640,,546,,,0
509,'1477389',740,,547,,,0
509,'1477390',1447,,548,,,0
509,'1477391',1557,,549,,,0
509,'1477392',1753,,550,,,0
509,'1477393',1853,,551,,,0
509,'1477394',1953,,552,,,0
509,'1477395',2108,,553,,,0
509,'1477396',2208,,554,,,0
509,'1477397',920,,555,,,0
509,'1477398',1337,,556,,,0
509,'1477399',1120,,557,,,0
509,'1477400',1020,,558,,,0
509,'1477401',1220,,559,,,0
509,'1477402',2238,,560,,,0
509,'1477403',2308,,561,,,0
509,'1477735',818,,562,,,0
509,'1477736',918,,563,,,0
509,'1477737',1018,,564,,,0
509,'1477738',1118,,565,,,0
509,'1477739',1218,,566,,,0
509,'1477740',1333,,567,,,0
509,'1477741',1433,,568,,,0
509,'1477742',1533,,569,,,0
509,'1477743',1648,,570,,,0
509,'1477744',1748,,571,,,0
509,'1477745',1848,,572,,,0
