2109,'1476941',827,,744,0,10 11,0
2109,'1476942',902,,745,0,10 11,0
2109,'1476943',937,,746,0,10 11,0
2109,'1476944',1012,,747,0,10 11,0
2109,'1476945',1047,,748,0,10 11,0
2109,'1476946',1122,,749,0,10 11,0
2109,'1476947',1157,,750,0,10 11,0
2109,'1476948',1232,,751,0,10 11,0
2109,'1476949',1307,,752,0,10 11,0
2109,'1476950',1342,,753,0,10 11,0
2109,'1476951',1417,,754,0,10 11,0
2109,'1476952',1452,,755,0,10 11,0
2109,'1476953',1527,,756,0,10 11,0
2109,'1476954',1602,,757,0,10 11,0
2109,'1476955',1637,,758,0,10 11,0
2109,'1476956',1712,,759,0,10 11,0
2109,'1476957',1747,,760,0,10 11,0
2109,'1476958',1827,,761,0,10 11,0
2109,'1476959',1902,,762,0,10 11,0
2109,'1476960',1937,,763,0,10 11,0
2109,'1477212',723,,791,0,10 11,0
2109,'1477213',833,,792,0,10 11,0
2109,'1477214',942,,793,0,10 11,0
2109,'1477215',1052,,794,0,10 11,0
2109,'1477216',1202,,795,0,10 11,0
2109,'1477217',1315,,796,0,10 11,0
2109,'1477218',1425,,797,0,10 11,0
2109,'1477225',1535,,804,0,10 11,0
2109,'1477226',1645,,805,0,10 11,0
2109,'1477227',1759,,806,0,10 11,0
2109,'1477228',1909,,807,0,10 11,0
2109,'1477229',2019,,808,0,10 11,0
2109,'1477230',2138,,809,0,10 11,0
2109,'1477245',2208,,824,0,10 11,0
2109,'1477246',648,,825,0,10 11,0
2109,'1477247',758,,826,0,10 11,0
2109,'1477248',908,,827,0,10 11,0
2109,'1477249',1017,,828,0,10 11,0
2109,'1477250',1127,,829,0,10 11,0
2109,'1477251',1240,,830,0,10 11,0
2109,'1477252',1350,,831,0,10 11,0
2109,'1477253',1500,,832,0,10 11,0
2109,'1477254',1611,,833,0,10 11,0
2109,'1477255',1720,,834,0,10 11,0
2109,'1477256',1836,,835,0,10 11,0
2109,'1477257',1948,,836,0,10 11,0
2109,'1477258',2058,,837,0,10 11,0
2109,'1477261',2238,,840,0,10 11,0
2109,'1477262',2308,,841,0,10 11,0
2109,'1477263',2338,,842,0,10 11,0
2109,'1478076',1937,,844,0,10 11,0
2109,'1478084',902,,852,0,10 11,0
2109,'1478085',1012,,853,0,10 11,0
2109,'1478086',1232,,854,0,10 11,0
2109,'1478087',1342,,855,0,10 11,0
2109,'1478088',1452,,856,0,10 11,0
2109,'1478089',1712,,857,0,10 11,0
2109,'1478090',1827,,858,0,10 11,0
2109,'1478099',827,,867,0,10 11,0
2109,'1478100',937,,868,0,10 11,0
2109,'1478101',1157,,869,0,10 11,0
2109,'1478102',1307,,870,0,10 11,0
2109,'1478103',1417,,871,0,10 11,0
2109,'1478104',1637,,872,0,10 11,0
2109,'1478105',1747,,873,0,10 11,0
2109,'1478106',1902,,874,0,10 11,0
2109,'1478109',1602,,877,0,10 11,0
2109,'1478110',1122,,878,0,10 11,0
2109,'1478112',1047,,880,0,10 11,0
2109,'1478115',1527,,883,0,10 11,0
