500,'100009',607,,832,31,,,0,30,,848,31,,,0,70,,833,31,,,0,30,,849,31,,,0,70,,834,31,,,0,40,,835,31,,,0,70,,857,31,,,0,30,,836,31,,,0,70,,860,31,,,0,30,,837,31,,,0,70,,859,31,,,0,30,,838,31,,,0,70,,861,31,,,0,42,,839,31,,,0,75,,858,31,,,0,75,,840,31,,,0,35,,850,31,,,0,75,,841,31,,,0,35,,851,31,,,0,75,,842,31,,,0,80,,843,31,,,0,41,,852,31,,,0,70,,844,31,,,0,30,,853,31,,,0,70,,845,31,,,0,30,,854,31,,,0,85,,846,31,,,0,70,,855,31,,,0,30,,847,31,,,0,70,,856,31,,,0,30,,862,31,,,0,70,,863,31,,,0
500,'100010',815,,864,31,,,0,100,,865,31,,,0,100,,866,31,,,0,100,,867,31,,,0,100,,868,31,,,0,115,,869,31,,,0,100,,870,31,,,0,100,,871,31,,,0,115,,872,31,,,0,100,,873,31,,,0,100,,874,31,,,0
500,'100011',815,,2512,31,,,0,100,,2513,31,,,0,100,,2514,31,,,0,100,,2515,31,,,0,100,,2516,31,,,0,115,,2517,31,,,0,100,,2518,31,,,0,100,,2519,31,,,0,115,,2520,31,,,0,100,,2521,31,,,0,100,,2522,31,,,0,100,,2523,31,,,0
500,'100012',815,,2524,31,,,0,100,,2525,31,,,0,100,,2526,31,,,0,100,,2527,31,,,0,100,,2528,31,,,0,115,,2529,31,,,0,100,,2530,31,,,0,100,,2531,31,,,0,115,,2532,31,,,0,100,,2533,31,,,0,100,,2534,31,,,0
500,'100013',607,,2535,31,,,0,30,,2551,31,,,0,70,,2536,31,,,0,30,,2552,31,,,0,70,,2537,31,,,0,40,,2538,31,,,0,70,,2560,31,,,0,30,,2539,31,,,0,70,,2563,31,,,0,30,,2540,31,,,0,70,,2562,31,,,0,30,,2541,31,,,0,70,,2564,31,,,0,42,,2542,31,,,0,75,,2561,31,,,0,75,,2543,31,,,0,35,,2553,31,,,0,75,,2544,31,,,0,35,,2554,31,,,0,75,,2545,31,,,0,80,,2546,31,,,0,41,,2555,31,,,0,70,,2547,31,,,0,30,,2556,31,,,0,70,,2548,31,,,0,30,,2557,31,,,0,85,,2549,31,,,0,70,,2558,31,,,0,30,,2550,31,,,0,70,,2559,31,,,0,30,,2565,31,,,0,70,,2566,31,,,0
500,'100014',607,,2567,31,,,0,30,,2583,31,,,0,70,,2568,31,,,0,30,,2584,31,,,0,70,,2569,31,,,0,40,,2570,31,,,0,70,,2592,31,,,0,30,,2571,31,,,0,70,,2595,31,,,0,30,,2572,31,,,0,70,,2594,31,,,0,30,,2573,31,,,0,70,,2596,31,,,0,42,,2574,31,,,0,75,,2593,31,,,0,75,,2575,31,,,0,35,,2585,31,,,0,75,,2576,31,,,0,35,,2586,31,,,0,75,,2577,31,,,0,80,,2578,31,,,0,41,,2587,31,,,0,70,,2579,31,,,0,30,,2588,31,,,0,70,,2580,31,,,0,30,,2589,31,,,0,85,,2581,31,,,0,70,,2590,31,,,0,30,,2582,31,,,0,70,,2591,31,,,0,30,,2597,31,,,0,70,,2598,31,,,0
500,'100015',815,,2599,31,,,0,100,,2600,31,,,0,100,,2601,31,,,0,100,,2602,31,,,0,100,,2603,31,,,0,115,,2604,31,,,0,100,,2605,31,,,0,100,,2606,31,,,0,115,,2607,31,,,0,100,,2608,31,,,0,100,,2609,31,,,0
5200,'100009',1441,,1364,10,0,5 6,0
5200,'100013',1441,,3168,10,0,5 6,0
5201,'100009',740,,1365,18,0,7 8 9,0
5201,'100013',740,,3169,18,0,7 8 9,0
5400,'100009',733,,1370,18,0,7 18,0
5400,'100013',733,,3174,18,0,7 18,0
