2109,'1476961',742,,764,,,0
2109,'1476962',817,,765,,,0
2109,'1476963',852,,766,,,0
2109,'1476964',927,,767,,,0
2109,'1476965',1002,,768,,,0
2109,'1476966',1037,,769,,,0
2109,'1476967',1112,,770,,,0
2109,'1476968',1147,,771,,,0
2109,'1476969',1222,,772,,,0
2109,'1476970',1257,,773,,,0
2109,'1476971',1332,,774,,,0
2109,'1476972',1407,,775,,,0
2109,'1476973',1442,,776,,,0
2109,'1476974',1517,,777,,,0
2109,'1476975',1552,,778,,,0
2109,'1476976',1627,,779,,,0
2109,'1476977',1702,,780,,,0
2109,'1476978',1742,,781,,,0
2109,'1476979',1817,,782,,,0
2109,'1476980',1852,,783,,,0
2109,'1477205',637,,784,,,0
2109,'1477206',749,,785,,,0
2109,'1477207',859,,786,,,0
2109,'1477208',1009,,787,,,0
2109,'1477209',1119,,788,,,0
2109,'1477210',1230,,789,,,0
2109,'1477211',1340,,790,,,0
2109,'1477219',1450,,798,,,0
2109,'1477220',1600,,799,,,0
2109,'1477221',1714,,800,,,0
2109,'1477222',1824,,801,,,0
2109,'1477223',1934,,802,,,0
2109,'1477224',2101,,803,,,0
2109,'1477231',604,,810,,,0
2109,'1477232',714,,811,,,0
2109,'1477233',823,,812,,,0
2109,'1477234',934,,813,,,0
2109,'1477235',1044,,814,,,0
2109,'1477236',1154,,815,,,0
2109,'1477237',1305,,816,,,0
2109,'1477238',1415,,817,,,0
2109,'1477239',1525,,818,,,0
2109,'1477240',1635,,819,,,0
2109,'1477241',1749,,820,,,0
2109,'1477242',1901,,821,,,0
2109,'1477243',2013,,822,,,0
2109,'1477244',2131,,823,,,0
2109,'1477259',2301,,838,,,0
2109,'1477260',2231,,839,,,0
2109,'1477264',2201,,843,,,0
2109,'1478077',817,,845,,,0
2109,'1478078',927,,846,,,0
2109,'1478079',1148,,847,,,0
2109,'1478080',1257,,848,,,0
2109,'1478081',1407,,849,,,0
2109,'1478082',1517,,850,,,0
2109,'1478083',1742,,851,,,0
2109,'1478091',742,,859,,,0
2109,'1478092',852,,860,,,0
2109,'1478093',1112,,861,,,0
2109,'1478094',1222,,862,,,0
2109,'1478095',1332,,863,,,0
2109,'1478096',1442,,864,,,0
2109,'1478097',1702,,865,,,0
2109,'1478098',1817,,866,,,0
2109,'1478107',1627,,875,,,0
2109,'1478108',1037,,876,,,0
2109,'1478111',1852,,879,,,0
2109,'1478113',1002,,881,,,0
2109,'1478114',1552,,882,,,0
