109,'1477039',816,,13,0,33,0
109,'1477040',916,,14,0,33,0
109,'1477041',1016,,15,0,33,0
109,'1477042',1116,,16,0,33,0
109,'1477043',1216,,17,0,33,0
109,'1477044',1316,,18,0,33,0
109,'1477045',1416,,19,0,33,0
109,'1477046',1516,,20,0,33,0
109,'1477047',1616,,21,0,33,0
109,'1477048',1716,,22,0,33,0
109,'1477049',1816,,23,0,33,0
109,'1477050',1916,,24,0,33,0
109,'1477051',839,,25,0,33,0
109,'1477052',539,,26,0,33,0
109,'1477053',937,,27,0,33,0
109,'1477054',739,,28,0,33,0
109,'1477055',639,,29,0,33,0
109,'1477061',619,,35,0,33,0
109,'1477062',719,,36,0,33,0
109,'1477063',819,,37,0,33,0
109,'1477064',917,,38,0,33,0
109,'1477065',1017,,39,0,33,0
109,'1477066',1117,,40,0,33,0
109,'1477067',1218,,41,0,33,0
109,'1477068',1318,,42,0,33,0
109,'1477073',1358,,47,0,33,0
109,'1477074',1458,,48,0,33,0
109,'1477075',1558,,49,0,33,0
109,'1477076',1658,,50,0,33,0
109,'1477077',1757,,51,0,33,0
109,'1477078',1857,,52,0,33,0
109,'1477079',1957,,53,0,33,0
109,'1477087',1047,,61,0,33,0
109,'1477088',1147,,62,0,33,0
109,'1477089',1248,,63,0,33,0
109,'1477098',2105,,72,0,33,0
109,'1477099',559,,73,0,33,0
109,'1477100',659,,74,0,33,0
109,'1477101',759,,75,0,33,0
109,'1477102',859,,76,0,33,0
109,'1477107',2035,,81,0,33,0
109,'1477108',1937,,82,0,33,0
109,'1477109',1837,,83,0,33,0
109,'1477110',1737,,84,0,33,0
109,'1477111',1638,,85,0,33,0
109,'1477112',1538,,86,0,33,0
109,'1477124',1917,,98,0,33,0
109,'1477125',1518,,99,0,33,0
109,'1477126',1618,,100,0,33,0
109,'1477127',1717,,101,0,33,0
109,'1477128',1817,,102,0,33,0
109,'1477130',1428,,104,0,33,0
109,'1477131',2135,,105,0,33,0
109,'1477132',2205,,106,0,33,0
109,'1477133',2304,,107,0,33,0
109,'1477137',2234,,111,0,33,0
109,'1477612',816,,112,0,33,0
109,'1477614',916,,114,0,33,0
109,'1477617',1016,,117,0,33,0
109,'1477618',1116,,118,0,33,0
109,'1477619',1216,,119,0,33,0
109,'1477622',1416,,122,0,33,0
109,'1477625',1316,,125,0,33,0
109,'1477628',1616,,128,0,33,0
109,'1477629',1516,,129,0,33,0
109,'1477630',1716,,130,0,33,0
109,'1477632',1816,,132,0,33,0
109,'1477635',1916,,135,0,33,0
109,'1477636',846,,136,0,33,0
109,'1477637',946,,137,0,33,0
109,'1477638',1046,,138,0,33,0
109,'1477639',1146,,139,0,33,0
109,'1477640',1246,,140,0,33,0
109,'1477641',1346,,141,0,33,0
109,'1477642',1446,,142,0,33,0
109,'1477643',1546,,143,0,33,0
109,'1477644',1646,,144,0,33,0
109,'1477645',1746,,145,0,33,0
109,'1477646',1846,,146,0,33,0
109,'1477658',746,,158,0,33,0
