201,'100009',544,,379,39,0,5 6,0,70,,388,39,0,5 6,0,30,,380,39,0,5 6,0,70,,389,39,0,5 6,0,30,,381,39,0,5 6,0,70,,390,39,0,5 6,0,40,,382,39,0,5 6,0,70,,391,39,0,5 6,0,30,,383,39,0,5 6,0,70,,392,39,0,5 6,0,30,,384,39,0,5 6,0,70,,393,39,0,5 6,0,30,,385,39,0,5 6,0,70,,394,39,0,5 6,0,83,,386,39,0,5 6,0,35,,395,39,0,5 6,0,75,,387,39,0,5 6,0,35,,396,39,0,5 6,0,75,,404,39,0,5 6,0,75,,397,39,0,5 6,0,35,,405,39,0,5 6,0,80,,398,39,0,5 6,0,40,,399,39,0,5 6,0,70,,406,39,0,5 6,0,30,,400,39,0,5 6,0,70,,407,39,0,5 6,0,30,,401,39,0,5 6,0,85,,408,39,0,5 6,0,70,,402,39,0,5 6,0,30,,409,39,0,5 6,0,70,,403,39,0,5 6,0,30,,410,39,0,5 6,0,70,,411,39,0,5 6,0,30,,412,39,0,5 6,0
201,'100010',544,,413,39,0,5 6,0,70,,422,39,0,5 6,0,30,,414,39,0,5 6,0,70,,423,39,0,5 6,0,30,,415,39,0,5 6,0,70,,424,39,0,5 6,0,40,,416,39,0,5 6,0,70,,425,39,0,5 6,0,30,,417,39,0,5 6,0,70,,426,39,0,5 6,0,30,,418,39,0,5 6,0,70,,427,39,0,5 6,0,30,,419,39,0,5 6,0,70,,428,39,0,5 6,0,83,,420,39,0,5 6,0,35,,429,39,0,5 6,0,75,,421,39,0,5 6,0,35,,430,39,0,5 6,0,75,,438,39,0,5 6,0,75,,431,39,0,5 6,0,35,,439,39,0,5 6,0,80,,432,39,0,5 6,0,40,,433,39,0,5 6,0,70,,440,39,0,5 6,0,30,,434,39,0,5 6,0,70,,441,39,0,5 6,0,30,,435,39,0,5 6,0,85,,442,39,0,5 6,0,70,,436,39,0,5 6,0,30,,443,39,0,5 6,0,70,,437,39,0,5 6,0,30,,444,39,0,5 6,0,70,,445,39,0,5 6,0,30,,446,39,0,5 6,0
201,'100012',722,,470,39,0,5 6,0,30,,469,39,0,5 6,0,70,,448,39,0,5 6,0,30,,447,39,0,5 6,0,70,,449,39,0,5 6,0,30,,450,39,0,5 6,0,70,,451,39,0,5 6,0,30,,452,39,0,5 6,0,70,,453,39,0,5 6,0,30,,454,39,0,5 6,0,70,,455,39,0,5 6,0,85,,456,39,0,5 6,0,30,,457,39,0,5 6,0,70,,458,39,0,5 6,0,30,,459,39,0,5 6,0,70,,460,39,0,5 6,0,30,,461,39,0,5 6,0,70,,462,39,0,5 6,0,45,,463,39,0,5 6,0,70,,464,39,0,5 6,0,30,,465,39,0,5 6,0,70,,466,39,0,5 6,0,30,,467,39,0,5 6,0,70,,468,39,0,5 6,0
201,'100013',752,,471,39,0,5 6,0,70,,472,39,0,5 6,0,30,,473,39,0,5 6,0,70,,474,39,0,5 6,0,30,,475,39,0,5 6,0,70,,476,39,0,5 6,0,30,,477,39,0,5 6,0,70,,478,39,0,5 6,0,30,,479,39,0,5 6,0,70,,480,39,0,5 6,0,85,,481,39,0,5 6,0,30,,482,39,0,5 6,0,70,,483,39,0,5 6,0,30,,484,39,0,5 6,0,70,,485,39,0,5 6,0,30,,486,39,0,5 6,0,70,,487,39,0,5 6,0,45,,489,39,0,5 6,0,70,,490,39,0,5 6,0,30,,491,39,0,5 6,0,70,,492,39,0,5 6,0,30,,493,39,0,5 6,0,70,,488,39,0,5 6,0
600,'100009',546,,896,34,,,0,70,,886,34,,,0,18,,914,34,,,0,12,,897,34,,,0,70,,887,34,,,0,18,,915,34,,,0,12,,898,34,,,0,70,,888,34,,,0,39,,889,34,,,0,70,,906,34,,,0,30,,890,34,,,0,70,,907,34,,,0,30,,891,34,,,0,70,,916,34,,,0,30,,892,34,,,0,70,,917,34,,,0,83,,893,34,,,0,35,,918,34,,,0,75,,894,34,,,0,35,,899,34,,,0,75,,895,34,,,0,75,,908,34,,,0,35,,900,34,,,0,80,,909,34,,,0,41,,901,34,,,0,70,,910,34,,,0,30,,902,34,,,0,70,,911,34,,,0,30,,903,34,,,0,85,,912,34,,,0,70,,904,34,,,0,30,,913,34,,,0,70,,905,34,,,0,30,,920,34,,,0,70,,919,34,,,0
600,'100010',546,,931,34,,,0,70,,921,34,,,0,18,,949,34,,,0,12,,932,34,,,0,70,,922,34,,,0,18,,950,34,,,0,12,,933,34,,,0,70,,923,34,,,0,39,,924,34,,,0,70,,941,34,,,0,30,,925,34,,,0,70,,942,34,,,0,30,,926,34,,,0,70,,951,34,,,0,30,,927,34,,,0,70,,952,34,,,0,83,,928,34,,,0,35,,953,34,,,0,75,,929,34,,,0,35,,934,34,,,0,75,,930,34,,,0,75,,943,34,,,0,35,,935,34,,,0,80,,944,34,,,0,41,,936,34,,,0,70,,945,34,,,0,30,,937,34,,,0,70,,946,34,,,0,30,,938,34,,,0,85,,947,34,,,0,70,,939,34,,,0,30,,948,34,,,0,70,,940,34,,,0,30,,955,34,,,0,70,,954,34,,,0
600,'100012',754,,956,34,,,0,100,,957,34,,,0,100,,958,34,,,0,100,,959,34,,,0,100,,960,34,,,0,155,,961,34,,,0,100,,962,34,,,0,100,,963,34,,,0,100,,964,34,,,0,115,,965,34,,,0,100,,966,34,,,0,100,,967,34,,,0
600,'100013',754,,968,34,,,0,100,,969,34,,,0,100,,970,34,,,0,100,,971,34,,,0,100,,972,34,,,0,155,,973,34,,,0,100,,974,34,,,0,100,,975,34,,,0,100,,976,34,,,0,115,,977,34,,,0,100,,978,34,,,0,100,,979,34,,,0
5301,'100010',1603,,1369,50,,,0
1005300,'100010',807,,1513,29,,,0
