301,'100009',545,,626,34,0,15 7 16 3 17,0,70,,627,34,0,15 7 16 3 17,0,30,,628,34,0,15 7 16 3 17,0,70,,629,34,0,15 7 16 3 17,0,30,,630,34,0,15 7 16 3 17,0,10,,631,34,0,15 7 16 3 17,0,60,,636,34,0,15 7 16 3 17,0,40,,632,34,0,15 7 16 3 17,0,70,,637,34,0,15 7 16 3 17,0,30,,633,34,0,15 7 16 3 17,0,70,,638,34,0,15 7 16 3 17,0,30,,634,34,0,15 7 16 3 17,0,70,,639,34,0,15 7 16 3 17,0,30,,635,34,0,15 7 16 3 17,0,70,,640,34,0,15 7 16 3 17,0,81,,641,34,0,15 7 16 3 17,0,35,,642,34,0,15 7 16 3 17,0,75,,643,34,0,15 7 16 3 17,0,14,,644,34,0,15 7 16 3 17,0,21,,645,34,0,15 7 16 3 17,0,75,,646,34,0,15 7 16 3 17,0,5,,661,34,0,15 7 16 3 17,0,70,,647,34,0,15 7 16 3 17,0,35,,648,34,0,15 7 16 3 17,0,80,,649,34,0,15 7 16 3 17,0,42,,650,34,0,15 7 16 3 17,0,70,,651,34,0,15 7 16 3 17,0,30,,652,34,0,15 7 16 3 17,0,70,,653,34,0,15 7 16 3 17,0,30,,654,34,0,15 7 16 3 17,0,85,,655,34,0,15 7 16 3 17,0,70,,656,34,0,15 7 16 3 17,0,30,,657,34,0,15 7 16 3 17,0,70,,658,34,0,15 7 16 3 17,0,30,,659,34,0,15 7 16 3 17,0,70,,660,34,0,15 7 16 3 17,0
301,'100010',750,,665,34,0,15 7 16 3 17,0,100,,666,34,0,15 7 16 3 17,0,100,,667,34,0,15 7 16 3 17,0,101,,668,34,0,15 7 16 3 17,0,100,,669,34,0,15 7 16 3 17,0,155,,670,34,0,15 7 16 3 17,0,100,,671,34,0,15 7 16 3 17,0,100,,672,34,0,15 7 16 3 17,0,100,,673,34,0,15 7 16 3 17,0,115,,664,34,0,15 7 16 3 17,0,100,,662,34,0,15 7 16 3 17,0,100,,663,34,0,15 7 16 3 17,0
301,'100011',750,,2267,34,0,15 7 16 3 17,0,100,,2268,34,0,15 7 16 3 17,0,100,,2269,34,0,15 7 16 3 17,0,101,,2270,34,0,15 7 16 3 17,0,100,,2271,34,0,15 7 16 3 17,0,155,,2272,34,0,15 7 16 3 17,0,100,,2273,34,0,15 7 16 3 17,0,100,,2274,34,0,15 7 16 3 17,0,100,,2275,34,0,15 7 16 3 17,0,115,,2266,34,0,15 7 16 3 17,0,100,,2264,34,0,15 7 16 3 17,0,100,,2265,34,0,15 7 16 3 17,0,100,,2276,34,0,15 7 16 3 17,0
301,'100012',750,,2280,34,0,15 7 16 3 17,0,100,,2281,34,0,15 7 16 3 17,0,100,,2282,34,0,15 7 16 3 17,0,101,,2283,34,0,15 7 16 3 17,0,100,,2284,34,0,15 7 16 3 17,0,155,,2285,34,0,15 7 16 3 17,0,100,,2286,34,0,15 7 16 3 17,0,100,,2287,34,0,15 7 16 3 17,0,100,,2288,34,0,15 7 16 3 17,0,115,,2279,34,0,15 7 16 3 17,0,100,,2277,34,0,15 7 16 3 17,0,100,,2278,34,0,15 7 16 3 17,0
301,'100013',545,,2289,34,0,15 7 16 3 17,0,70,,2290,34,0,15 7 16 3 17,0,30,,2291,34,0,15 7 16 3 17,0,70,,2292,34,0,15 7 16 3 17,0,30,,2293,34,0,15 7 16 3 17,0,10,,2294,34,0,15 7 16 3 17,0,60,,2299,34,0,15 7 16 3 17,0,40,,2295,34,0,15 7 16 3 17,0,70,,2300,34,0,15 7 16 3 17,0,30,,2296,34,0,15 7 16 3 17,0,70,,2301,34,0,15 7 16 3 17,0,30,,2297,34,0,15 7 16 3 17,0,70,,2302,34,0,15 7 16 3 17,0,30,,2298,34,0,15 7 16 3 17,0,70,,2303,34,0,15 7 16 3 17,0,81,,2304,34,0,15 7 16 3 17,0,35,,2305,34,0,15 7 16 3 17,0,75,,2306,34,0,15 7 16 3 17,0,14,,2307,34,0,15 7 16 3 17,0,21,,2308,34,0,15 7 16 3 17,0,75,,2309,34,0,15 7 16 3 17,0,5,,2324,34,0,15 7 16 3 17,0,70,,2310,34,0,15 7 16 3 17,0,35,,2311,34,0,15 7 16 3 17,0,80,,2312,34,0,15 7 16 3 17,0,42,,2313,34,0,15 7 16 3 17,0,70,,2314,34,0,15 7 16 3 17,0,30,,2315,34,0,15 7 16 3 17,0,70,,2316,34,0,15 7 16 3 17,0,30,,2317,34,0,15 7 16 3 17,0,85,,2318,34,0,15 7 16 3 17,0,70,,2319,34,0,15 7 16 3 17,0,30,,2320,34,0,15 7 16 3 17,0,70,,2321,34,0,15 7 16 3 17,0,30,,2322,34,0,15 7 16 3 17,0,70,,2323,34,0,15 7 16 3 17,0
301,'100014',545,,2325,34,0,15 7 16 3 17,0,70,,2326,34,0,15 7 16 3 17,0,30,,2327,34,0,15 7 16 3 17,0,70,,2328,34,0,15 7 16 3 17,0,30,,2329,34,0,15 7 16 3 17,0,10,,2330,34,0,15 7 16 3 17,0,60,,2335,34,0,15 7 16 3 17,0,40,,2331,34,0,15 7 16 3 17,0,70,,2336,34,0,15 7 16 3 17,0,30,,2332,34,0,15 7 16 3 17,0,70,,2337,34,0,15 7 16 3 17,0,30,,2333,34,0,15 7 16 3 17,0,70,,2338,34,0,15 7 16 3 17,0,30,,2334,34,0,15 7 16 3 17,0,70,,2339,34,0,15 7 16 3 17,0,81,,2340,34,0,15 7 16 3 17,0,35,,2341,34,0,15 7 16 3 17,0,75,,2342,34,0,15 7 16 3 17,0,14,,2343,34,0,15 7 16 3 17,0,21,,2344,34,0,15 7 16 3 17,0,75,,2345,34,0,15 7 16 3 17,0,5,,2360,34,0,15 7 16 3 17,0,70,,2346,34,0,15 7 16 3 17,0,35,,2347,34,0,15 7 16 3 17,0,80,,2348,34,0,15 7 16 3 17,0,42,,2349,34,0,15 7 16 3 17,0,70,,2350,34,0,15 7 16 3 17,0,30,,2351,34,0,15 7 16 3 17,0,70,,2352,34,0,15 7 16 3 17,0,30,,2353,34,0,15 7 16 3 17,0,85,,2354,34,0,15 7 16 3 17,0,70,,2355,34,0,15 7 16 3 17,0,30,,2356,34,0,15 7 16 3 17,0,70,,2357,34,0,15 7 16 3 17,0,30,,2358,34,0,15 7 16 3 17,0,70,,2359,34,0,15 7 16 3 17,0
301,'100015',750,,2364,34,0,15 7 16 3 17,0,100,,2365,34,0,15 7 16 3 17,0,100,,2366,34,0,15 7 16 3 17,0,101,,2367,34,0,15 7 16 3 17,0,100,,2368,34,0,15 7 16 3 17,0,155,,2369,34,0,15 7 16 3 17,0,100,,2370,34,0,15 7 16 3 17,0,100,,2371,34,0,15 7 16 3 17,0,100,,2372,34,0,15 7 16 3 17,0,115,,2361,34,0,15 7 16 3 17,0,100,,2362,34,0,15 7 16 3 17,0,100,,2363,34,0,15 7 16 3 17,0
5101,'100009',1507,,1362,15,0,7 8 9 10 11,0
5101,'100013',1507,,3166,15,0,7 8 9 10 11,0
5201,'100009',758,,1365,51,0,7 8 9,0
5201,'100013',758,,3169,51,0,7 8 9,0
