800,'100009',604,,1117,19,0,14 3 15 7 16,0,30,,1102,19,0,14 3 15 7 16,0,70,,1118,19,0,14 3 15 7 16,0,30,,1103,19,0,14 3 15 7 16,0,70,,1119,19,0,14 3 15 7 16,0,40,,1120,19,0,14 3 15 7 16,0,69,,1104,19,0,14 3 15 7 16,0,30,,1128,19,0,14 3 15 7 16,0,70,,1105,19,0,14 3 15 7 16,0,30,,1129,19,0,14 3 15 7 16,0,70,,1106,19,0,14 3 15 7 16,0,30,,1130,19,0,14 3 15 7 16,0,70,,1107,19,0,14 3 15 7 16,0,41,,1131,19,0,14 3 15 7 16,0,75,,1108,19,0,14 3 15 7 16,0,75,,1121,19,0,14 3 15 7 16,0,35,,1109,19,0,14 3 15 7 16,0,75,,1110,19,0,14 3 15 7 16,0,35,,1122,19,0,14 3 15 7 16,0,75,,1111,19,0,14 3 15 7 16,0,80,,1123,19,0,14 3 15 7 16,0,43,,1112,19,0,14 3 15 7 16,0,70,,1124,19,0,14 3 15 7 16,0,30,,1113,19,0,14 3 15 7 16,0,70,,1125,19,0,14 3 15 7 16,0,30,,1114,19,0,14 3 15 7 16,0,85,,1126,19,0,14 3 15 7 16,0,70,,1115,19,0,14 3 15 7 16,0,30,,1127,19,0,14 3 15 7 16,0,70,,1116,19,0,14 3 15 7 16,0,28,,1133,19,0,14 3 15 7 16,0,28,,1132,19,0,14 3 15 7 16,0
800,'100010',740,,1134,19,0,14 3 15 7 16,0,100,,1135,19,0,14 3 15 7 16,0,100,,1136,19,0,14 3 15 7 16,0,100,,1137,19,0,14 3 15 7 16,0,100,,1138,19,0,14 3 15 7 16,0,115,,1139,19,0,14 3 15 7 16,0,100,,1140,19,0,14 3 15 7 16,0,100,,1141,19,0,14 3 15 7 16,0,100,,1142,19,0,14 3 15 7 16,0,155,,1143,19,0,14 3 15 7 16,0,100,,1144,19,0,14 3 15 7 16,0,100,,1145,19,0,14 3 15 7 16,0
800,'100011',740,,2819,19,0,14 3 15 7 16,0,100,,2820,19,0,14 3 15 7 16,0,100,,2821,19,0,14 3 15 7 16,0,100,,2822,19,0,14 3 15 7 16,0,100,,2823,19,0,14 3 15 7 16,0,115,,2824,19,0,14 3 15 7 16,0,100,,2825,19,0,14 3 15 7 16,0,100,,2826,19,0,14 3 15 7 16,0,100,,2827,19,0,14 3 15 7 16,0,155,,2828,19,0,14 3 15 7 16,0,100,,2829,19,0,14 3 15 7 16,0,100,,2830,19,0,14 3 15 7 16,0,100,,2831,19,0,14 3 15 7 16,0
800,'100012',740,,2832,19,0,14 3 15 7 16,0,100,,2833,19,0,14 3 15 7 16,0,100,,2834,19,0,14 3 15 7 16,0,100,,2835,19,0,14 3 15 7 16,0,100,,2836,19,0,14 3 15 7 16,0,115,,2837,19,0,14 3 15 7 16,0,100,,2838,19,0,14 3 15 7 16,0,100,,2839,19,0,14 3 15 7 16,0,100,,2840,19,0,14 3 15 7 16,0,155,,2841,19,0,14 3 15 7 16,0,100,,2842,19,0,14 3 15 7 16,0,100,,2843,19,0,14 3 15 7 16,0
800,'100013',604,,2859,19,0,14 3 15 7 16,0,30,,2844,19,0,14 3 15 7 16,0,70,,2860,19,0,14 3 15 7 16,0,30,,2845,19,0,14 3 15 7 16,0,70,,2861,19,0,14 3 15 7 16,0,40,,2862,19,0,14 3 15 7 16,0,69,,2846,19,0,14 3 15 7 16,0,30,,2870,19,0,14 3 15 7 16,0,70,,2847,19,0,14 3 15 7 16,0,30,,2871,19,0,14 3 15 7 16,0,70,,2848,19,0,14 3 15 7 16,0,30,,2872,19,0,14 3 15 7 16,0,70,,2849,19,0,14 3 15 7 16,0,41,,2873,19,0,14 3 15 7 16,0,75,,2850,19,0,14 3 15 7 16,0,75,,2863,19,0,14 3 15 7 16,0,35,,2851,19,0,14 3 15 7 16,0,75,,2852,19,0,14 3 15 7 16,0,35,,2864,19,0,14 3 15 7 16,0,75,,2853,19,0,14 3 15 7 16,0,80,,2865,19,0,14 3 15 7 16,0,43,,2854,19,0,14 3 15 7 16,0,70,,2866,19,0,14 3 15 7 16,0,30,,2855,19,0,14 3 15 7 16,0,70,,2867,19,0,14 3 15 7 16,0,30,,2856,19,0,14 3 15 7 16,0,85,,2868,19,0,14 3 15 7 16,0,70,,2857,19,0,14 3 15 7 16,0,30,,2869,19,0,14 3 15 7 16,0,70,,2858,19,0,14 3 15 7 16,0,28,,2875,19,0,14 3 15 7 16,0,28,,2874,19,0,14 3 15 7 16,0
800,'100014',604,,2891,19,0,14 3 15 7 16,0,30,,2876,19,0,14 3 15 7 16,0,70,,2892,19,0,14 3 15 7 16,0,30,,2877,19,0,14 3 15 7 16,0,70,,2893,19,0,14 3 15 7 16,0,40,,2894,19,0,14 3 15 7 16,0,69,,2878,19,0,14 3 15 7 16,0,30,,2902,19,0,14 3 15 7 16,0,70,,2879,19,0,14 3 15 7 16,0,30,,2903,19,0,14 3 15 7 16,0,70,,2880,19,0,14 3 15 7 16,0,30,,2904,19,0,14 3 15 7 16,0,70,,2881,19,0,14 3 15 7 16,0,41,,2905,19,0,14 3 15 7 16,0,75,,2882,19,0,14 3 15 7 16,0,75,,2895,19,0,14 3 15 7 16,0,35,,2883,19,0,14 3 15 7 16,0,75,,2884,19,0,14 3 15 7 16,0,35,,2896,19,0,14 3 15 7 16,0,75,,2885,19,0,14 3 15 7 16,0,80,,2897,19,0,14 3 15 7 16,0,43,,2886,19,0,14 3 15 7 16,0,70,,2898,19,0,14 3 15 7 16,0,30,,2887,19,0,14 3 15 7 16,0,70,,2899,19,0,14 3 15 7 16,0,30,,2888,19,0,14 3 15 7 16,0,85,,2900,19,0,14 3 15 7 16,0,70,,2889,19,0,14 3 15 7 16,0,30,,2901,19,0,14 3 15 7 16,0,70,,2890,19,0,14 3 15 7 16,0,28,,2907,19,0,14 3 15 7 16,0,28,,2906,19,0,14 3 15 7 16,0
800,'100015',740,,2908,19,0,14 3 15 7 16,0,100,,2909,19,0,14 3 15 7 16,0,100,,2910,19,0,14 3 15 7 16,0,100,,2911,19,0,14 3 15 7 16,0,100,,2912,19,0,14 3 15 7 16,0,115,,2913,19,0,14 3 15 7 16,0,100,,2914,19,0,14 3 15 7 16,0,100,,2915,19,0,14 3 15 7 16,0,100,,2916,19,0,14 3 15 7 16,0,155,,2917,19,0,14 3 15 7 16,0,100,,2918,19,0,14 3 15 7 16,0,100,,2919,19,0,14 3 15 7 16,0
5000,'100009',751,,1358,17,0,7 8 9 10 11,0
5000,'100013',751,,3162,17,0,7 8 9 10 11,0
5100,'100009',749,,1361,18,0,7 8 9 10 11,0
5100,'100013',749,,3165,18,0,7 8 9 10 11,0
5101,'100009',1505,,1362,14,0,7 8 9 10 11,0
5101,'100013',1505,,3166,14,0,7 8 9 10 11,0
5300,'100009',827,,1367,51,,,0
5300,'100013',827,,3171,51,,,0
1005301,'100009',1502,,1514,9,,,0
1005301,'100013',1502,,3303,9,,,0
1005301,'100014',1502,,3304,9,,,0
