800,'100009',611,,1117,30,,,0,30,,1102,30,,,0,70,,1118,30,,,0,30,,1103,30,,,0,70,,1119,30,,,0,40,,1120,30,,,0,69,,1104,30,,,0,30,,1128,30,,,0,70,,1105,30,,,0,30,,1129,30,,,0,70,,1106,30,,,0,30,,1130,30,,,0,70,,1107,30,,,0,82,,1131,30,,,0,35,,1108,30,,,0,75,,1121,30,,,0,35,,1109,30,,,0,75,,1110,30,,,0,35,,1122,30,,,0,75,,1111,30,,,0,80,,1123,30,,,0,41,,1112,30,,,0,70,,1124,30,,,0,30,,1113,30,,,0,70,,1125,30,,,0,30,,1114,30,,,0,85,,1126,30,,,0,70,,1115,30,,,0,30,,1127,30,,,0,70,,1116,30,,,0,29,,1133,30,,,0,68,,1132,30,,,0
800,'100010',747,,1134,30,,,0,100,,1135,30,,,0,100,,1136,30,,,0,100,,1137,30,,,0,100,,1138,30,,,0,155,,1139,30,,,0,100,,1140,30,,,0,100,,1141,30,,,0,100,,1142,30,,,0,115,,1143,30,,,0,100,,1144,30,,,0,100,,1145,30,,,0
800,'100011',747,,2819,30,,,0,100,,2820,30,,,0,100,,2821,30,,,0,100,,2822,30,,,0,100,,2823,30,,,0,155,,2824,30,,,0,100,,2825,30,,,0,100,,2826,30,,,0,100,,2827,30,,,0,115,,2828,30,,,0,100,,2829,30,,,0,100,,2830,30,,,0,100,,2831,30,,,0
800,'100012',747,,2832,30,,,0,100,,2833,30,,,0,100,,2834,30,,,0,100,,2835,30,,,0,100,,2836,30,,,0,155,,2837,30,,,0,100,,2838,30,,,0,100,,2839,30,,,0,100,,2840,30,,,0,115,,2841,30,,,0,100,,2842,30,,,0,100,,2843,30,,,0
800,'100013',611,,2859,30,,,0,30,,2844,30,,,0,70,,2860,30,,,0,30,,2845,30,,,0,70,,2861,30,,,0,40,,2862,30,,,0,69,,2846,30,,,0,30,,2870,30,,,0,70,,2847,30,,,0,30,,2871,30,,,0,70,,2848,30,,,0,30,,2872,30,,,0,70,,2849,30,,,0,82,,2873,30,,,0,35,,2850,30,,,0,75,,2863,30,,,0,35,,2851,30,,,0,75,,2852,30,,,0,35,,2864,30,,,0,75,,2853,30,,,0,80,,2865,30,,,0,41,,2854,30,,,0,70,,2866,30,,,0,30,,2855,30,,,0,70,,2867,30,,,0,30,,2856,30,,,0,85,,2868,30,,,0,70,,2857,30,,,0,30,,2869,30,,,0,70,,2858,30,,,0,29,,2875,30,,,0,68,,2874,30,,,0
800,'100014',611,,2891,30,,,0,30,,2876,30,,,0,70,,2892,30,,,0,30,,2877,30,,,0,70,,2893,30,,,0,40,,2894,30,,,0,69,,2878,30,,,0,30,,2902,30,,,0,70,,2879,30,,,0,30,,2903,30,,,0,70,,2880,30,,,0,30,,2904,30,,,0,70,,2881,30,,,0,82,,2905,30,,,0,35,,2882,30,,,0,75,,2895,30,,,0,35,,2883,30,,,0,75,,2884,30,,,0,35,,2896,30,,,0,75,,2885,30,,,0,80,,2897,30,,,0,41,,2886,30,,,0,70,,2898,30,,,0,30,,2887,30,,,0,70,,2899,30,,,0,30,,2888,30,,,0,85,,2900,30,,,0,70,,2889,30,,,0,30,,2901,30,,,0,70,,2890,30,,,0,29,,2907,30,,,0,68,,2906,30,,,0
800,'100015',747,,2908,30,,,0,100,,2909,30,,,0,100,,2910,30,,,0,100,,2911,30,,,0,100,,2912,30,,,0,155,,2913,30,,,0,100,,2914,30,,,0,100,,2915,30,,,0,100,,2916,30,,,0,115,,2917,30,,,0,100,,2918,30,,,0,100,,2919,30,,,0
5000,'100009',759,,1358,30,,,0
5000,'100013',759,,3162,30,,,0
5100,'100009',757,,1361,30,0,5 28,0
5100,'100013',757,,3165,30,0,5 28,0
5300,'100009',822,,1367,43,,,0
5300,'100013',822,,3171,43,,,0
5301,'100009',1554,,1369,36,,,0
5301,'100013',1554,,3173,36,,,0
