500,'100012',806,,3916,11,0,12 3 13,0,100,,3917,11,0,12 3 13,0,100,,3918,11,0,12 3 13,0,100,,3919,11,0,12 3 13,0,100,,3920,11,0,12 3 13,0,115,,3921,11,0,12 3 13,0,100,,3922,11,0,12 3 13,0,100,,3923,11,0,12 3 13,0,115,,3924,11,0,12 3 13,0,100,,3925,11,0,12 3 13,0,100,,3926,11,0,12 3 13,0
500,'100013',806,,3927,11,0,12 3 13,0,100,,3928,11,0,12 3 13,0,100,,3929,11,0,12 3 13,0,100,,3930,11,0,12 3 13,0,100,,3931,11,0,12 3 13,0,115,,3932,11,0,12 3 13,0,100,,3933,11,0,12 3 13,0,100,,3934,11,0,12 3 13,0,115,,3935,11,0,12 3 13,0,100,,3936,11,0,12 3 13,0,100,,3937,11,0,12 3 13,0
500,'100014',558,,3938,11,0,12 3 13,0,70,,3954,11,0,12 3 13,0,30,,3939,11,0,12 3 13,0,70,,3955,11,0,12 3 13,0,30,,3940,11,0,12 3 13,0,80,,3941,11,0,12 3 13,0,70,,3963,11,0,12 3 13,0,30,,3942,11,0,12 3 13,0,70,,3966,11,0,12 3 13,0,30,,3943,11,0,12 3 13,0,70,,3965,11,0,12 3 13,0,30,,3944,11,0,12 3 13,0,70,,3967,11,0,12 3 13,0,40,,3945,11,0,12 3 13,0,75,,3964,11,0,12 3 13,0,35,,3946,11,0,12 3 13,0,75,,3956,11,0,12 3 13,0,75,,3947,11,0,12 3 13,0,35,,3957,11,0,12 3 13,0,75,,3948,11,0,12 3 13,0,40,,3949,11,0,12 3 13,0,83,,3958,11,0,12 3 13,0,70,,3950,11,0,12 3 13,0,30,,3959,11,0,12 3 13,0,70,,3951,11,0,12 3 13,0,30,,3960,11,0,12 3 13,0,85,,3952,11,0,12 3 13,0,30,,3961,11,0,12 3 13,0,70,,3953,11,0,12 3 13,0,30,,3962,11,0,12 3 13,0,70,,3968,11,0,12 3 13,0,30,,3969,11,0,12 3 13,0
700,'100012',805,,4029,7,0,24 3 25,0,100,,4030,7,0,24 3 25,0,100,,4031,7,0,24 3 25,0,100,,4032,7,0,24 3 25,0,100,,4033,7,0,24 3 25,0,115,,4034,7,0,24 3 25,0,100,,4035,7,0,24 3 25,0,100,,4036,7,0,24 3 25,0,115,,4037,7,0,24 3 25,0,100,,4038,7,0,24 3 25,0,100,,4039,7,0,24 3 25,0
700,'100013',805,,4040,7,0,24 3 25,0,100,,4041,7,0,24 3 25,0,100,,4042,7,0,24 3 25,0,100,,4043,7,0,24 3 25,0,100,,4044,7,0,24 3 25,0,115,,4045,7,0,24 3 25,0,100,,4046,7,0,24 3 25,0,100,,4047,7,0,24 3 25,0,115,,4048,7,0,24 3 25,0,100,,4049,7,0,24 3 25,0,100,,4050,7,0,24 3 25,0
700,'100014',527,,4051,7,0,24 3 25,0,30,,4061,7,0,24 3 25,0,70,,4052,7,0,24 3 25,0,18,,4079,7,0,24 3 25,0,12,,4062,7,0,24 3 25,0,70,,4053,7,0,24 3 25,0,30,,4063,7,0,24 3 25,0,80,,4072,7,0,24 3 25,0,70,,4054,7,0,24 3 25,0,30,,4073,7,0,24 3 25,0,70,,4055,7,0,24 3 25,0,30,,4080,7,0,24 3 25,0,70,,4056,7,0,24 3 25,0,30,,4081,7,0,24 3 25,0,70,,4057,7,0,24 3 25,0,39,,4082,7,0,24 3 25,0,75,,4058,7,0,24 3 25,0,35,,4064,7,0,24 3 25,0,75,,4059,7,0,24 3 25,0,75,,4065,7,0,24 3 25,0,35,,4060,7,0,24 3 25,0,75,,4066,7,0,24 3 25,0,40,,4067,7,0,24 3 25,0,84,,4074,7,0,24 3 25,0,70,,4068,7,0,24 3 25,0,30,,4075,7,0,24 3 25,0,70,,4069,7,0,24 3 25,0,30,,4076,7,0,24 3 25,0,85,,4070,7,0,24 3 25,0,30,,4077,7,0,24 3 25,0,70,,4071,7,0,24 3 25,0,30,,4078,7,0,24 3 25,0,70,,4083,7,0,24 3 25,0,30,,4084,7,0,24 3 25,0
1000900,'100012',737,,4281,8,,,0,80,,4282,8,,,0,40,,4283,8,,,0,80,,4284,8,,,0,80,,4285,8,,,0,40,,4286,8,,,0,80,,4287,8,,,0,85,,4288,8,,,0,80,,4289,8,,,0,41,,4290,8,,,0,80,,4291,8,,,0,80,,4292,8,,,0,40,,4293,8,,,0,80,,4294,8,,,0,85,,4295,8,,,0,40,,4296,8,,,0,80,,4297,8,,,0,80,,4298,8,,,0
1000900,'100013',737,,4299,8,,,0,80,,4300,8,,,0,40,,4301,8,,,0,80,,4302,8,,,0,80,,4303,8,,,0,40,,4304,8,,,0,80,,4305,8,,,0,85,,4306,8,,,0,80,,4307,8,,,0,41,,4308,8,,,0,80,,4309,8,,,0,80,,4310,8,,,0,40,,4311,8,,,0,80,,4312,8,,,0,85,,4313,8,,,0,40,,4314,8,,,0,80,,4315,8,,,0,80,,4316,8,,,0
1000900,'100014',523,,4327,8,,,0,30,,4328,8,,,0,70,,4329,8,,,0,30,,4330,8,,,0,70,,4331,8,,,0,30,,4332,8,,,0,62,,4333,8,,,0,28,,4334,8,,,0,75,,4335,8,,,0,20,,4336,8,,,0,70,,4337,8,,,0,30,,4338,8,,,0,70,,4339,8,,,0,30,,4340,8,,,0,70,,4341,8,,,0,30,,4342,8,,,0,70,,4343,8,,,0,30,,4344,8,,,0,72,,4345,8,,,0,30,,4346,8,,,0,70,,4347,8,,,0,28,,4348,8,,,0,72,,4349,8,,,0,30,,4350,8,,,0,18,,4351,8,,,0,85,,4320,8,,,0,70,,4321,8,,,0,30,,4324,8,,,0,70,,4317,8,,,0,29,,4319,8,,,0,83,,4325,8,,,0,85,,4323,8,,,0,35,,4322,8,,,0,75,,4326,8,,,0,35,,4318,8,,,0
2000900,'100012',757,,4352,8,,,0,80,,4353,8,,,0,80,,4354,8,,,0,40,,4355,8,,,0,80,,4356,8,,,0,80,,4357,8,,,0,40,,4358,8,,,0,80,,4359,8,,,0,85,,4360,8,,,0,80,,4361,8,,,0,41,,4362,8,,,0,80,,4363,8,,,0,85,,4364,8,,,0,40,,4365,8,,,0,80,,4366,8,,,0,80,,4367,8,,,0,40,,4368,8,,,0
2000900,'100013',757,,4369,8,,,0,80,,4370,8,,,0,80,,4371,8,,,0,40,,4372,8,,,0,80,,4373,8,,,0,80,,4374,8,,,0,40,,4375,8,,,0,80,,4376,8,,,0,85,,4377,8,,,0,80,,4378,8,,,0,41,,4379,8,,,0,80,,4380,8,,,0,85,,4381,8,,,0,40,,4382,8,,,0,80,,4383,8,,,0,80,,4384,8,,,0,40,,4385,8,,,0
2000900,'100014',547,,4386,8,,,0,60,,4387,8,,,0,30,,4388,8,,,0,70,,4389,8,,,0,30,,4390,8,,,0,20,,4391,8,,,0,80,,4392,8,,,0,22,,4417,8,,,0,68,,4393,8,,,0,30,,4394,8,,,0,60,,4395,8,,,0,30,,4396,8,,,0,70,,4397,8,,,0,30,,4398,8,,,0,70,,4399,8,,,0,30,,4400,8,,,0,70,,4401,8,,,0,30,,4402,8,,,0,72,,4403,8,,,0,31,,4404,8,,,0,70,,4405,8,,,0,34,,4406,8,,,0,64,,4407,8,,,0,32,,4408,8,,,0,78,,4409,8,,,0,30,,4410,8,,,0,70,,4411,8,,,0,30,,4412,8,,,0,70,,4413,8,,,0,25,,4414,8,,,0,72,,4415,8,,,0,34,,4416,8,,,0,85,,4418,8,,,0,75,,4419,8,,,0,36,,4420,8,,,0
