609,'1476872',738,,573,,,0
609,'1476873',838,,574,,,0
609,'1476874',938,,575,,,0
609,'1476875',1038,,576,,,0
609,'1476876',1138,,577,,,0
609,'1476877',1253,,578,,,0
609,'1476878',1353,,579,,,0
609,'1476879',1453,,580,,,0
609,'1476880',1553,,581,,,0
609,'1476881',1708,,582,,,0
609,'1476882',1808,,583,,,0
609,'1476883',1908,,584,,,0
609,'1477404',600,,585,,,0
609,'1477405',700,,586,,,0
609,'1477406',800,,587,,,0
609,'1477407',840,,588,,,0
609,'1477408',940,,589,,,0
609,'1477409',1040,,590,,,0
609,'1477410',1140,,591,,,0
609,'1477411',1249,,592,,,0
609,'1477412',1359,,593,,,0
609,'1477413',1509,,594,,,0
609,'1477414',530,,595,,,0
609,'1477415',630,,596,,,0
609,'1477416',730,,597,,,0
609,'1477417',1434,,598,,,0
609,'1477418',1619,,599,,,0
609,'1477419',1743,,600,,,0
609,'1477420',1843,,601,,,0
609,'1477421',1943,,602,,,0
609,'1477422',2058,,603,,,0
609,'1477423',2158,,604,,,0
609,'1477424',910,,605,,,0
609,'1477425',1010,,606,,,0
609,'1477426',1544,,607,,,0
609,'1477427',1659,,608,,,0
609,'1477428',1813,,609,,,0
609,'1477429',1913,,610,,,0
609,'1477430',2028,,611,,,0
609,'1477431',2128,,612,,,0
609,'1477432',618,,613,,,0
609,'1477433',718,,614,,,0
609,'1477434',1110,,615,,,0
609,'1477435',1210,,616,,,0
609,'1477436',1324,,617,,,0
609,'1477437',2258,,618,,,0
609,'1477438',2228,,619,,,0
609,'1477723',738,,620,,,0
609,'1477724',838,,621,,,0
609,'1477725',938,,622,,,0
609,'1477726',1038,,623,,,0
609,'1477727',1138,,624,,,0
609,'1477728',1253,,625,,,0
609,'1477729',1353,,626,,,0
609,'1477730',1453,,627,,,0
609,'1477731',1553,,628,,,0
609,'1477732',1708,,629,,,0
609,'1477733',1808,,630,,,0
609,'1477734',1908,,631,,,0
