500,'100009',603,,832,22,0,12 3 13,0,30,,848,22,0,12 3 13,0,70,,833,22,0,12 3 13,0,30,,849,22,0,12 3 13,0,70,,834,22,0,12 3 13,0,40,,835,22,0,12 3 13,0,70,,857,22,0,12 3 13,0,30,,836,22,0,12 3 13,0,70,,860,22,0,12 3 13,0,30,,837,22,0,12 3 13,0,70,,859,22,0,12 3 13,0,30,,838,22,0,12 3 13,0,70,,861,22,0,12 3 13,0,42,,839,22,0,12 3 13,0,75,,858,22,0,12 3 13,0,75,,840,22,0,12 3 13,0,35,,850,22,0,12 3 13,0,75,,841,22,0,12 3 13,0,35,,851,22,0,12 3 13,0,75,,842,22,0,12 3 13,0,80,,843,22,0,12 3 13,0,41,,852,22,0,12 3 13,0,70,,844,22,0,12 3 13,0,30,,853,22,0,12 3 13,0,70,,845,22,0,12 3 13,0,30,,854,22,0,12 3 13,0,85,,846,22,0,12 3 13,0,70,,855,22,0,12 3 13,0,30,,847,22,0,12 3 13,0,70,,856,22,0,12 3 13,0,30,,862,22,0,12 3 13,0,70,,863,22,0,12 3 13,0
500,'100010',811,,864,22,0,12 3 13,0,100,,865,22,0,12 3 13,0,100,,866,22,0,12 3 13,0,100,,867,22,0,12 3 13,0,100,,868,22,0,12 3 13,0,115,,869,22,0,12 3 13,0,100,,870,22,0,12 3 13,0,100,,871,22,0,12 3 13,0,115,,872,22,0,12 3 13,0,100,,873,22,0,12 3 13,0,100,,874,22,0,12 3 13,0
500,'100011',811,,2512,22,0,12 3 13,0,100,,2513,22,0,12 3 13,0,100,,2514,22,0,12 3 13,0,100,,2515,22,0,12 3 13,0,100,,2516,22,0,12 3 13,0,115,,2517,22,0,12 3 13,0,100,,2518,22,0,12 3 13,0,100,,2519,22,0,12 3 13,0,115,,2520,22,0,12 3 13,0,100,,2521,22,0,12 3 13,0,100,,2522,22,0,12 3 13,0,100,,2523,22,0,12 3 13,0
500,'100012',811,,2524,22,0,12 3 13,0,100,,2525,22,0,12 3 13,0,100,,2526,22,0,12 3 13,0,100,,2527,22,0,12 3 13,0,100,,2528,22,0,12 3 13,0,115,,2529,22,0,12 3 13,0,100,,2530,22,0,12 3 13,0,100,,2531,22,0,12 3 13,0,115,,2532,22,0,12 3 13,0,100,,2533,22,0,12 3 13,0,100,,2534,22,0,12 3 13,0
500,'100013',603,,2535,22,0,12 3 13,0,30,,2551,22,0,12 3 13,0,70,,2536,22,0,12 3 13,0,30,,2552,22,0,12 3 13,0,70,,2537,22,0,12 3 13,0,40,,2538,22,0,12 3 13,0,70,,2560,22,0,12 3 13,0,30,,2539,22,0,12 3 13,0,70,,2563,22,0,12 3 13,0,30,,2540,22,0,12 3 13,0,70,,2562,22,0,12 3 13,0,30,,2541,22,0,12 3 13,0,70,,2564,22,0,12 3 13,0,42,,2542,22,0,12 3 13,0,75,,2561,22,0,12 3 13,0,75,,2543,22,0,12 3 13,0,35,,2553,22,0,12 3 13,0,75,,2544,22,0,12 3 13,0,35,,2554,22,0,12 3 13,0,75,,2545,22,0,12 3 13,0,80,,2546,22,0,12 3 13,0,41,,2555,22,0,12 3 13,0,70,,2547,22,0,12 3 13,0,30,,2556,22,0,12 3 13,0,70,,2548,22,0,12 3 13,0,30,,2557,22,0,12 3 13,0,85,,2549,22,0,12 3 13,0,70,,2558,22,0,12 3 13,0,30,,2550,22,0,12 3 13,0,70,,2559,22,0,12 3 13,0,30,,2565,22,0,12 3 13,0,70,,2566,22,0,12 3 13,0
500,'100014',603,,2567,22,0,12 3 13,0,30,,2583,22,0,12 3 13,0,70,,2568,22,0,12 3 13,0,30,,2584,22,0,12 3 13,0,70,,2569,22,0,12 3 13,0,40,,2570,22,0,12 3 13,0,70,,2592,22,0,12 3 13,0,30,,2571,22,0,12 3 13,0,70,,2595,22,0,12 3 13,0,30,,2572,22,0,12 3 13,0,70,,2594,22,0,12 3 13,0,30,,2573,22,0,12 3 13,0,70,,2596,22,0,12 3 13,0,42,,2574,22,0,12 3 13,0,75,,2593,22,0,12 3 13,0,75,,2575,22,0,12 3 13,0,35,,2585,22,0,12 3 13,0,75,,2576,22,0,12 3 13,0,35,,2586,22,0,12 3 13,0,75,,2577,22,0,12 3 13,0,80,,2578,22,0,12 3 13,0,41,,2587,22,0,12 3 13,0,70,,2579,22,0,12 3 13,0,30,,2588,22,0,12 3 13,0,70,,2580,22,0,12 3 13,0,30,,2589,22,0,12 3 13,0,85,,2581,22,0,12 3 13,0,70,,2590,22,0,12 3 13,0,30,,2582,22,0,12 3 13,0,70,,2591,22,0,12 3 13,0,30,,2597,22,0,12 3 13,0,70,,2598,22,0,12 3 13,0
500,'100015',811,,2599,22,0,12 3 13,0,100,,2600,22,0,12 3 13,0,100,,2601,22,0,12 3 13,0,100,,2602,22,0,12 3 13,0,100,,2603,22,0,12 3 13,0,115,,2604,22,0,12 3 13,0,100,,2605,22,0,12 3 13,0,100,,2606,22,0,12 3 13,0,115,,2607,22,0,12 3 13,0,100,,2608,22,0,12 3 13,0,100,,2609,22,0,12 3 13,0
5200,'100009',1443,,1364,14,0,5 6,0
5200,'100013',1443,,3168,14,0,5 6,0
5201,'100009',741,,1365,22,0,7 8 9,0
5201,'100013',741,,3169,22,0,7 8 9,0
5400,'100009',735,,1370,22,0,7 18,0
5400,'100013',735,,3174,22,0,7 18,0
