600,'100009',534,,931,19,,,0,70,,921,19,,,0,18,,949,19,,,0,12,,932,19,,,0,70,,922,19,,,0,18,,950,19,,,0,12,,933,19,,,0,70,,923,19,,,0,40,,924,19,,,0,70,,941,19,,,0,30,,925,19,,,0,70,,942,19,,,0,30,,926,19,,,0,70,,951,19,,,0,30,,927,19,,,0,70,,952,19,,,0,40,,928,19,,,0,75,,953,19,,,0,75,,929,19,,,0,35,,934,19,,,0,75,,930,19,,,0,35,,943,19,,,0,75,,935,19,,,0,80,,944,19,,,0,43,,936,19,,,0,70,,945,19,,,0,30,,937,19,,,0,70,,946,19,,,0,30,,938,19,,,0,85,,947,19,,,0,70,,939,19,,,0,30,,948,19,,,0,70,,940,19,,,0,30,,955,19,,,0,70,,954,19,,,0
600,'100010',742,,956,19,,,0,100,,957,19,,,0,100,,958,19,,,0,100,,959,19,,,0,100,,960,19,,,0,115,,961,19,,,0,100,,962,19,,,0,100,,963,19,,,0,100,,964,19,,,0,155,,965,19,,,0,100,,966,19,,,0,100,,967,19,,,0
600,'100011',742,,2610,19,,,0,100,,2611,19,,,0,100,,2612,19,,,0,100,,2613,19,,,0,100,,2614,19,,,0,115,,2615,19,,,0,100,,2616,19,,,0,100,,2617,19,,,0,100,,2618,19,,,0,155,,2619,19,,,0,100,,2620,19,,,0,100,,2621,19,,,0,100,,2622,19,,,0
600,'100012',742,,2623,19,,,0,100,,2624,19,,,0,100,,2625,19,,,0,100,,2626,19,,,0,100,,2627,19,,,0,115,,2628,19,,,0,100,,2629,19,,,0,100,,2630,19,,,0,100,,2631,19,,,0,155,,2632,19,,,0,100,,2633,19,,,0,100,,2634,19,,,0
600,'100013',534,,2645,19,,,0,70,,2635,19,,,0,18,,2663,19,,,0,12,,2646,19,,,0,70,,2636,19,,,0,18,,2664,19,,,0,12,,2647,19,,,0,70,,2637,19,,,0,40,,2638,19,,,0,70,,2655,19,,,0,30,,2639,19,,,0,70,,2656,19,,,0,30,,2640,19,,,0,70,,2665,19,,,0,30,,2641,19,,,0,70,,2666,19,,,0,40,,2642,19,,,0,75,,2667,19,,,0,75,,2643,19,,,0,35,,2648,19,,,0,75,,2644,19,,,0,35,,2657,19,,,0,75,,2649,19,,,0,80,,2658,19,,,0,43,,2650,19,,,0,70,,2659,19,,,0,30,,2651,19,,,0,70,,2660,19,,,0,30,,2652,19,,,0,85,,2661,19,,,0,70,,2653,19,,,0,30,,2662,19,,,0,70,,2654,19,,,0,30,,2669,19,,,0,70,,2668,19,,,0
600,'100014',534,,2680,19,,,0,70,,2670,19,,,0,18,,2698,19,,,0,12,,2681,19,,,0,70,,2671,19,,,0,18,,2699,19,,,0,12,,2682,19,,,0,70,,2672,19,,,0,40,,2673,19,,,0,70,,2690,19,,,0,30,,2674,19,,,0,70,,2691,19,,,0,30,,2675,19,,,0,70,,2700,19,,,0,30,,2676,19,,,0,70,,2701,19,,,0,40,,2677,19,,,0,75,,2702,19,,,0,75,,2678,19,,,0,35,,2683,19,,,0,75,,2679,19,,,0,35,,2692,19,,,0,75,,2684,19,,,0,80,,2693,19,,,0,43,,2685,19,,,0,70,,2694,19,,,0,30,,2686,19,,,0,70,,2695,19,,,0,30,,2687,19,,,0,85,,2696,19,,,0,70,,2688,19,,,0,30,,2697,19,,,0,70,,2689,19,,,0,30,,2704,19,,,0,70,,2703,19,,,0
600,'100015',742,,2705,19,,,0,100,,2706,19,,,0,100,,2707,19,,,0,100,,2708,19,,,0,100,,2709,19,,,0,115,,2710,19,,,0,100,,2711,19,,,0,100,,2712,19,,,0,100,,2713,19,,,0,155,,2714,19,,,0,100,,2715,19,,,0,100,,2716,19,,,0
5000,'100009',745,,1358,11,0,7 8 9 10 11,0
5000,'100013',745,,3162,11,0,7 8 9 10 11,0
5001,'100009',1449,,1359,20,,,0,56,,1360,17,,,0
5001,'100013',1449,,3163,20,,,0,56,,3164,17,,,0
