509,'1476884',810,,519,0,16 3 17,0
509,'1476885',910,,520,0,16 3 17,0
509,'1476886',1010,,521,0,16 3 17,0
509,'1476887',1110,,522,0,16 3 17,0
509,'1476888',1210,,523,0,16 3 17,0
509,'1476889',1325,,524,0,16 3 17,0
509,'1476890',1425,,525,0,16 3 17,0
509,'1476891',1525,,526,0,16 3 17,0
509,'1476892',1640,,527,0,16 3 17,0
509,'1476893',1740,,528,0,16 3 17,0
509,'1476894',1840,,529,0,16 3 17,0
509,'1477372',602,,530,0,16 3 17,0
509,'1477373',702,,531,0,16 3 17,0
509,'1477374',802,,532,0,16 3 17,0
509,'1477375',842,,533,0,16 3 17,0
509,'1477376',942,,534,0,16 3 17,0
509,'1477377',1042,,535,0,16 3 17,0
509,'1477378',1142,,536,0,16 3 17,0
509,'1477379',1253,,537,0,16 3 17,0
509,'1477380',1403,,538,0,16 3 17,0
509,'1477381',1513,,539,0,16 3 17,0
509,'1477382',1623,,540,0,16 3 17,0
509,'1477383',1703,,541,0,16 3 17,0
509,'1477384',1815,,542,0,16 3 17,0
509,'1477385',1915,,543,0,16 3 17,0
509,'1477386',2030,,544,0,16 3 17,0
509,'1477387',2130,,545,0,16 3 17,0
509,'1477388',632,,546,0,16 3 17,0
509,'1477389',732,,547,0,16 3 17,0
509,'1477390',1438,,548,0,16 3 17,0
509,'1477391',1548,,549,0,16 3 17,0
509,'1477392',1745,,550,0,16 3 17,0
509,'1477393',1845,,551,0,16 3 17,0
509,'1477394',1945,,552,0,16 3 17,0
509,'1477395',2100,,553,0,16 3 17,0
509,'1477396',2200,,554,0,16 3 17,0
509,'1477397',912,,555,0,16 3 17,0
509,'1477398',1328,,556,0,16 3 17,0
509,'1477399',1112,,557,0,16 3 17,0
509,'1477400',1012,,558,0,16 3 17,0
509,'1477401',1212,,559,0,16 3 17,0
509,'1477402',2230,,560,0,16 3 17,0
509,'1477403',2300,,561,0,16 3 17,0
509,'1477735',810,,562,0,16 3 17,0
509,'1477736',910,,563,0,16 3 17,0
509,'1477737',1010,,564,0,16 3 17,0
509,'1477738',1110,,565,0,16 3 17,0
509,'1477739',1210,,566,0,16 3 17,0
509,'1477740',1325,,567,0,16 3 17,0
509,'1477741',1425,,568,0,16 3 17,0
509,'1477742',1525,,569,0,16 3 17,0
509,'1477743',1640,,570,0,16 3 17,0
509,'1477744',1740,,571,0,16 3 17,0
509,'1477745',1840,,572,0,16 3 17,0
