400,'100009',526,,715,5,0,17 3 15 7 16,0,30,,694,5,0,17 3 15 7 16,0,70,,686,5,0,17 3 15 7 16,0,18,,713,5,0,17 3 15 7 16,0,12,,695,5,0,17 3 15 7 16,0,70,,687,5,0,17 3 15 7 16,0,30,,696,5,0,17 3 15 7 16,0,80,,688,5,0,17 3 15 7 16,0,69,,714,5,0,17 3 15 7 16,0,31,,689,5,0,17 3 15 7 16,0,70,,710,5,0,17 3 15 7 16,0,30,,690,5,0,17 3 15 7 16,0,70,,711,5,0,17 3 15 7 16,0,30,,691,5,0,17 3 15 7 16,0,70,,712,5,0,17 3 15 7 16,0,38,,692,5,0,17 3 15 7 16,0,75,,717,5,0,17 3 15 7 16,0,35,,693,5,0,17 3 15 7 16,0,75,,697,5,0,17 3 15 7 16,0,75,,716,5,0,17 3 15 7 16,0,35,,698,5,0,17 3 15 7 16,0,75,,699,5,0,17 3 15 7 16,0,40,,705,5,0,17 3 15 7 16,0,85,,700,5,0,17 3 15 7 16,0,70,,706,5,0,17 3 15 7 16,0,30,,701,5,0,17 3 15 7 16,0,70,,707,5,0,17 3 15 7 16,0,30,,702,5,0,17 3 15 7 16,0,85,,708,5,0,17 3 15 7 16,0,30,,703,5,0,17 3 15 7 16,0,70,,709,5,0,17 3 15 7 16,0,30,,704,5,0,17 3 15 7 16,0,70,,718,5,0,17 3 15 7 16,0,30,,719,5,0,17 3 15 7 16,0
400,'100010',526,,749,5,0,17 3 15 7 16,0,30,,728,5,0,17 3 15 7 16,0,70,,720,5,0,17 3 15 7 16,0,18,,747,5,0,17 3 15 7 16,0,12,,729,5,0,17 3 15 7 16,0,70,,721,5,0,17 3 15 7 16,0,30,,730,5,0,17 3 15 7 16,0,80,,722,5,0,17 3 15 7 16,0,69,,748,5,0,17 3 15 7 16,0,31,,723,5,0,17 3 15 7 16,0,70,,744,5,0,17 3 15 7 16,0,30,,724,5,0,17 3 15 7 16,0,70,,745,5,0,17 3 15 7 16,0,30,,725,5,0,17 3 15 7 16,0,70,,746,5,0,17 3 15 7 16,0,38,,726,5,0,17 3 15 7 16,0,75,,751,5,0,17 3 15 7 16,0,35,,727,5,0,17 3 15 7 16,0,75,,731,5,0,17 3 15 7 16,0,75,,750,5,0,17 3 15 7 16,0,35,,732,5,0,17 3 15 7 16,0,75,,733,5,0,17 3 15 7 16,0,40,,739,5,0,17 3 15 7 16,0,85,,734,5,0,17 3 15 7 16,0,70,,740,5,0,17 3 15 7 16,0,30,,735,5,0,17 3 15 7 16,0,70,,741,5,0,17 3 15 7 16,0,30,,736,5,0,17 3 15 7 16,0,85,,742,5,0,17 3 15 7 16,0,30,,737,5,0,17 3 15 7 16,0,70,,743,5,0,17 3 15 7 16,0,30,,738,5,0,17 3 15 7 16,0,70,,752,5,0,17 3 15 7 16,0,30,,753,5,0,17 3 15 7 16,0
400,'100012',734,,754,5,0,17 3 15 7 16,0,70,,767,5,0,17 3 15 7 16,0,30,,755,5,0,17 3 15 7 16,0,70,,768,5,0,17 3 15 7 16,0,30,,756,5,0,17 3 15 7 16,0,70,,769,5,0,17 3 15 7 16,0,30,,757,5,0,17 3 15 7 16,0,70,,770,5,0,17 3 15 7 16,0,30,,758,5,0,17 3 15 7 16,0,70,,771,5,0,17 3 15 7 16,0,45,,759,5,0,17 3 15 7 16,0,70,,772,5,0,17 3 15 7 16,0,30,,760,5,0,17 3 15 7 16,0,70,,773,5,0,17 3 15 7 16,0,30,,761,5,0,17 3 15 7 16,0,70,,774,5,0,17 3 15 7 16,0,30,,762,5,0,17 3 15 7 16,0,85,,775,5,0,17 3 15 7 16,0,70,,763,5,0,17 3 15 7 16,0,30,,776,5,0,17 3 15 7 16,0,70,,764,5,0,17 3 15 7 16,0,30,,766,5,0,17 3 15 7 16,0,70,,765,5,0,17 3 15 7 16,0
400,'100013',734,,777,5,0,17 3 15 7 16,0,70,,778,5,0,17 3 15 7 16,0,30,,779,5,0,17 3 15 7 16,0,70,,780,5,0,17 3 15 7 16,0,30,,781,5,0,17 3 15 7 16,0,70,,782,5,0,17 3 15 7 16,0,30,,783,5,0,17 3 15 7 16,0,70,,784,5,0,17 3 15 7 16,0,30,,785,5,0,17 3 15 7 16,0,70,,786,5,0,17 3 15 7 16,0,45,,787,5,0,17 3 15 7 16,0,70,,788,5,0,17 3 15 7 16,0,30,,789,5,0,17 3 15 7 16,0,70,,790,5,0,17 3 15 7 16,0,30,,791,5,0,17 3 15 7 16,0,70,,792,5,0,17 3 15 7 16,0,30,,793,5,0,17 3 15 7 16,0,85,,795,5,0,17 3 15 7 16,0,70,,796,5,0,17 3 15 7 16,0,30,,797,5,0,17 3 15 7 16,0,70,,798,5,0,17 3 15 7 16,0,30,,799,5,0,17 3 15 7 16,0,70,,794,5,0,17 3 15 7 16,0
800,'100009',555,,1085,5,0,14 3 15 7 16,0,70,,1070,5,0,14 3 15 7 16,0,30,,1086,5,0,14 3 15 7 16,0,70,,1071,5,0,14 3 15 7 16,0,30,,1087,5,0,14 3 15 7 16,0,80,,1088,5,0,14 3 15 7 16,0,70,,1072,5,0,14 3 15 7 16,0,30,,1096,5,0,14 3 15 7 16,0,70,,1073,5,0,14 3 15 7 16,0,30,,1097,5,0,14 3 15 7 16,0,70,,1074,5,0,14 3 15 7 16,0,30,,1098,5,0,14 3 15 7 16,0,70,,1075,5,0,14 3 15 7 16,0,39,,1099,5,0,14 3 15 7 16,0,75,,1076,5,0,14 3 15 7 16,0,35,,1089,5,0,14 3 15 7 16,0,75,,1077,5,0,14 3 15 7 16,0,75,,1078,5,0,14 3 15 7 16,0,35,,1090,5,0,14 3 15 7 16,0,75,,1079,5,0,14 3 15 7 16,0,40,,1091,5,0,14 3 15 7 16,0,84,,1080,5,0,14 3 15 7 16,0,70,,1092,5,0,14 3 15 7 16,0,30,,1081,5,0,14 3 15 7 16,0,70,,1093,5,0,14 3 15 7 16,0,30,,1082,5,0,14 3 15 7 16,0,85,,1094,5,0,14 3 15 7 16,0,30,,1083,5,0,14 3 15 7 16,0,70,,1095,5,0,14 3 15 7 16,0,30,,1084,5,0,14 3 15 7 16,0,70,,1101,5,0,14 3 15 7 16,0,28,,1100,5,0,14 3 15 7 16,0
800,'100010',555,,1117,5,0,14 3 15 7 16,0,70,,1102,5,0,14 3 15 7 16,0,30,,1118,5,0,14 3 15 7 16,0,70,,1103,5,0,14 3 15 7 16,0,30,,1119,5,0,14 3 15 7 16,0,80,,1120,5,0,14 3 15 7 16,0,70,,1104,5,0,14 3 15 7 16,0,30,,1128,5,0,14 3 15 7 16,0,70,,1105,5,0,14 3 15 7 16,0,30,,1129,5,0,14 3 15 7 16,0,70,,1106,5,0,14 3 15 7 16,0,30,,1130,5,0,14 3 15 7 16,0,70,,1107,5,0,14 3 15 7 16,0,39,,1131,5,0,14 3 15 7 16,0,75,,1108,5,0,14 3 15 7 16,0,35,,1121,5,0,14 3 15 7 16,0,75,,1109,5,0,14 3 15 7 16,0,75,,1110,5,0,14 3 15 7 16,0,35,,1122,5,0,14 3 15 7 16,0,75,,1111,5,0,14 3 15 7 16,0,40,,1123,5,0,14 3 15 7 16,0,84,,1112,5,0,14 3 15 7 16,0,70,,1124,5,0,14 3 15 7 16,0,30,,1113,5,0,14 3 15 7 16,0,70,,1125,5,0,14 3 15 7 16,0,30,,1114,5,0,14 3 15 7 16,0,85,,1126,5,0,14 3 15 7 16,0,30,,1115,5,0,14 3 15 7 16,0,70,,1127,5,0,14 3 15 7 16,0,30,,1116,5,0,14 3 15 7 16,0,70,,1133,5,0,14 3 15 7 16,0,28,,1132,5,0,14 3 15 7 16,0
800,'100012',733,,1134,5,0,14 3 15 7 16,0,100,,1135,5,0,14 3 15 7 16,0,100,,1136,5,0,14 3 15 7 16,0,100,,1137,5,0,14 3 15 7 16,0,100,,1138,5,0,14 3 15 7 16,0,115,,1139,5,0,14 3 15 7 16,0,100,,1140,5,0,14 3 15 7 16,0,100,,1141,5,0,14 3 15 7 16,0,100,,1142,5,0,14 3 15 7 16,0,155,,1143,5,0,14 3 15 7 16,0,100,,1144,5,0,14 3 15 7 16,0,100,,1145,5,0,14 3 15 7 16,0
800,'100013',733,,1146,5,0,14 3 15 7 16,0,100,,1147,5,0,14 3 15 7 16,0,100,,1148,5,0,14 3 15 7 16,0,100,,1149,5,0,14 3 15 7 16,0,100,,1150,5,0,14 3 15 7 16,0,115,,1151,5,0,14 3 15 7 16,0,100,,1152,5,0,14 3 15 7 16,0,100,,1153,5,0,14 3 15 7 16,0,100,,1154,5,0,14 3 15 7 16,0,155,,1155,5,0,14 3 15 7 16,0,100,,1156,5,0,14 3 15 7 16,0,100,,1157,5,0,14 3 15 7 16,0
5201,'100010',734,,1365,5,0,7 8 9,0
5400,'100010',725,,1370,5,0,7 18,0
