301,'100009',536,,626,20,0,15 7 16 3 17,0,70,,627,20,0,15 7 16 3 17,0,30,,628,20,0,15 7 16 3 17,0,70,,629,20,0,15 7 16 3 17,0,30,,630,20,0,15 7 16 3 17,0,10,,631,20,0,15 7 16 3 17,0,60,,636,20,0,15 7 16 3 17,0,40,,632,20,0,15 7 16 3 17,0,70,,637,20,0,15 7 16 3 17,0,30,,633,20,0,15 7 16 3 17,0,70,,638,20,0,15 7 16 3 17,0,30,,634,20,0,15 7 16 3 17,0,70,,639,20,0,15 7 16 3 17,0,30,,635,20,0,15 7 16 3 17,0,70,,640,20,0,15 7 16 3 17,0,39,,641,20,0,15 7 16 3 17,0,75,,642,20,0,15 7 16 3 17,0,75,,643,20,0,15 7 16 3 17,0,14,,644,20,0,15 7 16 3 17,0,21,,645,20,0,15 7 16 3 17,0,75,,646,20,0,15 7 16 3 17,0,5,,661,20,0,15 7 16 3 17,0,30,,647,20,0,15 7 16 3 17,0,75,,648,20,0,15 7 16 3 17,0,80,,649,20,0,15 7 16 3 17,0,44,,650,20,0,15 7 16 3 17,0,70,,651,20,0,15 7 16 3 17,0,30,,652,20,0,15 7 16 3 17,0,70,,653,20,0,15 7 16 3 17,0,30,,654,20,0,15 7 16 3 17,0,85,,655,20,0,15 7 16 3 17,0,70,,656,20,0,15 7 16 3 17,0,30,,657,20,0,15 7 16 3 17,0,70,,658,20,0,15 7 16 3 17,0,30,,659,20,0,15 7 16 3 17,0,70,,660,20,0,15 7 16 3 17,0
301,'100010',741,,665,20,0,15 7 16 3 17,0,100,,666,20,0,15 7 16 3 17,0,100,,667,20,0,15 7 16 3 17,0,101,,668,20,0,15 7 16 3 17,0,100,,669,20,0,15 7 16 3 17,0,115,,670,20,0,15 7 16 3 17,0,100,,671,20,0,15 7 16 3 17,0,100,,672,20,0,15 7 16 3 17,0,100,,673,20,0,15 7 16 3 17,0,155,,664,20,0,15 7 16 3 17,0,100,,662,20,0,15 7 16 3 17,0,100,,663,20,0,15 7 16 3 17,0
301,'100011',741,,2267,20,0,15 7 16 3 17,0,100,,2268,20,0,15 7 16 3 17,0,100,,2269,20,0,15 7 16 3 17,0,101,,2270,20,0,15 7 16 3 17,0,100,,2271,20,0,15 7 16 3 17,0,115,,2272,20,0,15 7 16 3 17,0,100,,2273,20,0,15 7 16 3 17,0,100,,2274,20,0,15 7 16 3 17,0,100,,2275,20,0,15 7 16 3 17,0,155,,2266,20,0,15 7 16 3 17,0,100,,2264,20,0,15 7 16 3 17,0,100,,2265,20,0,15 7 16 3 17,0,100,,2276,20,0,15 7 16 3 17,0
301,'100012',741,,2280,20,0,15 7 16 3 17,0,100,,2281,20,0,15 7 16 3 17,0,100,,2282,20,0,15 7 16 3 17,0,101,,2283,20,0,15 7 16 3 17,0,100,,2284,20,0,15 7 16 3 17,0,115,,2285,20,0,15 7 16 3 17,0,100,,2286,20,0,15 7 16 3 17,0,100,,2287,20,0,15 7 16 3 17,0,100,,2288,20,0,15 7 16 3 17,0,155,,2279,20,0,15 7 16 3 17,0,100,,2277,20,0,15 7 16 3 17,0,100,,2278,20,0,15 7 16 3 17,0
301,'100013',536,,2289,20,0,15 7 16 3 17,0,70,,2290,20,0,15 7 16 3 17,0,30,,2291,20,0,15 7 16 3 17,0,70,,2292,20,0,15 7 16 3 17,0,30,,2293,20,0,15 7 16 3 17,0,10,,2294,20,0,15 7 16 3 17,0,60,,2299,20,0,15 7 16 3 17,0,40,,2295,20,0,15 7 16 3 17,0,70,,2300,20,0,15 7 16 3 17,0,30,,2296,20,0,15 7 16 3 17,0,70,,2301,20,0,15 7 16 3 17,0,30,,2297,20,0,15 7 16 3 17,0,70,,2302,20,0,15 7 16 3 17,0,30,,2298,20,0,15 7 16 3 17,0,70,,2303,20,0,15 7 16 3 17,0,39,,2304,20,0,15 7 16 3 17,0,75,,2305,20,0,15 7 16 3 17,0,75,,2306,20,0,15 7 16 3 17,0,14,,2307,20,0,15 7 16 3 17,0,21,,2308,20,0,15 7 16 3 17,0,75,,2309,20,0,15 7 16 3 17,0,5,,2324,20,0,15 7 16 3 17,0,30,,2310,20,0,15 7 16 3 17,0,75,,2311,20,0,15 7 16 3 17,0,80,,2312,20,0,15 7 16 3 17,0,44,,2313,20,0,15 7 16 3 17,0,70,,2314,20,0,15 7 16 3 17,0,30,,2315,20,0,15 7 16 3 17,0,70,,2316,20,0,15 7 16 3 17,0,30,,2317,20,0,15 7 16 3 17,0,85,,2318,20,0,15 7 16 3 17,0,70,,2319,20,0,15 7 16 3 17,0,30,,2320,20,0,15 7 16 3 17,0,70,,2321,20,0,15 7 16 3 17,0,30,,2322,20,0,15 7 16 3 17,0,70,,2323,20,0,15 7 16 3 17,0
301,'100014',536,,2325,20,0,15 7 16 3 17,0,70,,2326,20,0,15 7 16 3 17,0,30,,2327,20,0,15 7 16 3 17,0,70,,2328,20,0,15 7 16 3 17,0,30,,2329,20,0,15 7 16 3 17,0,10,,2330,20,0,15 7 16 3 17,0,60,,2335,20,0,15 7 16 3 17,0,40,,2331,20,0,15 7 16 3 17,0,70,,2336,20,0,15 7 16 3 17,0,30,,2332,20,0,15 7 16 3 17,0,70,,2337,20,0,15 7 16 3 17,0,30,,2333,20,0,15 7 16 3 17,0,70,,2338,20,0,15 7 16 3 17,0,30,,2334,20,0,15 7 16 3 17,0,70,,2339,20,0,15 7 16 3 17,0,39,,2340,20,0,15 7 16 3 17,0,75,,2341,20,0,15 7 16 3 17,0,75,,2342,20,0,15 7 16 3 17,0,14,,2343,20,0,15 7 16 3 17,0,21,,2344,20,0,15 7 16 3 17,0,75,,2345,20,0,15 7 16 3 17,0,5,,2360,20,0,15 7 16 3 17,0,30,,2346,20,0,15 7 16 3 17,0,75,,2347,20,0,15 7 16 3 17,0,80,,2348,20,0,15 7 16 3 17,0,44,,2349,20,0,15 7 16 3 17,0,70,,2350,20,0,15 7 16 3 17,0,30,,2351,20,0,15 7 16 3 17,0,70,,2352,20,0,15 7 16 3 17,0,30,,2353,20,0,15 7 16 3 17,0,85,,2354,20,0,15 7 16 3 17,0,70,,2355,20,0,15 7 16 3 17,0,30,,2356,20,0,15 7 16 3 17,0,70,,2357,20,0,15 7 16 3 17,0,30,,2358,20,0,15 7 16 3 17,0,70,,2359,20,0,15 7 16 3 17,0
301,'100015',741,,2364,20,0,15 7 16 3 17,0,100,,2365,20,0,15 7 16 3 17,0,100,,2366,20,0,15 7 16 3 17,0,101,,2367,20,0,15 7 16 3 17,0,100,,2368,20,0,15 7 16 3 17,0,115,,2369,20,0,15 7 16 3 17,0,100,,2370,20,0,15 7 16 3 17,0,100,,2371,20,0,15 7 16 3 17,0,100,,2372,20,0,15 7 16 3 17,0,155,,2361,20,0,15 7 16 3 17,0,100,,2362,20,0,15 7 16 3 17,0,100,,2363,20,0,15 7 16 3 17,0
5201,'100009',748,,1365,38,0,7 8 9,0
5201,'100013',748,,3169,38,0,7 8 9,0
5400,'100009',745,,1370,38,0,7 18,0
5400,'100013',745,,3174,38,0,7 18,0
