101,'100009',527,,1208,,,0,20,,1231,,,0,60,,1212,,,0,20,,1211,,,0,20,,1232,,,0,60,,1213,,,0,20,,1210,,,0,20,,1233,,,0,60,,1214,,,0,20,,1207,,,0,20,,1234,,,0,60,,1215,,,0,20,,1209,,,0,80,,1216,,,0,30,,1227,,,0,70,,1217,,,0,30,,1228,,,0,70,,1218,,,0,30,,1229,,,0,70,,1219,,,0,40,,1220,,,0,70,,1246,,,0,30,,1221,,,0,60,,1242,,,0,20,,1240,,,0,20,,1222,,,0,60,,1243,,,0,20,,1239,,,0,20,,1223,,,0,60,,1244,,,0,20,,1238,,,0,20,,1224,,,0,60,,1245,,,0,20,,1237,,,0,20,,1225,,,0,60,,1241,,,0,20,,1236,,,0,20,,1226,,,0,78,,1235,,,0,30,,1230,,,0,70,,1247,,,0,30,,1248,,,0,69,,1250,,,0,30,,1249,,,0
101,'100010',547,,1265,,,0,60,,1251,,,0,40,,1266,,,0,60,,1252,,,0,40,,1267,,,0,60,,1253,,,0,40,,1268,,,0,60,,1254,,,0,100,,1255,,,0,100,,1256,,,0,100,,1257,,,0,100,,1258,,,0,110,,1280,,,0,90,,1276,,,0,20,,1274,,,0,20,,1259,,,0,60,,1277,,,0,20,,1273,,,0,20,,1260,,,0,60,,1278,,,0,20,,1272,,,0,20,,1261,,,0,60,,1279,,,0,20,,1271,,,0,20,,1262,,,0,60,,1275,,,0,20,,1270,,,0,20,,1263,,,0,78,,1269,,,0,30,,1264,,,0,70,,1281,,,0,30,,1282,,,0,69,,1284,,,0,30,,1283,,,0
101,'100011',527,,1286,,,0,100,,1289,,,0,100,,1288,,,0,100,,1285,,,0,100,,1287,,,0,110,,1292,,,0,100,,1293,,,0,100,,1294,,,0,110,,1290,,,0,100,,1291,,,0
101,'100012',733,,1318,,,0,70,,1295,,,0,30,,1307,,,0,70,,1296,,,0,30,,1308,,,0,70,,1297,,,0,30,,1309,,,0,70,,1298,,,0,30,,1310,,,0,70,,1299,,,0,30,,1311,,,0,70,,1301,,,0,30,,1312,,,0,70,,1300,,,0,30,,1313,,,0,70,,1303,,,0,30,,1314,,,0,70,,1302,,,0,30,,1315,,,0,70,,1304,,,0,30,,1316,,,0,70,,1305,,,0,30,,1317,,,0,70,,1306,,,0
101,'100013',803,,1319,,,0,100,,1320,,,0,100,,1321,,,0,100,,1322,,,0,100,,1323,,,0,100,,1324,,,0,100,,1325,,,0,100,,1326,,,0,100,,1327,,,0,100,,1328,,,0,100,,1329,,,0,100,,1330,,,0
101,'100037',527,,1332,,,0,100,,1335,,,0,100,,1334,,,0,100,,1331,,,0,100,,1333,,,0,110,,1338,,,0,100,,1339,,,0,100,,1340,,,0,110,,1336,,,0,100,,1337,,,0
201,'100009',526,,1453,,,0,30,,1462,,,0,70,,1454,,,0,30,,1463,,,0,70,,1455,,,0,30,,1464,,,0,80,,1456,,,0,70,,1465,,,0,30,,1457,,,0,70,,1466,,,0,30,,1458,,,0,70,,1467,,,0,30,,1459,,,0,70,,1468,,,0,38,,1460,,,0,75,,1469,,,0,35,,1461,,,0,75,,1470,,,0,75,,1478,,,0,35,,1471,,,0,75,,1479,,,0,40,,1472,,,0,85,,1473,,,0,70,,1480,,,0,30,,1474,,,0,70,,1481,,,0,30,,1475,,,0,85,,1482,,,0,30,,1476,,,0,70,,1483,,,0,30,,1477,,,0,70,,1484,,,0,30,,1485,,,0,70,,1486,,,0
201,'100010',526,,1487,,,0,30,,1496,,,0,70,,1488,,,0,30,,1497,,,0,70,,1489,,,0,30,,1498,,,0,80,,1490,,,0,70,,1499,,,0,30,,1491,,,0,70,,1500,,,0,30,,1492,,,0,70,,1501,,,0,30,,1493,,,0,70,,1502,,,0,38,,1494,,,0,75,,1503,,,0,35,,1495,,,0,75,,1504,,,0,75,,1512,,,0,35,,1505,,,0,75,,1513,,,0,40,,1506,,,0,85,,1507,,,0,70,,1514,,,0,30,,1508,,,0,70,,1515,,,0,30,,1509,,,0,85,,1516,,,0,30,,1510,,,0,70,,1517,,,0,30,,1511,,,0,70,,1518,,,0,30,,1519,,,0,70,,1520,,,0
201,'100012',704,,1544,,,0,30,,1543,,,0,70,,1522,,,0,30,,1521,,,0,70,,1523,,,0,30,,1524,,,0,70,,1525,,,0,30,,1526,,,0,70,,1527,,,0,30,,1528,,,0,70,,1529,,,0,45,,1530,,,0,70,,1531,,,0,30,,1532,,,0,70,,1533,,,0,30,,1534,,,0,70,,1535,,,0,30,,1536,,,0,85,,1537,,,0,70,,1538,,,0,30,,1539,,,0,70,,1540,,,0,30,,1541,,,0,70,,1542,,,0
201,'100013',734,,1545,,,0,70,,1546,,,0,30,,1547,,,0,70,,1548,,,0,30,,1549,,,0,70,,1550,,,0,30,,1551,,,0,70,,1552,,,0,30,,1553,,,0,70,,1554,,,0,45,,1555,,,0,70,,1556,,,0,30,,1557,,,0,70,,1558,,,0,30,,1559,,,0,70,,1560,,,0,30,,1561,,,0,85,,1563,,,0,70,,1564,,,0,30,,1565,,,0,70,,1566,,,0,30,,1567,,,0,70,,1562,,,0
600,'100009',525,,1970,,,0,30,,1960,,,0,58,,1988,,,0,12,,1971,,,0,30,,1961,,,0,58,,1989,,,0,12,,1972,,,0,30,,1962,,,0,80,,1963,,,0,70,,1980,,,0,30,,1964,,,0,70,,1981,,,0,30,,1965,,,0,70,,1990,,,0,30,,1966,,,0,70,,1991,,,0,39,,1967,,,0,75,,1992,,,0,35,,1968,,,0,75,,1973,,,0,75,,1969,,,0,35,,1982,,,0,75,,1974,,,0,40,,1983,,,0,84,,1975,,,0,70,,1984,,,0,30,,1976,,,0,70,,1985,,,0,30,,1977,,,0,85,,1986,,,0,30,,1978,,,0,70,,1987,,,0,30,,1979,,,0,70,,1994,,,0,30,,1993,,,0
600,'100010',525,,2005,,,0,30,,1995,,,0,58,,2023,,,0,12,,2006,,,0,30,,1996,,,0,58,,2024,,,0,12,,2007,,,0,30,,1997,,,0,80,,1998,,,0,70,,2015,,,0,30,,1999,,,0,70,,2016,,,0,30,,2000,,,0,70,,2025,,,0,30,,2001,,,0,70,,2026,,,0,39,,2002,,,0,75,,2027,,,0,35,,2003,,,0,75,,2008,,,0,75,,2004,,,0,35,,2017,,,0,75,,2009,,,0,40,,2018,,,0,84,,2010,,,0,70,,2019,,,0,30,,2011,,,0,70,,2020,,,0,30,,2012,,,0,85,,2021,,,0,30,,2013,,,0,70,,2022,,,0,30,,2014,,,0,70,,2029,,,0,30,,2028,,,0
600,'100012',733,,2030,,,0,100,,2031,,,0,100,,2032,,,0,100,,2033,,,0,100,,2034,,,0,115,,2035,,,0,100,,2036,,,0,100,,2037,,,0,100,,2038,,,0,155,,2039,,,0,100,,2040,,,0,100,,2041,,,0
600,'100013',733,,2042,,,0,100,,2043,,,0,100,,2044,,,0,100,,2045,,,0,100,,2046,,,0,115,,2047,,,0,100,,2048,,,0,100,,2049,,,0,100,,2050,,,0,155,,2051,,,0,100,,2052,,,0,100,,2053,,,0
5300,'100010',752,,2441,,,0
