2109,'1476941',823,,744,0,10 11,0
2109,'1476942',858,,745,0,10 11,0
2109,'1476943',933,,746,0,10 11,0
2109,'1476944',1008,,747,0,10 11,0
2109,'1476945',1043,,748,0,10 11,0
2109,'1476946',1118,,749,0,10 11,0
2109,'1476947',1153,,750,0,10 11,0
2109,'1476948',1228,,751,0,10 11,0
2109,'1476949',1303,,752,0,10 11,0
2109,'1476950',1338,,753,0,10 11,0
2109,'1476951',1413,,754,0,10 11,0
2109,'1476952',1448,,755,0,10 11,0
2109,'1476953',1523,,756,0,10 11,0
2109,'1476954',1558,,757,0,10 11,0
2109,'1476955',1633,,758,0,10 11,0
2109,'1476956',1708,,759,0,10 11,0
2109,'1476957',1743,,760,0,10 11,0
2109,'1476958',1823,,761,0,10 11,0
2109,'1476959',1858,,762,0,10 11,0
2109,'1476960',1933,,763,0,10 11,0
2109,'1477212',720,,791,0,10 11,0
2109,'1477213',830,,792,0,10 11,0
2109,'1477214',939,,793,0,10 11,0
2109,'1477215',1049,,794,0,10 11,0
2109,'1477216',1159,,795,0,10 11,0
2109,'1477217',1312,,796,0,10 11,0
2109,'1477218',1422,,797,0,10 11,0
2109,'1477225',1532,,804,0,10 11,0
2109,'1477226',1642,,805,0,10 11,0
2109,'1477227',1756,,806,0,10 11,0
2109,'1477228',1906,,807,0,10 11,0
2109,'1477229',2016,,808,0,10 11,0
2109,'1477230',2135,,809,0,10 11,0
2109,'1477245',2205,,824,0,10 11,0
2109,'1477246',645,,825,0,10 11,0
2109,'1477247',755,,826,0,10 11,0
2109,'1477248',905,,827,0,10 11,0
2109,'1477249',1014,,828,0,10 11,0
2109,'1477250',1124,,829,0,10 11,0
2109,'1477251',1237,,830,0,10 11,0
2109,'1477252',1347,,831,0,10 11,0
2109,'1477253',1457,,832,0,10 11,0
2109,'1477254',1608,,833,0,10 11,0
2109,'1477255',1717,,834,0,10 11,0
2109,'1477256',1833,,835,0,10 11,0
2109,'1477257',1945,,836,0,10 11,0
2109,'1477258',2055,,837,0,10 11,0
2109,'1477261',2235,,840,0,10 11,0
2109,'1477262',2305,,841,0,10 11,0
2109,'1477263',2335,,842,0,10 11,0
2109,'1478076',1933,,844,0,10 11,0
2109,'1478084',858,,852,0,10 11,0
2109,'1478085',1008,,853,0,10 11,0
2109,'1478086',1228,,854,0,10 11,0
2109,'1478087',1338,,855,0,10 11,0
2109,'1478088',1448,,856,0,10 11,0
2109,'1478089',1708,,857,0,10 11,0
2109,'1478090',1823,,858,0,10 11,0
2109,'1478099',823,,867,0,10 11,0
2109,'1478100',933,,868,0,10 11,0
2109,'1478101',1153,,869,0,10 11,0
2109,'1478102',1303,,870,0,10 11,0
2109,'1478103',1413,,871,0,10 11,0
2109,'1478104',1633,,872,0,10 11,0
2109,'1478105',1743,,873,0,10 11,0
2109,'1478106',1858,,874,0,10 11,0
2109,'1478109',1558,,877,0,10 11,0
2109,'1478110',1118,,878,0,10 11,0
2109,'1478112',1043,,880,0,10 11,0
2109,'1478115',1523,,883,0,10 11,0
