5400,'100009',758,,1370,52,0,7 18,0
5400,'100013',758,,3174,52,0,7 18,0
5401,'100009',1446,,1371,9,0,7 18,0
5401,'100013',1446,,3175,9,0,7 18,0
2000900,'100009',558,,1550,17,,,0,60,,1551,17,,,0,30,,1552,17,,,0,70,,1553,17,,,0,30,,1554,17,,,0,60,,1555,17,,,0,40,,1556,17,,,0,62,,1581,17,,,0,28,,1557,17,,,0,70,,1558,17,,,0,20,,1559,17,,,0,30,,1560,17,,,0,70,,1561,17,,,0,30,,1562,17,,,0,70,,1563,17,,,0,30,,1564,17,,,0,70,,1565,17,,,0,30,,1566,17,,,0,72,,1567,17,,,0,71,,1568,17,,,0,30,,1569,17,,,0,74,,1570,17,,,0,24,,1571,17,,,0,72,,1572,17,,,0,38,,1573,17,,,0,70,,1574,17,,,0,30,,1575,17,,,0,70,,1576,17,,,0,30,,1577,17,,,0,65,,1578,17,,,0,32,,1579,17,,,0,74,,1580,17,,,0,45,,1582,17,,,0,75,,1583,17,,,0,76,,1584,17,,,0
2000900,'100010',808,,1585,17,,,0,40,,1586,17,,,0,80,,1587,17,,,0,80,,1588,17,,,0,40,,1589,17,,,0,80,,1590,17,,,0,80,,1591,17,,,0,40,,1592,17,,,0,85,,1593,17,,,0,80,,1594,17,,,0,41,,1595,17,,,0,80,,1596,17,,,0,85,,1597,17,,,0,40,,1598,17,,,0,80,,1599,17,,,0,80,,1600,17,,,0,40,,1601,17,,,0
2000900,'100011',808,,3305,17,,,0,40,,3306,17,,,0,80,,3307,17,,,0,80,,3308,17,,,0,40,,3309,17,,,0,80,,3310,17,,,0,80,,3311,17,,,0,40,,3312,17,,,0,85,,3313,17,,,0,80,,3314,17,,,0,41,,3315,17,,,0,80,,3316,17,,,0,85,,3317,17,,,0,40,,3318,17,,,0,80,,3319,17,,,0,80,,3320,17,,,0,40,,3321,17,,,0,80,,3323,17,,,0,80,,3322,17,,,0
2000900,'100012',808,,3324,17,,,0,40,,3325,17,,,0,80,,3326,17,,,0,80,,3327,17,,,0,40,,3328,17,,,0,80,,3329,17,,,0,80,,3330,17,,,0,40,,3331,17,,,0,85,,3332,17,,,0,80,,3333,17,,,0,41,,3334,17,,,0,80,,3335,17,,,0,85,,3336,17,,,0,40,,3337,17,,,0,80,,3338,17,,,0,80,,3339,17,,,0,40,,3340,17,,,0
2000900,'100013',558,,3341,17,,,0,60,,3342,17,,,0,30,,3343,17,,,0,70,,3344,17,,,0,30,,3345,17,,,0,60,,3346,17,,,0,40,,3347,17,,,0,62,,3372,17,,,0,28,,3348,17,,,0,70,,3349,17,,,0,20,,3350,17,,,0,30,,3351,17,,,0,70,,3352,17,,,0,30,,3353,17,,,0,70,,3354,17,,,0,30,,3355,17,,,0,70,,3356,17,,,0,30,,3357,17,,,0,72,,3358,17,,,0,71,,3359,17,,,0,30,,3360,17,,,0,74,,3361,17,,,0,24,,3362,17,,,0,72,,3363,17,,,0,38,,3364,17,,,0,70,,3365,17,,,0,30,,3366,17,,,0,70,,3367,17,,,0,30,,3368,17,,,0,65,,3369,17,,,0,32,,3370,17,,,0,74,,3371,17,,,0,45,,3373,17,,,0,75,,3374,17,,,0,76,,3375,17,,,0
2000900,'100014',558,,3376,17,,,0,60,,3377,17,,,0,30,,3378,17,,,0,70,,3379,17,,,0,30,,3380,17,,,0,60,,3381,17,,,0,40,,3382,17,,,0,62,,3407,17,,,0,28,,3383,17,,,0,70,,3384,17,,,0,20,,3385,17,,,0,30,,3386,17,,,0,70,,3387,17,,,0,30,,3388,17,,,0,70,,3389,17,,,0,30,,3390,17,,,0,70,,3391,17,,,0,30,,3392,17,,,0,72,,3393,17,,,0,71,,3394,17,,,0,30,,3395,17,,,0,74,,3396,17,,,0,24,,3397,17,,,0,72,,3398,17,,,0,38,,3399,17,,,0,70,,3400,17,,,0,30,,3401,17,,,0,70,,3402,17,,,0,30,,3403,17,,,0,65,,3404,17,,,0,32,,3405,17,,,0,74,,3406,17,,,0,45,,3408,17,,,0,75,,3409,17,,,0,76,,3410,17,,,0
2000900,'100015',808,,3411,17,,,0,40,,3412,17,,,0,80,,3413,17,,,0,80,,3414,17,,,0,40,,3415,17,,,0,80,,3416,17,,,0,80,,3417,17,,,0,40,,3418,17,,,0,85,,3419,17,,,0,80,,3420,17,,,0,41,,3421,17,,,0,80,,3422,17,,,0,85,,3423,17,,,0,40,,3424,17,,,0,80,,3425,17,,,0,80,,3426,17,,,0,40,,3427,17,,,0
