500,'100012',820,,3916,40,,,0,100,,3917,40,,,0,100,,3918,40,,,0,100,,3919,40,,,0,100,,3920,40,,,0,115,,3921,40,,,0,100,,3922,40,,,0,100,,3923,40,,,0,115,,3924,40,,,0,100,,3925,40,,,0,100,,3926,40,,,0
500,'100013',820,,3927,40,,,0,100,,3928,40,,,0,100,,3929,40,,,0,100,,3930,40,,,0,100,,3931,40,,,0,115,,3932,40,,,0,100,,3933,40,,,0,100,,3934,40,,,0,115,,3935,40,,,0,100,,3936,40,,,0,100,,3937,40,,,0
500,'100014',612,,3938,40,,,0,30,,3954,40,,,0,70,,3939,40,,,0,30,,3955,40,,,0,70,,3940,40,,,0,40,,3941,40,,,0,70,,3963,40,,,0,30,,3942,40,,,0,70,,3966,40,,,0,30,,3943,40,,,0,70,,3965,40,,,0,30,,3944,40,,,0,70,,3967,40,,,0,82,,3945,40,,,0,35,,3964,40,,,0,75,,3946,40,,,0,35,,3956,40,,,0,75,,3947,40,,,0,35,,3957,40,,,0,75,,3948,40,,,0,80,,3949,40,,,0,41,,3958,40,,,0,70,,3950,40,,,0,30,,3959,40,,,0,70,,3951,40,,,0,30,,3960,40,,,0,85,,3952,40,,,0,70,,3961,40,,,0,30,,3953,40,,,0,70,,3962,40,,,0,30,,3968,40,,,0,70,,3969,40,,,0
700,'100012',823,,4029,37,,,0,100,,4030,37,,,0,100,,4031,37,,,0,100,,4032,37,,,0,100,,4033,37,,,0,115,,4034,37,,,0,100,,4035,37,,,0,100,,4036,37,,,0,115,,4037,37,,,0,100,,4038,37,,,0,100,,4039,37,,,0
700,'100013',823,,4040,37,,,0,100,,4041,37,,,0,100,,4042,37,,,0,100,,4043,37,,,0,100,,4044,37,,,0,115,,4045,37,,,0,100,,4046,37,,,0,100,,4047,37,,,0,115,,4048,37,,,0,100,,4049,37,,,0,100,,4050,37,,,0
700,'100014',546,,4051,37,,,0,70,,4061,37,,,0,30,,4052,37,,,0,58,,4079,37,,,0,12,,4062,37,,,0,30,,4053,37,,,0,70,,4063,37,,,0,40,,4072,37,,,0,70,,4054,37,,,0,30,,4073,37,,,0,70,,4055,37,,,0,30,,4080,37,,,0,70,,4056,37,,,0,30,,4081,37,,,0,70,,4057,37,,,0,83,,4082,37,,,0,35,,4058,37,,,0,75,,4064,37,,,0,35,,4059,37,,,0,75,,4065,37,,,0,75,,4060,37,,,0,35,,4066,37,,,0,80,,4067,37,,,0,40,,4074,37,,,0,70,,4068,37,,,0,30,,4075,37,,,0,70,,4069,37,,,0,30,,4076,37,,,0,85,,4070,37,,,0,70,,4077,37,,,0,30,,4071,37,,,0,70,,4078,37,,,0,30,,4083,37,,,0,70,,4084,37,,,0
1000900,'100012',758,,4281,30,,,0,80,,4282,30,,,0,80,,4283,30,,,0,40,,4284,30,,,0,80,,4285,30,,,0,81,,4286,30,,,0,40,,4287,30,,,0,85,,4288,30,,,0,80,,4289,30,,,0,81,,4290,30,,,0,40,,4291,30,,,0,80,,4292,30,,,0,80,,4293,30,,,0,40,,4294,30,,,0,85,,4295,30,,,0,80,,4296,30,,,0,40,,4297,30,,,0,80,,4298,30,,,0
1000900,'100013',758,,4299,30,,,0,80,,4300,30,,,0,80,,4301,30,,,0,40,,4302,30,,,0,80,,4303,30,,,0,81,,4304,30,,,0,40,,4305,30,,,0,85,,4306,30,,,0,80,,4307,30,,,0,81,,4308,30,,,0,40,,4309,30,,,0,80,,4310,30,,,0,80,,4311,30,,,0,40,,4312,30,,,0,85,,4313,30,,,0,80,,4314,30,,,0,40,,4315,30,,,0,80,,4316,30,,,0
1000900,'100014',545,,4327,30,,,0,70,,4328,30,,,0,30,,4329,30,,,0,70,,4330,30,,,0,30,,4331,30,,,0,70,,4332,30,,,0,22,,4333,30,,,0,68,,4334,30,,,0,35,,4335,30,,,0,60,,4336,30,,,0,30,,4337,30,,,0,70,,4338,30,,,0,30,,4339,30,,,0,70,,4340,30,,,0,30,,4341,30,,,0,70,,4342,30,,,0,30,,4343,30,,,0,70,,4344,30,,,0,34,,4345,30,,,0,70,,4346,30,,,0,34,,4347,30,,,0,64,,4348,30,,,0,32,,4349,30,,,0,70,,4350,30,,,0,18,,4351,30,,,0,85,,4320,30,,,0,30,,4321,30,,,0,70,,4324,30,,,0,30,,4317,30,,,0,67,,4319,30,,,0,43,,4325,30,,,0,85,,4323,30,,,0,75,,4322,30,,,0,35,,4326,30,,,0,75,,4318,30,,,0
2000900,'100012',820,,4352,28,,,0,80,,4353,28,,,0,40,,4354,28,,,0,80,,4355,28,,,0,80,,4356,28,,,0,40,,4357,28,,,0,80,,4358,28,,,0,80,,4359,28,,,0,45,,4360,28,,,0,80,,4361,28,,,0,81,,4362,28,,,0,40,,4363,28,,,0,85,,4364,28,,,0,80,,4365,28,,,0,40,,4366,28,,,0,80,,4367,28,,,0,80,,4368,28,,,0
2000900,'100013',820,,4369,28,,,0,80,,4370,28,,,0,40,,4371,28,,,0,80,,4372,28,,,0,80,,4373,28,,,0,40,,4374,28,,,0,80,,4375,28,,,0,80,,4376,28,,,0,45,,4377,28,,,0,80,,4378,28,,,0,81,,4379,28,,,0,40,,4380,28,,,0,85,,4381,28,,,0,80,,4382,28,,,0,40,,4383,28,,,0,80,,4384,28,,,0,80,,4385,28,,,0
2000900,'100014',610,,4386,28,,,0,20,,4387,28,,,0,70,,4388,28,,,0,30,,4389,28,,,0,70,,4390,28,,,0,20,,4391,28,,,0,80,,4392,28,,,0,22,,4417,28,,,0,28,,4393,28,,,0,70,,4394,28,,,0,20,,4395,28,,,0,70,,4396,28,,,0,30,,4397,28,,,0,70,,4398,28,,,0,30,,4399,28,,,0,70,,4400,28,,,0,30,,4401,28,,,0,70,,4402,28,,,0,33,,4403,28,,,0,71,,4404,28,,,0,30,,4405,28,,,0,74,,4406,28,,,0,24,,4407,28,,,0,72,,4408,28,,,0,38,,4409,28,,,0,70,,4410,28,,,0,30,,4411,28,,,0,70,,4412,28,,,0,30,,4413,28,,,0,65,,4414,28,,,0,31,,4415,28,,,0,74,,4416,28,,,0,85,,4418,28,,,0,35,,4419,28,,,0,76,,4420,28,,,0
