409,'1476895',736,,439,0,21 3 19 5 20,0
409,'1476896',806,,440,0,21 3 19 5 20,0
409,'1476897',836,,441,0,21 3 19 5 20,0
409,'1476898',906,,442,0,21 3 19 5 20,0
409,'1476899',936,,443,0,21 3 19 5 20,0
409,'1476900',1006,,444,0,21 3 19 5 20,0
409,'1476901',1036,,445,0,21 3 19 5 20,0
409,'1476902',1106,,446,0,21 3 19 5 20,0
409,'1476903',1136,,447,0,21 3 19 5 20,0
409,'1476904',1206,,448,0,21 3 19 5 20,0
409,'1476905',1251,,449,0,21 3 19 5 20,0
409,'1476906',1321,,450,0,21 3 19 5 20,0
409,'1476907',1351,,451,0,21 3 19 5 20,0
409,'1476908',1421,,452,0,21 3 19 5 20,0
409,'1476909',1451,,453,0,21 3 19 5 20,0
409,'1476910',1521,,454,0,21 3 19 5 20,0
409,'1476911',1551,,455,0,21 3 19 5 20,0
409,'1476912',1906,,456,0,21 3 19 5 20,0
409,'1476913',1636,,457,0,21 3 19 5 20,0
409,'1476914',1706,,458,0,21 3 19 5 20,0
409,'1476915',1736,,459,0,21 3 19 5 20,0
409,'1476916',1806,,460,0,21 3 19 5 20,0
409,'1476917',1836,,461,0,21 3 19 5 20,0
409,'1477338',628,,462,0,21 3 19 5 20,0
409,'1477339',728,,463,0,21 3 19 5 20,0
409,'1477340',838,,464,0,21 3 19 5 20,0
409,'1477341',938,,465,0,21 3 19 5 20,0
409,'1477342',1038,,466,0,21 3 19 5 20,0
409,'1477343',1138,,467,0,21 3 19 5 20,0
409,'1477344',1246,,468,0,21 3 19 5 20,0
409,'1477345',1356,,469,0,21 3 19 5 20,0
409,'1477346',558,,470,0,21 3 19 5 20,0
409,'1477347',658,,471,0,21 3 19 5 20,0
409,'1477348',758,,472,0,21 3 19 5 20,0
409,'1477349',1431,,473,0,21 3 19 5 20,0
409,'1477350',1541,,474,0,21 3 19 5 20,0
409,'1477351',1616,,475,0,21 3 19 5 20,0
409,'1477352',1741,,476,0,21 3 19 5 20,0
409,'1477353',1841,,477,0,21 3 19 5 20,0
409,'1477354',1941,,478,0,21 3 19 5 20,0
409,'1477355',2056,,479,0,21 3 19 5 20,0
409,'1477356',2156,,480,0,21 3 19 5 20,0
409,'1477357',1656,,481,0,21 3 19 5 20,0
409,'1477358',1811,,482,0,21 3 19 5 20,0
409,'1477359',1911,,483,0,21 3 19 5 20,0
409,'1477360',2026,,484,0,21 3 19 5 20,0
409,'1477361',2126,,485,0,21 3 19 5 20,0
409,'1477362',1008,,486,0,21 3 19 5 20,0
409,'1477363',1108,,487,0,21 3 19 5 20,0
409,'1477364',1208,,488,0,21 3 19 5 20,0
409,'1477365',646,,489,0,21 3 19 5 20,0
409,'1477366',907,,490,0,21 3 19 5 20,0
409,'1477367',528,,491,0,21 3 19 5 20,0
409,'1477368',1506,,492,0,21 3 19 5 20,0
409,'1477369',1321,,493,0,21 3 19 5 20,0
409,'1477370',2226,,494,0,21 3 19 5 20,0
409,'1477371',2256,,495,0,21 3 19 5 20,0
409,'1477746',736,,496,0,21 3 19 5 20,0
409,'1477747',836,,497,0,21 3 19 5 20,0
409,'1477748',936,,498,0,21 3 19 5 20,0
409,'1477749',1036,,499,0,21 3 19 5 20,0
409,'1477750',1136,,500,0,21 3 19 5 20,0
409,'1477751',1251,,501,0,21 3 19 5 20,0
409,'1477752',1351,,502,0,21 3 19 5 20,0
409,'1477753',1451,,503,0,21 3 19 5 20,0
409,'1477754',1551,,504,0,21 3 19 5 20,0
409,'1477755',1706,,505,0,21 3 19 5 20,0
409,'1477756',1806,,506,0,21 3 19 5 20,0
409,'1477757',1906,,507,0,21 3 19 5 20,0
409,'1477758',1836,,508,0,21 3 19 5 20,0
409,'1477759',806,,509,0,21 3 19 5 20,0
409,'1477760',906,,510,0,21 3 19 5 20,0
409,'1477761',1006,,511,0,21 3 19 5 20,0
409,'1477762',1106,,512,0,21 3 19 5 20,0
409,'1477763',1206,,513,0,21 3 19 5 20,0
409,'1477764',1321,,514,0,21 3 19 5 20,0
409,'1477765',1421,,515,0,21 3 19 5 20,0
409,'1477766',1521,,516,0,21 3 19 5 20,0
409,'1477767',1636,,517,0,21 3 19 5 20,0
409,'1477768',1736,,518,0,21 3 19 5 20,0
5209,'1477511',735,,890,0,5 6 7,0
5409,'1478040',726,,897,,,0
