500,'100012',820,,3916,39,,,0,100,,3917,39,,,0,100,,3918,39,,,0,100,,3919,39,,,0,100,,3920,39,,,0,115,,3921,39,,,0,100,,3922,39,,,0,100,,3923,39,,,0,115,,3924,39,,,0,100,,3925,39,,,0,100,,3926,39,,,0
500,'100013',820,,3927,39,,,0,100,,3928,39,,,0,100,,3929,39,,,0,100,,3930,39,,,0,100,,3931,39,,,0,115,,3932,39,,,0,100,,3933,39,,,0,100,,3934,39,,,0,115,,3935,39,,,0,100,,3936,39,,,0,100,,3937,39,,,0
500,'100014',612,,3938,39,,,0,30,,3954,39,,,0,70,,3939,39,,,0,30,,3955,39,,,0,70,,3940,39,,,0,40,,3941,39,,,0,70,,3963,39,,,0,30,,3942,39,,,0,70,,3966,39,,,0,30,,3943,39,,,0,70,,3965,39,,,0,30,,3944,39,,,0,70,,3967,39,,,0,82,,3945,39,,,0,35,,3964,39,,,0,75,,3946,39,,,0,35,,3956,39,,,0,75,,3947,39,,,0,35,,3957,39,,,0,75,,3948,39,,,0,80,,3949,39,,,0,41,,3958,39,,,0,70,,3950,39,,,0,30,,3959,39,,,0,70,,3951,39,,,0,30,,3960,39,,,0,85,,3952,39,,,0,70,,3961,39,,,0,30,,3953,39,,,0,70,,3962,39,,,0,30,,3968,39,,,0,70,,3969,39,,,0
700,'100012',822,,4029,36,,,0,100,,4030,36,,,0,100,,4031,36,,,0,100,,4032,36,,,0,100,,4033,36,,,0,115,,4034,36,,,0,100,,4035,36,,,0,100,,4036,36,,,0,115,,4037,36,,,0,100,,4038,36,,,0,100,,4039,36,,,0
700,'100013',822,,4040,36,,,0,100,,4041,36,,,0,100,,4042,36,,,0,100,,4043,36,,,0,100,,4044,36,,,0,115,,4045,36,,,0,100,,4046,36,,,0,100,,4047,36,,,0,115,,4048,36,,,0,100,,4049,36,,,0,100,,4050,36,,,0
700,'100014',545,,4051,36,,,0,70,,4061,36,,,0,30,,4052,36,,,0,58,,4079,36,,,0,12,,4062,36,,,0,30,,4053,36,,,0,70,,4063,36,,,0,40,,4072,36,,,0,70,,4054,36,,,0,30,,4073,36,,,0,70,,4055,36,,,0,30,,4080,36,,,0,70,,4056,36,,,0,30,,4081,36,,,0,70,,4057,36,,,0,83,,4082,36,,,0,35,,4058,36,,,0,75,,4064,36,,,0,35,,4059,36,,,0,75,,4065,36,,,0,75,,4060,36,,,0,35,,4066,36,,,0,80,,4067,36,,,0,40,,4074,36,,,0,70,,4068,36,,,0,30,,4075,36,,,0,70,,4069,36,,,0,30,,4076,36,,,0,86,,4070,36,,,0,70,,4077,36,,,0,30,,4071,36,,,0,70,,4078,36,,,0,30,,4083,36,,,0,70,,4084,36,,,0
1000900,'100012',758,,4281,29,,,0,80,,4282,29,,,0,80,,4283,29,,,0,40,,4284,29,,,0,80,,4285,29,,,0,81,,4286,29,,,0,40,,4287,29,,,0,85,,4288,29,,,0,80,,4289,29,,,0,81,,4290,29,,,0,40,,4291,29,,,0,80,,4292,29,,,0,80,,4293,29,,,0,40,,4294,29,,,0,85,,4295,29,,,0,80,,4296,29,,,0,40,,4297,29,,,0,80,,4298,29,,,0
1000900,'100013',758,,4299,29,,,0,80,,4300,29,,,0,80,,4301,29,,,0,40,,4302,29,,,0,80,,4303,29,,,0,81,,4304,29,,,0,40,,4305,29,,,0,85,,4306,29,,,0,80,,4307,29,,,0,81,,4308,29,,,0,40,,4309,29,,,0,80,,4310,29,,,0,80,,4311,29,,,0,40,,4312,29,,,0,85,,4313,29,,,0,80,,4314,29,,,0,40,,4315,29,,,0,80,,4316,29,,,0
1000900,'100014',545,,4327,29,,,0,70,,4328,29,,,0,30,,4329,29,,,0,70,,4330,29,,,0,30,,4331,29,,,0,70,,4332,29,,,0,22,,4333,29,,,0,68,,4334,29,,,0,35,,4335,29,,,0,60,,4336,29,,,0,30,,4337,29,,,0,70,,4338,29,,,0,30,,4339,29,,,0,70,,4340,29,,,0,30,,4341,29,,,0,70,,4342,29,,,0,30,,4343,29,,,0,70,,4344,29,,,0,34,,4345,29,,,0,70,,4346,29,,,0,34,,4347,29,,,0,64,,4348,29,,,0,32,,4349,29,,,0,70,,4350,29,,,0,18,,4351,29,,,0,85,,4320,29,,,0,30,,4321,29,,,0,70,,4324,29,,,0,30,,4317,29,,,0,67,,4319,29,,,0,43,,4325,29,,,0,85,,4323,29,,,0,75,,4322,29,,,0,35,,4326,29,,,0,75,,4318,29,,,0
2000900,'100012',820,,4352,27,,,0,80,,4353,27,,,0,40,,4354,27,,,0,80,,4355,27,,,0,80,,4356,27,,,0,40,,4357,27,,,0,80,,4358,27,,,0,80,,4359,27,,,0,45,,4360,27,,,0,80,,4361,27,,,0,81,,4362,27,,,0,40,,4363,27,,,0,85,,4364,27,,,0,80,,4365,27,,,0,40,,4366,27,,,0,80,,4367,27,,,0,80,,4368,27,,,0
2000900,'100013',820,,4369,27,,,0,80,,4370,27,,,0,40,,4371,27,,,0,80,,4372,27,,,0,80,,4373,27,,,0,40,,4374,27,,,0,80,,4375,27,,,0,80,,4376,27,,,0,45,,4377,27,,,0,80,,4378,27,,,0,81,,4379,27,,,0,40,,4380,27,,,0,85,,4381,27,,,0,80,,4382,27,,,0,40,,4383,27,,,0,80,,4384,27,,,0,80,,4385,27,,,0
2000900,'100014',610,,4386,27,,,0,20,,4387,27,,,0,70,,4388,27,,,0,30,,4389,27,,,0,70,,4390,27,,,0,20,,4391,27,,,0,80,,4392,27,,,0,22,,4417,27,,,0,28,,4393,27,,,0,70,,4394,27,,,0,20,,4395,27,,,0,70,,4396,27,,,0,30,,4397,27,,,0,70,,4398,27,,,0,30,,4399,27,,,0,70,,4400,27,,,0,30,,4401,27,,,0,70,,4402,27,,,0,33,,4403,27,,,0,71,,4404,27,,,0,30,,4405,27,,,0,74,,4406,27,,,0,24,,4407,27,,,0,72,,4408,27,,,0,38,,4409,27,,,0,70,,4410,27,,,0,30,,4411,27,,,0,70,,4412,27,,,0,30,,4413,27,,,0,65,,4414,27,,,0,31,,4415,27,,,0,74,,4416,27,,,0,85,,4418,27,,,0,35,,4419,27,,,0,76,,4420,27,,,0
