500,'100009',604,,832,24,,,0,30,,848,24,,,0,70,,833,24,,,0,30,,849,24,,,0,70,,834,24,,,0,40,,835,24,,,0,70,,857,24,,,0,30,,836,24,,,0,70,,860,24,,,0,30,,837,24,,,0,70,,859,24,,,0,30,,838,24,,,0,70,,861,24,,,0,42,,839,24,,,0,75,,858,24,,,0,75,,840,24,,,0,35,,850,24,,,0,75,,841,24,,,0,35,,851,24,,,0,75,,842,24,,,0,80,,843,24,,,0,41,,852,24,,,0,70,,844,24,,,0,30,,853,24,,,0,70,,845,24,,,0,30,,854,24,,,0,85,,846,24,,,0,70,,855,24,,,0,30,,847,24,,,0,70,,856,24,,,0,30,,862,24,,,0,70,,863,24,,,0
500,'100010',812,,864,24,,,0,100,,865,24,,,0,100,,866,24,,,0,100,,867,24,,,0,100,,868,24,,,0,115,,869,24,,,0,100,,870,24,,,0,100,,871,24,,,0,115,,872,24,,,0,100,,873,24,,,0,100,,874,24,,,0
500,'100011',812,,2512,24,,,0,100,,2513,24,,,0,100,,2514,24,,,0,100,,2515,24,,,0,100,,2516,24,,,0,115,,2517,24,,,0,100,,2518,24,,,0,100,,2519,24,,,0,115,,2520,24,,,0,100,,2521,24,,,0,100,,2522,24,,,0,100,,2523,24,,,0
500,'100012',812,,2524,24,,,0,100,,2525,24,,,0,100,,2526,24,,,0,100,,2527,24,,,0,100,,2528,24,,,0,115,,2529,24,,,0,100,,2530,24,,,0,100,,2531,24,,,0,115,,2532,24,,,0,100,,2533,24,,,0,100,,2534,24,,,0
500,'100013',604,,2535,24,,,0,30,,2551,24,,,0,70,,2536,24,,,0,30,,2552,24,,,0,70,,2537,24,,,0,40,,2538,24,,,0,70,,2560,24,,,0,30,,2539,24,,,0,70,,2563,24,,,0,30,,2540,24,,,0,70,,2562,24,,,0,30,,2541,24,,,0,70,,2564,24,,,0,42,,2542,24,,,0,75,,2561,24,,,0,75,,2543,24,,,0,35,,2553,24,,,0,75,,2544,24,,,0,35,,2554,24,,,0,75,,2545,24,,,0,80,,2546,24,,,0,41,,2555,24,,,0,70,,2547,24,,,0,30,,2556,24,,,0,70,,2548,24,,,0,30,,2557,24,,,0,85,,2549,24,,,0,70,,2558,24,,,0,30,,2550,24,,,0,70,,2559,24,,,0,30,,2565,24,,,0,70,,2566,24,,,0
500,'100014',604,,2567,24,,,0,30,,2583,24,,,0,70,,2568,24,,,0,30,,2584,24,,,0,70,,2569,24,,,0,40,,2570,24,,,0,70,,2592,24,,,0,30,,2571,24,,,0,70,,2595,24,,,0,30,,2572,24,,,0,70,,2594,24,,,0,30,,2573,24,,,0,70,,2596,24,,,0,42,,2574,24,,,0,75,,2593,24,,,0,75,,2575,24,,,0,35,,2585,24,,,0,75,,2576,24,,,0,35,,2586,24,,,0,75,,2577,24,,,0,80,,2578,24,,,0,41,,2587,24,,,0,70,,2579,24,,,0,30,,2588,24,,,0,70,,2580,24,,,0,30,,2589,24,,,0,85,,2581,24,,,0,70,,2590,24,,,0,30,,2582,24,,,0,70,,2591,24,,,0,30,,2597,24,,,0,70,,2598,24,,,0
500,'100015',812,,2599,24,,,0,100,,2600,24,,,0,100,,2601,24,,,0,100,,2602,24,,,0,100,,2603,24,,,0,115,,2604,24,,,0,100,,2605,24,,,0,100,,2606,24,,,0,115,,2607,24,,,0,100,,2608,24,,,0,100,,2609,24,,,0
5201,'100009',738,,1365,11,0,7 8 9,0
5201,'100013',738,,3169,11,0,7 8 9,0
5400,'100009',729,,1370,11,0,7 18,0
5400,'100013',729,,3174,11,0,7 18,0
