400,'100009',546,,749,37,,,0,70,,728,37,,,0,30,,720,37,,,0,57,,747,37,,,0,13,,729,37,,,0,30,,721,37,,,0,70,,730,37,,,0,40,,722,37,,,0,69,,748,37,,,0,31,,723,37,,,0,70,,744,37,,,0,30,,724,37,,,0,70,,745,37,,,0,30,,725,37,,,0,70,,746,37,,,0,79,,726,37,,,0,35,,751,37,,,0,75,,727,37,,,0,35,,731,37,,,0,75,,750,37,,,0,75,,732,37,,,0,35,,733,37,,,0,80,,739,37,,,0,43,,734,37,,,0,70,,740,37,,,0,30,,735,37,,,0,70,,741,37,,,0,30,,736,37,,,0,85,,742,37,,,0,70,,737,37,,,0,30,,743,37,,,0,70,,738,37,,,0,30,,752,37,,,0,70,,753,37,,,0
400,'100010',753,,754,37,,,0,70,,767,37,,,0,30,,755,37,,,0,70,,768,37,,,0,30,,756,37,,,0,70,,769,37,,,0,30,,757,37,,,0,70,,770,37,,,0,30,,758,37,,,0,70,,771,37,,,0,85,,759,37,,,0,30,,772,37,,,0,70,,760,37,,,0,30,,773,37,,,0,70,,761,37,,,0,30,,774,37,,,0,70,,762,37,,,0,45,,775,37,,,0,70,,763,37,,,0,30,,776,37,,,0,70,,764,37,,,0,30,,766,37,,,0,70,,765,37,,,0
400,'100011',753,,2373,37,,,0,70,,2386,37,,,0,30,,2374,37,,,0,70,,2387,37,,,0,30,,2375,37,,,0,70,,2388,37,,,0,30,,2376,37,,,0,70,,2389,37,,,0,30,,2377,37,,,0,70,,2390,37,,,0,85,,2378,37,,,0,30,,2391,37,,,0,70,,2379,37,,,0,30,,2392,37,,,0,70,,2380,37,,,0,30,,2393,37,,,0,70,,2381,37,,,0,45,,2394,37,,,0,70,,2382,37,,,0,30,,2395,37,,,0,70,,2383,37,,,0,30,,2385,37,,,0,70,,2384,37,,,0,30,,2396,37,,,0,70,,2397,37,,,0
400,'100012',753,,2398,37,,,0,70,,2411,37,,,0,30,,2399,37,,,0,70,,2412,37,,,0,30,,2400,37,,,0,70,,2413,37,,,0,30,,2401,37,,,0,70,,2414,37,,,0,30,,2402,37,,,0,70,,2415,37,,,0,85,,2403,37,,,0,30,,2416,37,,,0,70,,2404,37,,,0,30,,2417,37,,,0,70,,2405,37,,,0,30,,2418,37,,,0,70,,2406,37,,,0,45,,2419,37,,,0,70,,2407,37,,,0,30,,2420,37,,,0,70,,2408,37,,,0,30,,2410,37,,,0,70,,2409,37,,,0
400,'100013',546,,2450,37,,,0,70,,2429,37,,,0,30,,2421,37,,,0,57,,2448,37,,,0,13,,2430,37,,,0,30,,2422,37,,,0,70,,2431,37,,,0,40,,2423,37,,,0,69,,2449,37,,,0,31,,2424,37,,,0,70,,2445,37,,,0,30,,2425,37,,,0,70,,2446,37,,,0,30,,2426,37,,,0,70,,2447,37,,,0,79,,2427,37,,,0,35,,2452,37,,,0,75,,2428,37,,,0,35,,2432,37,,,0,75,,2451,37,,,0,75,,2433,37,,,0,35,,2434,37,,,0,80,,2440,37,,,0,43,,2435,37,,,0,70,,2441,37,,,0,30,,2436,37,,,0,70,,2442,37,,,0,30,,2437,37,,,0,85,,2443,37,,,0,70,,2438,37,,,0,30,,2444,37,,,0,70,,2439,37,,,0,30,,2453,37,,,0,70,,2454,37,,,0
400,'100014',546,,2484,37,,,0,70,,2463,37,,,0,30,,2455,37,,,0,57,,2482,37,,,0,13,,2464,37,,,0,30,,2456,37,,,0,70,,2465,37,,,0,40,,2457,37,,,0,69,,2483,37,,,0,31,,2458,37,,,0,70,,2479,37,,,0,30,,2459,37,,,0,70,,2480,37,,,0,30,,2460,37,,,0,70,,2481,37,,,0,79,,2461,37,,,0,35,,2486,37,,,0,75,,2462,37,,,0,35,,2466,37,,,0,75,,2485,37,,,0,75,,2467,37,,,0,35,,2468,37,,,0,80,,2474,37,,,0,43,,2469,37,,,0,70,,2475,37,,,0,30,,2470,37,,,0,70,,2476,37,,,0,30,,2471,37,,,0,85,,2477,37,,,0,70,,2472,37,,,0,30,,2478,37,,,0,70,,2473,37,,,0,30,,2487,37,,,0,70,,2488,37,,,0
400,'100015',753,,2489,37,,,0,70,,2490,37,,,0,30,,2491,37,,,0,70,,2492,37,,,0,30,,2493,37,,,0,70,,2494,37,,,0,30,,2495,37,,,0,70,,2496,37,,,0,30,,2497,37,,,0,70,,2498,37,,,0,85,,2499,37,,,0,30,,2500,37,,,0,70,,2501,37,,,0,30,,2502,37,,,0,70,,2503,37,,,0,30,,2504,37,,,0,70,,2505,37,,,0,45,,2507,37,,,0,70,,2508,37,,,0,30,,2509,37,,,0,70,,2510,37,,,0,30,,2511,37,,,0,70,,2506,37,,,0
800,'100009',616,,1117,38,,,0,30,,1102,38,,,0,70,,1118,38,,,0,30,,1103,38,,,0,70,,1119,38,,,0,40,,1120,38,,,0,69,,1104,38,,,0,30,,1128,38,,,0,70,,1105,38,,,0,30,,1129,38,,,0,70,,1106,38,,,0,30,,1130,38,,,0,70,,1107,38,,,0,82,,1131,38,,,0,35,,1108,38,,,0,75,,1121,38,,,0,35,,1109,38,,,0,75,,1110,38,,,0,75,,1122,38,,,0,35,,1111,38,,,0,80,,1123,38,,,0,41,,1112,38,,,0,70,,1124,38,,,0,30,,1113,38,,,0,70,,1125,38,,,0,30,,1114,38,,,0,85,,1126,38,,,0,70,,1115,38,,,0,30,,1127,38,,,0,70,,1116,38,,,0,29,,1133,38,,,0,68,,1132,38,,,0
800,'100010',752,,1134,38,,,0,100,,1135,38,,,0,100,,1136,38,,,0,100,,1137,38,,,0,100,,1138,38,,,0,155,,1139,38,,,0,100,,1140,38,,,0,100,,1141,38,,,0,100,,1142,38,,,0,115,,1143,38,,,0,100,,1144,38,,,0,100,,1145,38,,,0
800,'100011',752,,2819,38,,,0,100,,2820,38,,,0,100,,2821,38,,,0,100,,2822,38,,,0,100,,2823,38,,,0,155,,2824,38,,,0,100,,2825,38,,,0,100,,2826,38,,,0,100,,2827,38,,,0,115,,2828,38,,,0,100,,2829,38,,,0,100,,2830,38,,,0,100,,2831,38,,,0
800,'100012',752,,2832,38,,,0,100,,2833,38,,,0,100,,2834,38,,,0,100,,2835,38,,,0,100,,2836,38,,,0,155,,2837,38,,,0,100,,2838,38,,,0,100,,2839,38,,,0,100,,2840,38,,,0,115,,2841,38,,,0,100,,2842,38,,,0,100,,2843,38,,,0
800,'100013',616,,2859,38,,,0,30,,2844,38,,,0,70,,2860,38,,,0,30,,2845,38,,,0,70,,2861,38,,,0,40,,2862,38,,,0,69,,2846,38,,,0,30,,2870,38,,,0,70,,2847,38,,,0,30,,2871,38,,,0,70,,2848,38,,,0,30,,2872,38,,,0,70,,2849,38,,,0,82,,2873,38,,,0,35,,2850,38,,,0,75,,2863,38,,,0,35,,2851,38,,,0,75,,2852,38,,,0,75,,2864,38,,,0,35,,2853,38,,,0,80,,2865,38,,,0,41,,2854,38,,,0,70,,2866,38,,,0,30,,2855,38,,,0,70,,2867,38,,,0,30,,2856,38,,,0,85,,2868,38,,,0,70,,2857,38,,,0,30,,2869,38,,,0,70,,2858,38,,,0,29,,2875,38,,,0,68,,2874,38,,,0
800,'100014',616,,2891,38,,,0,30,,2876,38,,,0,70,,2892,38,,,0,30,,2877,38,,,0,70,,2893,38,,,0,40,,2894,38,,,0,69,,2878,38,,,0,30,,2902,38,,,0,70,,2879,38,,,0,30,,2903,38,,,0,70,,2880,38,,,0,30,,2904,38,,,0,70,,2881,38,,,0,82,,2905,38,,,0,35,,2882,38,,,0,75,,2895,38,,,0,35,,2883,38,,,0,75,,2884,38,,,0,75,,2896,38,,,0,35,,2885,38,,,0,80,,2897,38,,,0,41,,2886,38,,,0,70,,2898,38,,,0,30,,2887,38,,,0,70,,2899,38,,,0,30,,2888,38,,,0,85,,2900,38,,,0,70,,2889,38,,,0,30,,2901,38,,,0,70,,2890,38,,,0,29,,2907,38,,,0,68,,2906,38,,,0
800,'100015',752,,2908,38,,,0,100,,2909,38,,,0,100,,2910,38,,,0,100,,2911,38,,,0,100,,2912,38,,,0,155,,2913,38,,,0,100,,2914,38,,,0,100,,2915,38,,,0,100,,2916,38,,,0,115,,2917,38,,,0,100,,2918,38,,,0,100,,2919,38,,,0
5201,'100009',1535,,1366,24,0,5 6,0
5201,'100013',1535,,3170,24,0,5 6,0
5401,'100009',1455,,1371,21,0,7 18,0
5401,'100013',1455,,3175,21,0,7 18,0
