200,'100011',716,,1902,7,,,0,30,,1901,7,,,0,70,,1880,7,,,0,30,,1879,7,,,0,70,,1881,7,,,0,30,,1882,7,,,0,70,,1883,7,,,0,30,,1884,7,,,0,70,,1885,7,,,0,30,,1886,7,,,0,85,,1887,7,,,0,70,,1888,7,,,0,30,,1889,7,,,0,70,,1890,7,,,0,30,,1891,7,,,0,70,,1892,7,,,0,30,,1893,7,,,0,85,,1894,7,,,0,30,,1895,7,,,0,70,,1896,7,,,0,30,,1897,7,,,0,70,,1898,7,,,0,30,,1899,7,,,0,70,,1900,7,,,0,30,,1903,7,,,0
200,'100012',716,,1927,7,,,0,30,,1926,7,,,0,70,,1905,7,,,0,30,,1904,7,,,0,70,,1906,7,,,0,30,,1907,7,,,0,70,,1908,7,,,0,30,,1909,7,,,0,70,,1910,7,,,0,30,,1911,7,,,0,85,,1912,7,,,0,70,,1913,7,,,0,30,,1914,7,,,0,70,,1915,7,,,0,30,,1916,7,,,0,70,,1917,7,,,0,30,,1918,7,,,0,85,,1919,7,,,0,30,,1920,7,,,0,70,,1921,7,,,0,30,,1922,7,,,0,70,,1923,7,,,0,30,,1924,7,,,0,70,,1925,7,,,0
200,'100013',538,,1928,7,,,0,70,,1937,7,,,0,30,,1929,7,,,0,70,,1938,7,,,0,30,,1930,7,,,0,70,,1939,7,,,0,40,,1931,7,,,0,70,,1940,7,,,0,30,,1932,7,,,0,70,,1941,7,,,0,30,,1933,7,,,0,70,,1942,7,,,0,30,,1934,7,,,0,70,,1943,7,,,0,82,,1935,7,,,0,35,,1944,7,,,0,75,,1936,7,,,0,35,,1945,7,,,0,75,,1953,7,,,0,35,,1946,7,,,0,75,,1954,7,,,0,80,,1947,7,,,0,41,,1948,7,,,0,70,,1955,7,,,0,30,,1949,7,,,0,70,,1956,7,,,0,30,,1950,7,,,0,85,,1957,7,,,0,70,,1951,7,,,0,30,,1958,7,,,0,70,,1952,7,,,0,30,,1959,7,,,0,70,,1960,7,,,0
200,'100014',538,,1961,7,,,0,70,,1970,7,,,0,30,,1962,7,,,0,70,,1971,7,,,0,30,,1963,7,,,0,70,,1972,7,,,0,40,,1964,7,,,0,70,,1973,7,,,0,30,,1965,7,,,0,70,,1974,7,,,0,30,,1966,7,,,0,70,,1975,7,,,0,30,,1967,7,,,0,70,,1976,7,,,0,82,,1968,7,,,0,35,,1977,7,,,0,75,,1969,7,,,0,35,,1978,7,,,0,75,,1986,7,,,0,35,,1979,7,,,0,75,,1987,7,,,0,80,,1980,7,,,0,41,,1981,7,,,0,70,,1988,7,,,0,30,,1982,7,,,0,70,,1989,7,,,0,30,,1983,7,,,0,85,,1990,7,,,0,70,,1984,7,,,0,30,,1991,7,,,0,70,,1985,7,,,0,30,,1992,7,,,0,70,,1993,7,,,0
200,'100015',716,,2017,7,,,0,30,,1994,7,,,0,70,,1995,7,,,0,30,,1996,7,,,0,70,,1997,7,,,0,30,,1998,7,,,0,70,,1999,7,,,0,30,,2000,7,,,0,70,,2001,7,,,0,30,,2002,7,,,0,85,,2003,7,,,0,70,,2004,7,,,0,30,,2005,7,,,0,70,,2006,7,,,0,30,,2007,7,,,0,70,,2008,7,,,0,30,,2009,7,,,0,85,,2010,7,,,0,30,,2012,7,,,0,70,,2013,7,,,0,30,,2014,7,,,0,70,,2015,7,,,0,30,,2016,7,,,0,70,,2011,7,,,0
201,'100009',538,,413,26,0,5 6,0,70,,422,26,0,5 6,0,30,,414,26,0,5 6,0,70,,423,26,0,5 6,0,30,,415,26,0,5 6,0,70,,424,26,0,5 6,0,40,,416,26,0,5 6,0,70,,425,26,0,5 6,0,30,,417,26,0,5 6,0,70,,426,26,0,5 6,0,30,,418,26,0,5 6,0,70,,427,26,0,5 6,0,30,,419,26,0,5 6,0,70,,428,26,0,5 6,0,82,,420,26,0,5 6,0,35,,429,26,0,5 6,0,75,,421,26,0,5 6,0,35,,430,26,0,5 6,0,75,,438,26,0,5 6,0,35,,431,26,0,5 6,0,75,,439,26,0,5 6,0,80,,432,26,0,5 6,0,41,,433,26,0,5 6,0,70,,440,26,0,5 6,0,30,,434,26,0,5 6,0,70,,441,26,0,5 6,0,30,,435,26,0,5 6,0,85,,442,26,0,5 6,0,70,,436,26,0,5 6,0,30,,443,26,0,5 6,0,70,,437,26,0,5 6,0,30,,444,26,0,5 6,0,70,,445,26,0,5 6,0,30,,446,26,0,5 6,0
201,'100010',716,,470,26,0,5 6,0,30,,469,26,0,5 6,0,70,,448,26,0,5 6,0,30,,447,26,0,5 6,0,70,,449,26,0,5 6,0,30,,450,26,0,5 6,0,70,,451,26,0,5 6,0,30,,452,26,0,5 6,0,70,,453,26,0,5 6,0,30,,454,26,0,5 6,0,70,,455,26,0,5 6,0,85,,456,26,0,5 6,0,30,,457,26,0,5 6,0,70,,458,26,0,5 6,0,30,,459,26,0,5 6,0,70,,460,26,0,5 6,0,30,,461,26,0,5 6,0,70,,462,26,0,5 6,0,45,,463,26,0,5 6,0,70,,464,26,0,5 6,0,30,,465,26,0,5 6,0,70,,466,26,0,5 6,0,30,,467,26,0,5 6,0,70,,468,26,0,5 6,0
1005300,'100009',801,,1513,18,,,0
1005300,'100013',801,,3301,18,,,0
1005300,'100014',801,,3302,18,,,0
