500,'100012',821,,3916,42,,,0,100,,3917,42,,,0,100,,3918,42,,,0,100,,3919,42,,,0,100,,3920,42,,,0,115,,3921,42,,,0,100,,3922,42,,,0,100,,3923,42,,,0,115,,3924,42,,,0,100,,3925,42,,,0,100,,3926,42,,,0
500,'100013',821,,3927,42,,,0,100,,3928,42,,,0,100,,3929,42,,,0,100,,3930,42,,,0,100,,3931,42,,,0,115,,3932,42,,,0,100,,3933,42,,,0,100,,3934,42,,,0,115,,3935,42,,,0,100,,3936,42,,,0,100,,3937,42,,,0
500,'100014',613,,3938,42,,,0,30,,3954,42,,,0,70,,3939,42,,,0,30,,3955,42,,,0,70,,3940,42,,,0,40,,3941,42,,,0,70,,3963,42,,,0,30,,3942,42,,,0,70,,3966,42,,,0,30,,3943,42,,,0,70,,3965,42,,,0,30,,3944,42,,,0,70,,3967,42,,,0,82,,3945,42,,,0,35,,3964,42,,,0,75,,3946,42,,,0,35,,3956,42,,,0,75,,3947,42,,,0,75,,3957,42,,,0,35,,3948,42,,,0,80,,3949,42,,,0,41,,3958,42,,,0,70,,3950,42,,,0,30,,3959,42,,,0,70,,3951,42,,,0,30,,3960,42,,,0,85,,3952,42,,,0,70,,3961,42,,,0,30,,3953,42,,,0,70,,3962,42,,,0,30,,3968,42,,,0,70,,3969,42,,,0
700,'100012',824,,4029,39,,,0,100,,4030,39,,,0,100,,4031,39,,,0,100,,4032,39,,,0,100,,4033,39,,,0,115,,4034,39,,,0,100,,4035,39,,,0,100,,4036,39,,,0,115,,4037,39,,,0,100,,4038,39,,,0,100,,4039,39,,,0
700,'100013',824,,4040,39,,,0,100,,4041,39,,,0,100,,4042,39,,,0,100,,4043,39,,,0,100,,4044,39,,,0,115,,4045,39,,,0,100,,4046,39,,,0,100,,4047,39,,,0,115,,4048,39,,,0,100,,4049,39,,,0,100,,4050,39,,,0
700,'100014',546,,4051,39,,,0,70,,4061,39,,,0,30,,4052,39,,,0,58,,4079,39,,,0,12,,4062,39,,,0,30,,4053,39,,,0,70,,4063,39,,,0,40,,4072,39,,,0,70,,4054,39,,,0,30,,4073,39,,,0,70,,4055,39,,,0,30,,4080,39,,,0,70,,4056,39,,,0,30,,4081,39,,,0,70,,4057,39,,,0,83,,4082,39,,,0,35,,4058,39,,,0,75,,4064,39,,,0,35,,4059,39,,,0,75,,4065,39,,,0,75,,4060,39,,,0,35,,4066,39,,,0,80,,4067,39,,,0,40,,4074,39,,,0,70,,4068,39,,,0,30,,4075,39,,,0,70,,4069,39,,,0,30,,4076,39,,,0,86,,4070,39,,,0,70,,4077,39,,,0,30,,4071,39,,,0,70,,4078,39,,,0,30,,4083,39,,,0,70,,4084,39,,,0
1000900,'100012',759,,4281,32,,,0,80,,4282,32,,,0,80,,4283,32,,,0,40,,4284,32,,,0,80,,4285,32,,,0,81,,4286,32,,,0,80,,4287,32,,,0,45,,4288,32,,,0,80,,4289,32,,,0,81,,4290,32,,,0,40,,4291,32,,,0,80,,4292,32,,,0,80,,4293,32,,,0,40,,4294,32,,,0,85,,4295,32,,,0,80,,4296,32,,,0,40,,4297,32,,,0,80,,4298,32,,,0
1000900,'100013',759,,4299,32,,,0,80,,4300,32,,,0,80,,4301,32,,,0,40,,4302,32,,,0,80,,4303,32,,,0,81,,4304,32,,,0,80,,4305,32,,,0,45,,4306,32,,,0,80,,4307,32,,,0,81,,4308,32,,,0,40,,4309,32,,,0,80,,4310,32,,,0,80,,4311,32,,,0,40,,4312,32,,,0,85,,4313,32,,,0,80,,4314,32,,,0,40,,4315,32,,,0,80,,4316,32,,,0
1000900,'100014',546,,4327,32,,,0,70,,4328,32,,,0,30,,4329,32,,,0,70,,4330,32,,,0,30,,4331,32,,,0,70,,4332,32,,,0,22,,4333,32,,,0,68,,4334,32,,,0,35,,4335,32,,,0,60,,4336,32,,,0,30,,4337,32,,,0,70,,4338,32,,,0,30,,4339,32,,,0,70,,4340,32,,,0,30,,4341,32,,,0,70,,4342,32,,,0,30,,4343,32,,,0,70,,4344,32,,,0,34,,4345,32,,,0,70,,4346,32,,,0,34,,4347,32,,,0,64,,4348,32,,,0,32,,4349,32,,,0,70,,4350,32,,,0,18,,4351,32,,,0,85,,4320,32,,,0,30,,4321,32,,,0,70,,4324,32,,,0,30,,4317,32,,,0,67,,4319,32,,,0,43,,4325,32,,,0,85,,4323,32,,,0,75,,4322,32,,,0,35,,4326,32,,,0,75,,4318,32,,,0
2000900,'100012',821,,4352,30,,,0,80,,4353,30,,,0,40,,4354,30,,,0,80,,4355,30,,,0,80,,4356,30,,,0,40,,4357,30,,,0,80,,4358,30,,,0,80,,4359,30,,,0,45,,4360,30,,,0,80,,4361,30,,,0,81,,4362,30,,,0,40,,4363,30,,,0,85,,4364,30,,,0,80,,4365,30,,,0,40,,4366,30,,,0,80,,4367,30,,,0,80,,4368,30,,,0
2000900,'100013',821,,4369,30,,,0,80,,4370,30,,,0,40,,4371,30,,,0,80,,4372,30,,,0,80,,4373,30,,,0,40,,4374,30,,,0,80,,4375,30,,,0,80,,4376,30,,,0,45,,4377,30,,,0,80,,4378,30,,,0,81,,4379,30,,,0,40,,4380,30,,,0,85,,4381,30,,,0,80,,4382,30,,,0,40,,4383,30,,,0,80,,4384,30,,,0,80,,4385,30,,,0
2000900,'100014',611,,4386,30,,,0,20,,4387,30,,,0,70,,4388,30,,,0,30,,4389,30,,,0,70,,4390,30,,,0,20,,4391,30,,,0,80,,4392,30,,,0,22,,4417,30,,,0,28,,4393,30,,,0,70,,4394,30,,,0,20,,4395,30,,,0,70,,4396,30,,,0,30,,4397,30,,,0,70,,4398,30,,,0,30,,4399,30,,,0,70,,4400,30,,,0,30,,4401,30,,,0,70,,4402,30,,,0,33,,4403,30,,,0,71,,4404,30,,,0,30,,4405,30,,,0,74,,4406,30,,,0,24,,4407,30,,,0,72,,4408,30,,,0,38,,4409,30,,,0,70,,4410,30,,,0,30,,4411,30,,,0,70,,4412,30,,,0,30,,4413,30,,,0,65,,4414,30,,,0,31,,4415,30,,,0,74,,4416,30,,,0,85,,4418,30,,,0,35,,4419,30,,,0,76,,4420,30,,,0
