500,'100012',807,,3916,14,0,12 3 13,0,100,,3917,14,0,12 3 13,0,100,,3918,14,0,12 3 13,0,100,,3919,14,0,12 3 13,0,100,,3920,14,0,12 3 13,0,115,,3921,14,0,12 3 13,0,100,,3922,14,0,12 3 13,0,100,,3923,14,0,12 3 13,0,115,,3924,14,0,12 3 13,0,100,,3925,14,0,12 3 13,0,100,,3926,14,0,12 3 13,0
500,'100013',807,,3927,14,0,12 3 13,0,100,,3928,14,0,12 3 13,0,100,,3929,14,0,12 3 13,0,100,,3930,14,0,12 3 13,0,100,,3931,14,0,12 3 13,0,115,,3932,14,0,12 3 13,0,100,,3933,14,0,12 3 13,0,100,,3934,14,0,12 3 13,0,115,,3935,14,0,12 3 13,0,100,,3936,14,0,12 3 13,0,100,,3937,14,0,12 3 13,0
500,'100014',559,,3938,14,0,12 3 13,0,70,,3954,14,0,12 3 13,0,30,,3939,14,0,12 3 13,0,70,,3955,14,0,12 3 13,0,30,,3940,14,0,12 3 13,0,80,,3941,14,0,12 3 13,0,70,,3963,14,0,12 3 13,0,30,,3942,14,0,12 3 13,0,70,,3966,14,0,12 3 13,0,30,,3943,14,0,12 3 13,0,70,,3965,14,0,12 3 13,0,30,,3944,14,0,12 3 13,0,70,,3967,14,0,12 3 13,0,40,,3945,14,0,12 3 13,0,75,,3964,14,0,12 3 13,0,35,,3946,14,0,12 3 13,0,75,,3956,14,0,12 3 13,0,75,,3947,14,0,12 3 13,0,35,,3957,14,0,12 3 13,0,75,,3948,14,0,12 3 13,0,40,,3949,14,0,12 3 13,0,83,,3958,14,0,12 3 13,0,70,,3950,14,0,12 3 13,0,30,,3959,14,0,12 3 13,0,70,,3951,14,0,12 3 13,0,30,,3960,14,0,12 3 13,0,85,,3952,14,0,12 3 13,0,30,,3961,14,0,12 3 13,0,70,,3953,14,0,12 3 13,0,30,,3962,14,0,12 3 13,0,70,,3968,14,0,12 3 13,0,30,,3969,14,0,12 3 13,0
700,'100012',806,,4029,10,0,24 3 25,0,100,,4030,10,0,24 3 25,0,100,,4031,10,0,24 3 25,0,100,,4032,10,0,24 3 25,0,100,,4033,10,0,24 3 25,0,115,,4034,10,0,24 3 25,0,100,,4035,10,0,24 3 25,0,100,,4036,10,0,24 3 25,0,115,,4037,10,0,24 3 25,0,100,,4038,10,0,24 3 25,0,100,,4039,10,0,24 3 25,0
700,'100013',806,,4040,10,0,24 3 25,0,100,,4041,10,0,24 3 25,0,100,,4042,10,0,24 3 25,0,100,,4043,10,0,24 3 25,0,100,,4044,10,0,24 3 25,0,115,,4045,10,0,24 3 25,0,100,,4046,10,0,24 3 25,0,100,,4047,10,0,24 3 25,0,115,,4048,10,0,24 3 25,0,100,,4049,10,0,24 3 25,0,100,,4050,10,0,24 3 25,0
700,'100014',528,,4051,10,0,24 3 25,0,30,,4061,10,0,24 3 25,0,70,,4052,10,0,24 3 25,0,18,,4079,10,0,24 3 25,0,12,,4062,10,0,24 3 25,0,70,,4053,10,0,24 3 25,0,30,,4063,10,0,24 3 25,0,80,,4072,10,0,24 3 25,0,70,,4054,10,0,24 3 25,0,30,,4073,10,0,24 3 25,0,70,,4055,10,0,24 3 25,0,30,,4080,10,0,24 3 25,0,70,,4056,10,0,24 3 25,0,30,,4081,10,0,24 3 25,0,70,,4057,10,0,24 3 25,0,39,,4082,10,0,24 3 25,0,75,,4058,10,0,24 3 25,0,35,,4064,10,0,24 3 25,0,75,,4059,10,0,24 3 25,0,75,,4065,10,0,24 3 25,0,35,,4060,10,0,24 3 25,0,75,,4066,10,0,24 3 25,0,40,,4067,10,0,24 3 25,0,84,,4074,10,0,24 3 25,0,70,,4068,10,0,24 3 25,0,30,,4075,10,0,24 3 25,0,70,,4069,10,0,24 3 25,0,30,,4076,10,0,24 3 25,0,85,,4070,10,0,24 3 25,0,30,,4077,10,0,24 3 25,0,70,,4071,10,0,24 3 25,0,30,,4078,10,0,24 3 25,0,70,,4083,10,0,24 3 25,0,30,,4084,10,0,24 3 25,0
1000900,'100012',738,,4281,11,,,0,80,,4282,11,,,0,40,,4283,11,,,0,80,,4284,11,,,0,80,,4285,11,,,0,40,,4286,11,,,0,80,,4287,11,,,0,85,,4288,11,,,0,80,,4289,11,,,0,41,,4290,11,,,0,80,,4291,11,,,0,80,,4292,11,,,0,40,,4293,11,,,0,80,,4294,11,,,0,85,,4295,11,,,0,40,,4296,11,,,0,80,,4297,11,,,0,80,,4298,11,,,0
1000900,'100013',738,,4299,11,,,0,80,,4300,11,,,0,40,,4301,11,,,0,80,,4302,11,,,0,80,,4303,11,,,0,40,,4304,11,,,0,80,,4305,11,,,0,85,,4306,11,,,0,80,,4307,11,,,0,41,,4308,11,,,0,80,,4309,11,,,0,80,,4310,11,,,0,40,,4311,11,,,0,80,,4312,11,,,0,85,,4313,11,,,0,40,,4314,11,,,0,80,,4315,11,,,0,80,,4316,11,,,0
1000900,'100014',525,,4327,11,,,0,30,,4328,11,,,0,70,,4329,11,,,0,30,,4330,11,,,0,70,,4331,11,,,0,30,,4332,11,,,0,62,,4333,11,,,0,28,,4334,11,,,0,74,,4335,11,,,0,20,,4336,11,,,0,70,,4337,11,,,0,30,,4338,11,,,0,70,,4339,11,,,0,30,,4340,11,,,0,70,,4341,11,,,0,30,,4342,11,,,0,70,,4343,11,,,0,30,,4344,11,,,0,72,,4345,11,,,0,30,,4346,11,,,0,70,,4347,11,,,0,28,,4348,11,,,0,72,,4349,11,,,0,30,,4350,11,,,0,18,,4351,11,,,0,85,,4320,11,,,0,70,,4321,11,,,0,30,,4324,11,,,0,70,,4317,11,,,0,29,,4319,11,,,0,84,,4325,11,,,0,85,,4323,11,,,0,35,,4322,11,,,0,75,,4326,11,,,0,35,,4318,11,,,0
2000900,'100012',758,,4352,11,,,0,80,,4353,11,,,0,80,,4354,11,,,0,40,,4355,11,,,0,80,,4356,11,,,0,80,,4357,11,,,0,40,,4358,11,,,0,80,,4359,11,,,0,85,,4360,11,,,0,80,,4361,11,,,0,41,,4362,11,,,0,80,,4363,11,,,0,85,,4364,11,,,0,40,,4365,11,,,0,80,,4366,11,,,0,80,,4367,11,,,0,40,,4368,11,,,0
2000900,'100013',758,,4369,11,,,0,80,,4370,11,,,0,80,,4371,11,,,0,40,,4372,11,,,0,80,,4373,11,,,0,80,,4374,11,,,0,40,,4375,11,,,0,80,,4376,11,,,0,85,,4377,11,,,0,80,,4378,11,,,0,41,,4379,11,,,0,80,,4380,11,,,0,85,,4381,11,,,0,40,,4382,11,,,0,80,,4383,11,,,0,80,,4384,11,,,0,40,,4385,11,,,0
2000900,'100014',549,,4386,11,,,0,60,,4387,11,,,0,30,,4388,11,,,0,70,,4389,11,,,0,30,,4390,11,,,0,20,,4391,11,,,0,80,,4392,11,,,0,62,,4417,11,,,0,28,,4393,11,,,0,29,,4394,11,,,0,60,,4395,11,,,0,30,,4396,11,,,0,70,,4397,11,,,0,30,,4398,11,,,0,70,,4399,11,,,0,30,,4400,11,,,0,70,,4401,11,,,0,30,,4402,11,,,0,72,,4403,11,,,0,31,,4404,11,,,0,70,,4405,11,,,0,34,,4406,11,,,0,64,,4407,11,,,0,32,,4408,11,,,0,78,,4409,11,,,0,30,,4410,11,,,0,70,,4411,11,,,0,30,,4412,11,,,0,70,,4413,11,,,0,25,,4414,11,,,0,73,,4415,11,,,0,74,,4416,11,,,0,45,,4418,11,,,0,75,,4419,11,,,0,36,,4420,11,,,0
