400,'100009',531,,749,14,0,17 3 15 7 16,0,70,,728,14,0,17 3 15 7 16,0,30,,720,14,0,17 3 15 7 16,0,18,,747,14,0,17 3 15 7 16,0,52,,729,14,0,17 3 15 7 16,0,30,,721,14,0,17 3 15 7 16,0,70,,730,14,0,17 3 15 7 16,0,40,,722,14,0,17 3 15 7 16,0,69,,748,14,0,17 3 15 7 16,0,31,,723,14,0,17 3 15 7 16,0,70,,744,14,0,17 3 15 7 16,0,30,,724,14,0,17 3 15 7 16,0,70,,745,14,0,17 3 15 7 16,0,30,,725,14,0,17 3 15 7 16,0,70,,746,14,0,17 3 15 7 16,0,38,,726,14,0,17 3 15 7 16,0,75,,751,14,0,17 3 15 7 16,0,35,,727,14,0,17 3 15 7 16,0,75,,731,14,0,17 3 15 7 16,0,75,,750,14,0,17 3 15 7 16,0,35,,732,14,0,17 3 15 7 16,0,75,,733,14,0,17 3 15 7 16,0,40,,739,14,0,17 3 15 7 16,0,85,,734,14,0,17 3 15 7 16,0,70,,740,14,0,17 3 15 7 16,0,30,,735,14,0,17 3 15 7 16,0,70,,741,14,0,17 3 15 7 16,0,30,,736,14,0,17 3 15 7 16,0,85,,742,14,0,17 3 15 7 16,0,30,,737,14,0,17 3 15 7 16,0,70,,743,14,0,17 3 15 7 16,0,30,,738,14,0,17 3 15 7 16,0,70,,752,14,0,17 3 15 7 16,0,30,,753,14,0,17 3 15 7 16,0
400,'100010',739,,754,14,0,17 3 15 7 16,0,70,,767,14,0,17 3 15 7 16,0,30,,755,14,0,17 3 15 7 16,0,70,,768,14,0,17 3 15 7 16,0,30,,756,14,0,17 3 15 7 16,0,70,,769,14,0,17 3 15 7 16,0,30,,757,14,0,17 3 15 7 16,0,70,,770,14,0,17 3 15 7 16,0,30,,758,14,0,17 3 15 7 16,0,70,,771,14,0,17 3 15 7 16,0,45,,759,14,0,17 3 15 7 16,0,70,,772,14,0,17 3 15 7 16,0,30,,760,14,0,17 3 15 7 16,0,70,,773,14,0,17 3 15 7 16,0,30,,761,14,0,17 3 15 7 16,0,70,,774,14,0,17 3 15 7 16,0,30,,762,14,0,17 3 15 7 16,0,85,,775,14,0,17 3 15 7 16,0,70,,763,14,0,17 3 15 7 16,0,30,,776,14,0,17 3 15 7 16,0,70,,764,14,0,17 3 15 7 16,0,30,,766,14,0,17 3 15 7 16,0,70,,765,14,0,17 3 15 7 16,0
400,'100011',739,,2373,14,0,17 3 15 7 16,0,70,,2386,14,0,17 3 15 7 16,0,30,,2374,14,0,17 3 15 7 16,0,70,,2387,14,0,17 3 15 7 16,0,30,,2375,14,0,17 3 15 7 16,0,70,,2388,14,0,17 3 15 7 16,0,30,,2376,14,0,17 3 15 7 16,0,70,,2389,14,0,17 3 15 7 16,0,30,,2377,14,0,17 3 15 7 16,0,70,,2390,14,0,17 3 15 7 16,0,45,,2378,14,0,17 3 15 7 16,0,70,,2391,14,0,17 3 15 7 16,0,30,,2379,14,0,17 3 15 7 16,0,70,,2392,14,0,17 3 15 7 16,0,30,,2380,14,0,17 3 15 7 16,0,70,,2393,14,0,17 3 15 7 16,0,30,,2381,14,0,17 3 15 7 16,0,85,,2394,14,0,17 3 15 7 16,0,70,,2382,14,0,17 3 15 7 16,0,30,,2395,14,0,17 3 15 7 16,0,70,,2383,14,0,17 3 15 7 16,0,30,,2385,14,0,17 3 15 7 16,0,70,,2384,14,0,17 3 15 7 16,0,30,,2396,14,0,17 3 15 7 16,0,70,,2397,14,0,17 3 15 7 16,0
400,'100012',739,,2398,14,0,17 3 15 7 16,0,70,,2411,14,0,17 3 15 7 16,0,30,,2399,14,0,17 3 15 7 16,0,70,,2412,14,0,17 3 15 7 16,0,30,,2400,14,0,17 3 15 7 16,0,70,,2413,14,0,17 3 15 7 16,0,30,,2401,14,0,17 3 15 7 16,0,70,,2414,14,0,17 3 15 7 16,0,30,,2402,14,0,17 3 15 7 16,0,70,,2415,14,0,17 3 15 7 16,0,45,,2403,14,0,17 3 15 7 16,0,70,,2416,14,0,17 3 15 7 16,0,30,,2404,14,0,17 3 15 7 16,0,70,,2417,14,0,17 3 15 7 16,0,30,,2405,14,0,17 3 15 7 16,0,70,,2418,14,0,17 3 15 7 16,0,30,,2406,14,0,17 3 15 7 16,0,85,,2419,14,0,17 3 15 7 16,0,70,,2407,14,0,17 3 15 7 16,0,30,,2420,14,0,17 3 15 7 16,0,70,,2408,14,0,17 3 15 7 16,0,30,,2410,14,0,17 3 15 7 16,0,70,,2409,14,0,17 3 15 7 16,0
400,'100013',531,,2450,14,0,17 3 15 7 16,0,70,,2429,14,0,17 3 15 7 16,0,30,,2421,14,0,17 3 15 7 16,0,18,,2448,14,0,17 3 15 7 16,0,52,,2430,14,0,17 3 15 7 16,0,30,,2422,14,0,17 3 15 7 16,0,70,,2431,14,0,17 3 15 7 16,0,40,,2423,14,0,17 3 15 7 16,0,69,,2449,14,0,17 3 15 7 16,0,31,,2424,14,0,17 3 15 7 16,0,70,,2445,14,0,17 3 15 7 16,0,30,,2425,14,0,17 3 15 7 16,0,70,,2446,14,0,17 3 15 7 16,0,30,,2426,14,0,17 3 15 7 16,0,70,,2447,14,0,17 3 15 7 16,0,38,,2427,14,0,17 3 15 7 16,0,75,,2452,14,0,17 3 15 7 16,0,35,,2428,14,0,17 3 15 7 16,0,75,,2432,14,0,17 3 15 7 16,0,75,,2451,14,0,17 3 15 7 16,0,35,,2433,14,0,17 3 15 7 16,0,75,,2434,14,0,17 3 15 7 16,0,40,,2440,14,0,17 3 15 7 16,0,85,,2435,14,0,17 3 15 7 16,0,70,,2441,14,0,17 3 15 7 16,0,30,,2436,14,0,17 3 15 7 16,0,70,,2442,14,0,17 3 15 7 16,0,30,,2437,14,0,17 3 15 7 16,0,85,,2443,14,0,17 3 15 7 16,0,30,,2438,14,0,17 3 15 7 16,0,70,,2444,14,0,17 3 15 7 16,0,30,,2439,14,0,17 3 15 7 16,0,70,,2453,14,0,17 3 15 7 16,0,30,,2454,14,0,17 3 15 7 16,0
400,'100014',531,,2484,14,0,17 3 15 7 16,0,70,,2463,14,0,17 3 15 7 16,0,30,,2455,14,0,17 3 15 7 16,0,18,,2482,14,0,17 3 15 7 16,0,52,,2464,14,0,17 3 15 7 16,0,30,,2456,14,0,17 3 15 7 16,0,70,,2465,14,0,17 3 15 7 16,0,40,,2457,14,0,17 3 15 7 16,0,69,,2483,14,0,17 3 15 7 16,0,31,,2458,14,0,17 3 15 7 16,0,70,,2479,14,0,17 3 15 7 16,0,30,,2459,14,0,17 3 15 7 16,0,70,,2480,14,0,17 3 15 7 16,0,30,,2460,14,0,17 3 15 7 16,0,70,,2481,14,0,17 3 15 7 16,0,38,,2461,14,0,17 3 15 7 16,0,75,,2486,14,0,17 3 15 7 16,0,35,,2462,14,0,17 3 15 7 16,0,75,,2466,14,0,17 3 15 7 16,0,75,,2485,14,0,17 3 15 7 16,0,35,,2467,14,0,17 3 15 7 16,0,75,,2468,14,0,17 3 15 7 16,0,40,,2474,14,0,17 3 15 7 16,0,85,,2469,14,0,17 3 15 7 16,0,70,,2475,14,0,17 3 15 7 16,0,30,,2470,14,0,17 3 15 7 16,0,70,,2476,14,0,17 3 15 7 16,0,30,,2471,14,0,17 3 15 7 16,0,85,,2477,14,0,17 3 15 7 16,0,30,,2472,14,0,17 3 15 7 16,0,70,,2478,14,0,17 3 15 7 16,0,30,,2473,14,0,17 3 15 7 16,0,70,,2487,14,0,17 3 15 7 16,0,30,,2488,14,0,17 3 15 7 16,0
400,'100015',739,,2489,14,0,17 3 15 7 16,0,70,,2490,14,0,17 3 15 7 16,0,30,,2491,14,0,17 3 15 7 16,0,70,,2492,14,0,17 3 15 7 16,0,30,,2493,14,0,17 3 15 7 16,0,70,,2494,14,0,17 3 15 7 16,0,30,,2495,14,0,17 3 15 7 16,0,70,,2496,14,0,17 3 15 7 16,0,30,,2497,14,0,17 3 15 7 16,0,70,,2498,14,0,17 3 15 7 16,0,45,,2499,14,0,17 3 15 7 16,0,70,,2500,14,0,17 3 15 7 16,0,30,,2501,14,0,17 3 15 7 16,0,70,,2502,14,0,17 3 15 7 16,0,30,,2503,14,0,17 3 15 7 16,0,70,,2504,14,0,17 3 15 7 16,0,30,,2505,14,0,17 3 15 7 16,0,85,,2507,14,0,17 3 15 7 16,0,70,,2508,14,0,17 3 15 7 16,0,30,,2509,14,0,17 3 15 7 16,0,70,,2510,14,0,17 3 15 7 16,0,30,,2511,14,0,17 3 15 7 16,0,70,,2506,14,0,17 3 15 7 16,0
5201,'100009',745,,1365,28,0,7 8 9,0
5201,'100013',745,,3169,28,0,7 8 9,0
5400,'100009',739,,1370,28,0,7 18,0
5400,'100013',739,,3174,28,0,7 18,0
