300,'100009',826,,2156,33,0,15 7 16 3 17,0,100,,2157,33,0,15 7 16 3 17,0,100,,2158,33,0,15 7 16 3 17,0,100,,2159,33,0,15 7 16 3 17,0,100,,2160,33,0,15 7 16 3 17,0,115,,2166,33,0,15 7 16 3 17,0,100,,2161,33,0,15 7 16 3 17,0,100,,2162,33,0,15 7 16 3 17,0,100,,2163,33,0,15 7 16 3 17,0,115,,2164,33,0,15 7 16 3 17,0,100,,2165,33,0,15 7 16 3 17,0,100,,2167,33,0,15 7 16 3 17,0
300,'100010',826,,2168,33,0,15 7 16 3 17,0,100,,2169,33,0,15 7 16 3 17,0,100,,2170,33,0,15 7 16 3 17,0,100,,2171,33,0,15 7 16 3 17,0,100,,2172,33,0,15 7 16 3 17,0,115,,2178,33,0,15 7 16 3 17,0,100,,2173,33,0,15 7 16 3 17,0,100,,2174,33,0,15 7 16 3 17,0,100,,2175,33,0,15 7 16 3 17,0,115,,2176,33,0,15 7 16 3 17,0,100,,2177,33,0,15 7 16 3 17,0
300,'100011',549,,2179,33,0,15 7 16 3 17,0,70,,2180,33,0,15 7 16 3 17,0,15,,2186,33,0,15 7 16 3 17,0,15,,2181,33,0,15 7 16 3 17,0,70,,2182,33,0,15 7 16 3 17,0,30,,2183,33,0,15 7 16 3 17,0,70,,2184,33,0,15 7 16 3 17,0,10,,2187,33,0,15 7 16 3 17,0,20,,2185,33,0,15 7 16 3 17,0,80,,2188,33,0,15 7 16 3 17,0,30,,2192,33,0,15 7 16 3 17,0,70,,2189,33,0,15 7 16 3 17,0,30,,2193,33,0,15 7 16 3 17,0,70,,2190,33,0,15 7 16 3 17,0,30,,2194,33,0,15 7 16 3 17,0,74,,2191,33,0,15 7 16 3 17,0,70,,2195,33,0,15 7 16 3 17,0,43,,2196,33,0,15 7 16 3 17,0,75,,2197,33,0,15 7 16 3 17,0,35,,2198,33,0,15 7 16 3 17,0,1,,2199,33,0,15 7 16 3 17,0,53,,2200,33,0,15 7 16 3 17,0,21,,2201,33,0,15 7 16 3 17,0,75,,2202,33,0,15 7 16 3 17,0,5,,2203,33,0,15 7 16 3 17,0,30,,2204,33,0,15 7 16 3 17,0,75,,2205,33,0,15 7 16 3 17,0,40,,2206,33,0,15 7 16 3 17,0,76,,2207,33,0,15 7 16 3 17,0,70,,2208,33,0,15 7 16 3 17,0,30,,2209,33,0,15 7 16 3 17,0,70,,2210,33,0,15 7 16 3 17,0,30,,2211,33,0,15 7 16 3 17,0,85,,2212,33,0,15 7 16 3 17,0,30,,2213,33,0,15 7 16 3 17,0,70,,2214,33,0,15 7 16 3 17,0,30,,2215,33,0,15 7 16 3 17,0
300,'100012',549,,2216,33,0,15 7 16 3 17,0,70,,2217,33,0,15 7 16 3 17,0,15,,2223,33,0,15 7 16 3 17,0,15,,2218,33,0,15 7 16 3 17,0,70,,2219,33,0,15 7 16 3 17,0,30,,2220,33,0,15 7 16 3 17,0,70,,2221,33,0,15 7 16 3 17,0,10,,2224,33,0,15 7 16 3 17,0,20,,2222,33,0,15 7 16 3 17,0,80,,2225,33,0,15 7 16 3 17,0,30,,2229,33,0,15 7 16 3 17,0,70,,2226,33,0,15 7 16 3 17,0,30,,2230,33,0,15 7 16 3 17,0,70,,2227,33,0,15 7 16 3 17,0,30,,2231,33,0,15 7 16 3 17,0,74,,2228,33,0,15 7 16 3 17,0,70,,2232,33,0,15 7 16 3 17,0,43,,2233,33,0,15 7 16 3 17,0,75,,2234,33,0,15 7 16 3 17,0,35,,2235,33,0,15 7 16 3 17,0,1,,2236,33,0,15 7 16 3 17,0,53,,2237,33,0,15 7 16 3 17,0,21,,2238,33,0,15 7 16 3 17,0,75,,2239,33,0,15 7 16 3 17,0,5,,2240,33,0,15 7 16 3 17,0,30,,2241,33,0,15 7 16 3 17,0,75,,2242,33,0,15 7 16 3 17,0,40,,2243,33,0,15 7 16 3 17,0,76,,2244,33,0,15 7 16 3 17,0,70,,2245,33,0,15 7 16 3 17,0,30,,2246,33,0,15 7 16 3 17,0,70,,2247,33,0,15 7 16 3 17,0,30,,2248,33,0,15 7 16 3 17,0,85,,2249,33,0,15 7 16 3 17,0,30,,2250,33,0,15 7 16 3 17,0,70,,2251,33,0,15 7 16 3 17,0,30,,2252,33,0,15 7 16 3 17,0
300,'100013',826,,2253,33,0,15 7 16 3 17,0,100,,2254,33,0,15 7 16 3 17,0,100,,2255,33,0,15 7 16 3 17,0,100,,2256,33,0,15 7 16 3 17,0,100,,2257,33,0,15 7 16 3 17,0,115,,2258,33,0,15 7 16 3 17,0,100,,2259,33,0,15 7 16 3 17,0,100,,2260,33,0,15 7 16 3 17,0,100,,2261,33,0,15 7 16 3 17,0,115,,2262,33,0,15 7 16 3 17,0,100,,2263,33,0,15 7 16 3 17,0
400,'100009',757,,2373,41,,,0,70,,2386,41,,,0,30,,2374,41,,,0,70,,2387,41,,,0,30,,2375,41,,,0,70,,2388,41,,,0,30,,2376,41,,,0,70,,2389,41,,,0,30,,2377,41,,,0,70,,2390,41,,,0,85,,2378,41,,,0,30,,2391,41,,,0,70,,2379,41,,,0,30,,2392,41,,,0,70,,2380,41,,,0,30,,2393,41,,,0,70,,2381,41,,,0,45,,2394,41,,,0,70,,2382,41,,,0,30,,2395,41,,,0,70,,2383,41,,,0,30,,2385,41,,,0,70,,2384,41,,,0,30,,2396,41,,,0,70,,2397,41,,,0
400,'100010',757,,2398,41,,,0,70,,2411,41,,,0,30,,2399,41,,,0,70,,2412,41,,,0,30,,2400,41,,,0,70,,2413,41,,,0,30,,2401,41,,,0,70,,2414,41,,,0,30,,2402,41,,,0,70,,2415,41,,,0,85,,2403,41,,,0,30,,2416,41,,,0,70,,2404,41,,,0,30,,2417,41,,,0,70,,2405,41,,,0,30,,2418,41,,,0,70,,2406,41,,,0,45,,2419,41,,,0,70,,2407,41,,,0,30,,2420,41,,,0,70,,2408,41,,,0,30,,2410,41,,,0,70,,2409,41,,,0
400,'100011',549,,2450,41,,,0,70,,2429,41,,,0,30,,2421,41,,,0,58,,2448,41,,,0,12,,2430,41,,,0,30,,2422,41,,,0,70,,2431,41,,,0,40,,2423,41,,,0,70,,2449,41,,,0,30,,2424,41,,,0,70,,2445,41,,,0,30,,2425,41,,,0,70,,2446,41,,,0,30,,2426,41,,,0,70,,2447,41,,,0,80,,2427,41,,,0,35,,2452,41,,,0,75,,2428,41,,,0,35,,2432,41,,,0,75,,2451,41,,,0,75,,2433,41,,,0,35,,2434,41,,,0,80,,2440,41,,,0,83,,2435,41,,,0,30,,2441,41,,,0,70,,2436,41,,,0,30,,2442,41,,,0,70,,2437,41,,,0,45,,2443,41,,,0,70,,2438,41,,,0,30,,2444,41,,,0,70,,2439,41,,,0,30,,2453,41,,,0,70,,2454,41,,,0
400,'100012',549,,2484,41,,,0,70,,2463,41,,,0,30,,2455,41,,,0,58,,2482,41,,,0,12,,2464,41,,,0,30,,2456,41,,,0,70,,2465,41,,,0,40,,2457,41,,,0,70,,2483,41,,,0,30,,2458,41,,,0,70,,2479,41,,,0,30,,2459,41,,,0,70,,2480,41,,,0,30,,2460,41,,,0,70,,2481,41,,,0,80,,2461,41,,,0,35,,2486,41,,,0,75,,2462,41,,,0,35,,2466,41,,,0,75,,2485,41,,,0,75,,2467,41,,,0,35,,2468,41,,,0,80,,2474,41,,,0,83,,2469,41,,,0,30,,2475,41,,,0,70,,2470,41,,,0,30,,2476,41,,,0,70,,2471,41,,,0,45,,2477,41,,,0,70,,2472,41,,,0,30,,2478,41,,,0,70,,2473,41,,,0,30,,2487,41,,,0,70,,2488,41,,,0
400,'100013',757,,2489,41,,,0,70,,2490,41,,,0,30,,2491,41,,,0,70,,2492,41,,,0,30,,2493,41,,,0,70,,2494,41,,,0,30,,2495,41,,,0,70,,2496,41,,,0,30,,2497,41,,,0,70,,2498,41,,,0,85,,2499,41,,,0,30,,2500,41,,,0,70,,2501,41,,,0,30,,2502,41,,,0,70,,2503,41,,,0,30,,2504,41,,,0,70,,2505,41,,,0,45,,2507,41,,,0,70,,2508,41,,,0,30,,2509,41,,,0,70,,2510,41,,,0,30,,2511,41,,,0,70,,2506,41,,,0
