301,'100009',537,,626,22,0,15 7 16 3 17,0,70,,627,22,0,15 7 16 3 17,0,30,,628,22,0,15 7 16 3 17,0,70,,629,22,0,15 7 16 3 17,0,30,,630,22,0,15 7 16 3 17,0,10,,631,22,0,15 7 16 3 17,0,60,,636,22,0,15 7 16 3 17,0,40,,632,22,0,15 7 16 3 17,0,70,,637,22,0,15 7 16 3 17,0,30,,633,22,0,15 7 16 3 17,0,70,,638,22,0,15 7 16 3 17,0,30,,634,22,0,15 7 16 3 17,0,70,,639,22,0,15 7 16 3 17,0,30,,635,22,0,15 7 16 3 17,0,70,,640,22,0,15 7 16 3 17,0,39,,641,22,0,15 7 16 3 17,0,75,,642,22,0,15 7 16 3 17,0,75,,643,22,0,15 7 16 3 17,0,14,,644,22,0,15 7 16 3 17,0,21,,645,22,0,15 7 16 3 17,0,75,,646,22,0,15 7 16 3 17,0,5,,661,22,0,15 7 16 3 17,0,30,,647,22,0,15 7 16 3 17,0,75,,648,22,0,15 7 16 3 17,0,80,,649,22,0,15 7 16 3 17,0,44,,650,22,0,15 7 16 3 17,0,70,,651,22,0,15 7 16 3 17,0,30,,652,22,0,15 7 16 3 17,0,70,,653,22,0,15 7 16 3 17,0,30,,654,22,0,15 7 16 3 17,0,85,,655,22,0,15 7 16 3 17,0,70,,656,22,0,15 7 16 3 17,0,30,,657,22,0,15 7 16 3 17,0,70,,658,22,0,15 7 16 3 17,0,30,,659,22,0,15 7 16 3 17,0,70,,660,22,0,15 7 16 3 17,0
301,'100010',742,,665,22,0,15 7 16 3 17,0,100,,666,22,0,15 7 16 3 17,0,100,,667,22,0,15 7 16 3 17,0,101,,668,22,0,15 7 16 3 17,0,100,,669,22,0,15 7 16 3 17,0,115,,670,22,0,15 7 16 3 17,0,100,,671,22,0,15 7 16 3 17,0,100,,672,22,0,15 7 16 3 17,0,100,,673,22,0,15 7 16 3 17,0,155,,664,22,0,15 7 16 3 17,0,100,,662,22,0,15 7 16 3 17,0,100,,663,22,0,15 7 16 3 17,0
301,'100011',742,,2267,22,0,15 7 16 3 17,0,100,,2268,22,0,15 7 16 3 17,0,100,,2269,22,0,15 7 16 3 17,0,101,,2270,22,0,15 7 16 3 17,0,100,,2271,22,0,15 7 16 3 17,0,115,,2272,22,0,15 7 16 3 17,0,100,,2273,22,0,15 7 16 3 17,0,100,,2274,22,0,15 7 16 3 17,0,100,,2275,22,0,15 7 16 3 17,0,155,,2266,22,0,15 7 16 3 17,0,100,,2264,22,0,15 7 16 3 17,0,100,,2265,22,0,15 7 16 3 17,0,100,,2276,22,0,15 7 16 3 17,0
301,'100012',742,,2280,22,0,15 7 16 3 17,0,100,,2281,22,0,15 7 16 3 17,0,100,,2282,22,0,15 7 16 3 17,0,101,,2283,22,0,15 7 16 3 17,0,100,,2284,22,0,15 7 16 3 17,0,115,,2285,22,0,15 7 16 3 17,0,100,,2286,22,0,15 7 16 3 17,0,100,,2287,22,0,15 7 16 3 17,0,100,,2288,22,0,15 7 16 3 17,0,155,,2279,22,0,15 7 16 3 17,0,100,,2277,22,0,15 7 16 3 17,0,100,,2278,22,0,15 7 16 3 17,0
301,'100013',537,,2289,22,0,15 7 16 3 17,0,70,,2290,22,0,15 7 16 3 17,0,30,,2291,22,0,15 7 16 3 17,0,70,,2292,22,0,15 7 16 3 17,0,30,,2293,22,0,15 7 16 3 17,0,10,,2294,22,0,15 7 16 3 17,0,60,,2299,22,0,15 7 16 3 17,0,40,,2295,22,0,15 7 16 3 17,0,70,,2300,22,0,15 7 16 3 17,0,30,,2296,22,0,15 7 16 3 17,0,70,,2301,22,0,15 7 16 3 17,0,30,,2297,22,0,15 7 16 3 17,0,70,,2302,22,0,15 7 16 3 17,0,30,,2298,22,0,15 7 16 3 17,0,70,,2303,22,0,15 7 16 3 17,0,39,,2304,22,0,15 7 16 3 17,0,75,,2305,22,0,15 7 16 3 17,0,75,,2306,22,0,15 7 16 3 17,0,14,,2307,22,0,15 7 16 3 17,0,21,,2308,22,0,15 7 16 3 17,0,75,,2309,22,0,15 7 16 3 17,0,5,,2324,22,0,15 7 16 3 17,0,30,,2310,22,0,15 7 16 3 17,0,75,,2311,22,0,15 7 16 3 17,0,80,,2312,22,0,15 7 16 3 17,0,44,,2313,22,0,15 7 16 3 17,0,70,,2314,22,0,15 7 16 3 17,0,30,,2315,22,0,15 7 16 3 17,0,70,,2316,22,0,15 7 16 3 17,0,30,,2317,22,0,15 7 16 3 17,0,85,,2318,22,0,15 7 16 3 17,0,70,,2319,22,0,15 7 16 3 17,0,30,,2320,22,0,15 7 16 3 17,0,70,,2321,22,0,15 7 16 3 17,0,30,,2322,22,0,15 7 16 3 17,0,70,,2323,22,0,15 7 16 3 17,0
301,'100014',537,,2325,22,0,15 7 16 3 17,0,70,,2326,22,0,15 7 16 3 17,0,30,,2327,22,0,15 7 16 3 17,0,70,,2328,22,0,15 7 16 3 17,0,30,,2329,22,0,15 7 16 3 17,0,10,,2330,22,0,15 7 16 3 17,0,60,,2335,22,0,15 7 16 3 17,0,40,,2331,22,0,15 7 16 3 17,0,70,,2336,22,0,15 7 16 3 17,0,30,,2332,22,0,15 7 16 3 17,0,70,,2337,22,0,15 7 16 3 17,0,30,,2333,22,0,15 7 16 3 17,0,70,,2338,22,0,15 7 16 3 17,0,30,,2334,22,0,15 7 16 3 17,0,70,,2339,22,0,15 7 16 3 17,0,39,,2340,22,0,15 7 16 3 17,0,75,,2341,22,0,15 7 16 3 17,0,75,,2342,22,0,15 7 16 3 17,0,14,,2343,22,0,15 7 16 3 17,0,21,,2344,22,0,15 7 16 3 17,0,75,,2345,22,0,15 7 16 3 17,0,5,,2360,22,0,15 7 16 3 17,0,30,,2346,22,0,15 7 16 3 17,0,75,,2347,22,0,15 7 16 3 17,0,80,,2348,22,0,15 7 16 3 17,0,44,,2349,22,0,15 7 16 3 17,0,70,,2350,22,0,15 7 16 3 17,0,30,,2351,22,0,15 7 16 3 17,0,70,,2352,22,0,15 7 16 3 17,0,30,,2353,22,0,15 7 16 3 17,0,85,,2354,22,0,15 7 16 3 17,0,70,,2355,22,0,15 7 16 3 17,0,30,,2356,22,0,15 7 16 3 17,0,70,,2357,22,0,15 7 16 3 17,0,30,,2358,22,0,15 7 16 3 17,0,70,,2359,22,0,15 7 16 3 17,0
301,'100015',742,,2364,22,0,15 7 16 3 17,0,100,,2365,22,0,15 7 16 3 17,0,100,,2366,22,0,15 7 16 3 17,0,101,,2367,22,0,15 7 16 3 17,0,100,,2368,22,0,15 7 16 3 17,0,115,,2369,22,0,15 7 16 3 17,0,100,,2370,22,0,15 7 16 3 17,0,100,,2371,22,0,15 7 16 3 17,0,100,,2372,22,0,15 7 16 3 17,0,155,,2361,22,0,15 7 16 3 17,0,100,,2362,22,0,15 7 16 3 17,0,100,,2363,22,0,15 7 16 3 17,0
5201,'100009',749,,1365,40,0,7 8 9,0
5201,'100013',749,,3169,40,0,7 8 9,0
5400,'100009',746,,1370,40,0,7 18,0
5400,'100013',746,,3174,40,0,7 18,0
