700,'100009',536,,1014,22,,,0,70,,1024,22,,,0,30,,1015,22,,,0,18,,1042,22,,,0,52,,1025,22,,,0,30,,1016,22,,,0,70,,1026,22,,,0,40,,1035,22,,,0,70,,1017,22,,,0,30,,1036,22,,,0,70,,1018,22,,,0,30,,1043,22,,,0,70,,1019,22,,,0,30,,1044,22,,,0,70,,1020,22,,,0,41,,1045,22,,,0,75,,1021,22,,,0,75,,1027,22,,,0,35,,1022,22,,,0,75,,1028,22,,,0,35,,1023,22,,,0,75,,1029,22,,,0,80,,1030,22,,,0,42,,1037,22,,,0,70,,1031,22,,,0,30,,1038,22,,,0,70,,1032,22,,,0,30,,1039,22,,,0,86,,1033,22,,,0,70,,1040,22,,,0,30,,1034,22,,,0,70,,1041,22,,,0,30,,1046,22,,,0,70,,1047,22,,,0
700,'100010',814,,1048,22,,,0,100,,1049,22,,,0,100,,1050,22,,,0,100,,1051,22,,,0,100,,1052,22,,,0,115,,1053,22,,,0,100,,1054,22,,,0,100,,1055,22,,,0,115,,1056,22,,,0,100,,1057,22,,,0,100,,1058,22,,,0
700,'100011',814,,2717,22,,,0,100,,2718,22,,,0,100,,2719,22,,,0,100,,2720,22,,,0,100,,2721,22,,,0,115,,2722,22,,,0,100,,2723,22,,,0,100,,2724,22,,,0,115,,2725,22,,,0,100,,2726,22,,,0,100,,2727,22,,,0,100,,2728,22,,,0
700,'100012',814,,2729,22,,,0,100,,2730,22,,,0,100,,2731,22,,,0,100,,2732,22,,,0,100,,2733,22,,,0,115,,2734,22,,,0,100,,2735,22,,,0,100,,2736,22,,,0,115,,2737,22,,,0,100,,2738,22,,,0,100,,2739,22,,,0
700,'100013',536,,2740,22,,,0,70,,2750,22,,,0,30,,2741,22,,,0,18,,2768,22,,,0,52,,2751,22,,,0,30,,2742,22,,,0,70,,2752,22,,,0,40,,2761,22,,,0,70,,2743,22,,,0,30,,2762,22,,,0,70,,2744,22,,,0,30,,2769,22,,,0,70,,2745,22,,,0,30,,2770,22,,,0,70,,2746,22,,,0,41,,2771,22,,,0,75,,2747,22,,,0,75,,2753,22,,,0,35,,2748,22,,,0,75,,2754,22,,,0,35,,2749,22,,,0,75,,2755,22,,,0,80,,2756,22,,,0,42,,2763,22,,,0,70,,2757,22,,,0,30,,2764,22,,,0,70,,2758,22,,,0,30,,2765,22,,,0,86,,2759,22,,,0,70,,2766,22,,,0,30,,2760,22,,,0,70,,2767,22,,,0,30,,2772,22,,,0,70,,2773,22,,,0
700,'100014',536,,2774,22,,,0,70,,2784,22,,,0,30,,2775,22,,,0,18,,2802,22,,,0,52,,2785,22,,,0,30,,2776,22,,,0,70,,2786,22,,,0,40,,2795,22,,,0,70,,2777,22,,,0,30,,2796,22,,,0,70,,2778,22,,,0,30,,2803,22,,,0,70,,2779,22,,,0,30,,2804,22,,,0,70,,2780,22,,,0,41,,2805,22,,,0,75,,2781,22,,,0,75,,2787,22,,,0,35,,2782,22,,,0,75,,2788,22,,,0,35,,2783,22,,,0,75,,2789,22,,,0,80,,2790,22,,,0,42,,2797,22,,,0,70,,2791,22,,,0,30,,2798,22,,,0,70,,2792,22,,,0,30,,2799,22,,,0,86,,2793,22,,,0,70,,2800,22,,,0,30,,2794,22,,,0,70,,2801,22,,,0,30,,2806,22,,,0,70,,2807,22,,,0
700,'100015',814,,2808,22,,,0,100,,2809,22,,,0,100,,2810,22,,,0,100,,2811,22,,,0,100,,2812,22,,,0,115,,2813,22,,,0,100,,2814,22,,,0,100,,2815,22,,,0,115,,2816,22,,,0,100,,2817,22,,,0,100,,2818,22,,,0
5100,'100009',739,,1361,6,0,7 8 9 10 11,0
5100,'100013',739,,3165,6,0,7 8 9 10 11,0
5101,'100009',1441,,1363,13,0,5 28,0,75,,1362,28,0,26 3 27,0
5101,'100013',1441,,3167,13,0,5 28,0,75,,3166,28,0,26 3 27,0
5300,'100009',803,,1367,22,,,0
5300,'100013',803,,3171,22,,,0
5301,'100009',1535,,1369,15,,,0
5301,'100013',1535,,3173,15,,,0
