500,'100009',608,,832,32,,,0,30,,848,32,,,0,70,,833,32,,,0,30,,849,32,,,0,70,,834,32,,,0,40,,835,32,,,0,70,,857,32,,,0,30,,836,32,,,0,70,,860,32,,,0,30,,837,32,,,0,70,,859,32,,,0,30,,838,32,,,0,70,,861,32,,,0,82,,839,32,,,0,35,,858,32,,,0,75,,840,32,,,0,35,,850,32,,,0,75,,841,32,,,0,35,,851,32,,,0,75,,842,32,,,0,80,,843,32,,,0,41,,852,32,,,0,70,,844,32,,,0,30,,853,32,,,0,70,,845,32,,,0,30,,854,32,,,0,85,,846,32,,,0,70,,855,32,,,0,30,,847,32,,,0,70,,856,32,,,0,30,,862,32,,,0,70,,863,32,,,0
500,'100010',816,,864,32,,,0,100,,865,32,,,0,100,,866,32,,,0,100,,867,32,,,0,100,,868,32,,,0,115,,869,32,,,0,100,,870,32,,,0,100,,871,32,,,0,115,,872,32,,,0,100,,873,32,,,0,100,,874,32,,,0
500,'100011',816,,2512,32,,,0,100,,2513,32,,,0,100,,2514,32,,,0,100,,2515,32,,,0,100,,2516,32,,,0,115,,2517,32,,,0,100,,2518,32,,,0,100,,2519,32,,,0,115,,2520,32,,,0,100,,2521,32,,,0,100,,2522,32,,,0,100,,2523,32,,,0
500,'100012',816,,2524,32,,,0,100,,2525,32,,,0,100,,2526,32,,,0,100,,2527,32,,,0,100,,2528,32,,,0,115,,2529,32,,,0,100,,2530,32,,,0,100,,2531,32,,,0,115,,2532,32,,,0,100,,2533,32,,,0,100,,2534,32,,,0
500,'100013',608,,2535,32,,,0,30,,2551,32,,,0,70,,2536,32,,,0,30,,2552,32,,,0,70,,2537,32,,,0,40,,2538,32,,,0,70,,2560,32,,,0,30,,2539,32,,,0,70,,2563,32,,,0,30,,2540,32,,,0,70,,2562,32,,,0,30,,2541,32,,,0,70,,2564,32,,,0,82,,2542,32,,,0,35,,2561,32,,,0,75,,2543,32,,,0,35,,2553,32,,,0,75,,2544,32,,,0,35,,2554,32,,,0,75,,2545,32,,,0,80,,2546,32,,,0,41,,2555,32,,,0,70,,2547,32,,,0,30,,2556,32,,,0,70,,2548,32,,,0,30,,2557,32,,,0,85,,2549,32,,,0,70,,2558,32,,,0,30,,2550,32,,,0,70,,2559,32,,,0,30,,2565,32,,,0,70,,2566,32,,,0
500,'100014',608,,2567,32,,,0,30,,2583,32,,,0,70,,2568,32,,,0,30,,2584,32,,,0,70,,2569,32,,,0,40,,2570,32,,,0,70,,2592,32,,,0,30,,2571,32,,,0,70,,2595,32,,,0,30,,2572,32,,,0,70,,2594,32,,,0,30,,2573,32,,,0,70,,2596,32,,,0,82,,2574,32,,,0,35,,2593,32,,,0,75,,2575,32,,,0,35,,2585,32,,,0,75,,2576,32,,,0,35,,2586,32,,,0,75,,2577,32,,,0,80,,2578,32,,,0,41,,2587,32,,,0,70,,2579,32,,,0,30,,2588,32,,,0,70,,2580,32,,,0,30,,2589,32,,,0,85,,2581,32,,,0,70,,2590,32,,,0,30,,2582,32,,,0,70,,2591,32,,,0,30,,2597,32,,,0,70,,2598,32,,,0
500,'100015',816,,2599,32,,,0,100,,2600,32,,,0,100,,2601,32,,,0,100,,2602,32,,,0,100,,2603,32,,,0,115,,2604,32,,,0,100,,2605,32,,,0,100,,2606,32,,,0,115,,2607,32,,,0,100,,2608,32,,,0,100,,2609,32,,,0
5200,'100009',1441,,1364,11,0,5 6,0
5200,'100013',1441,,3168,11,0,5 6,0
5201,'100009',740,,1365,19,0,7 8 9,0
5201,'100013',740,,3169,19,0,7 8 9,0
5400,'100009',733,,1370,19,0,7 18,0
5400,'100013',733,,3174,19,0,7 18,0
