309,'1476929',1708,,331,,,0
309,'1476930',1808,,332,,,0
309,'1476931',1908,,333,,,0
309,'1476932',737,,334,,,0
309,'1476933',837,,335,,,0
309,'1476934',937,,336,,,0
309,'1476935',1038,,337,,,0
309,'1476936',1138,,338,,,0
309,'1476937',1253,,339,,,0
309,'1476938',1353,,340,,,0
309,'1476939',1453,,341,,,0
309,'1476940',1553,,342,,,0
309,'1477265',531,,343,,,0
309,'1477266',601,,344,,,0
309,'1477267',631,,345,,,0
309,'1477268',701,,346,,,0
309,'1477269',731,,347,,,0
309,'1477270',741,,348,,,0
309,'1477271',841,,349,,,0
309,'1477272',941,,350,,,0
309,'1477273',1041,,351,,,0
309,'1477274',1141,,352,,,0
309,'1477275',801,,353,,,0
309,'1477276',911,,354,,,0
309,'1477277',1011,,355,,,0
309,'1477278',1111,,356,,,0
309,'1477279',1211,,357,,,0
309,'1477280',1249,,358,,,0
309,'1477281',1324,,359,,,0
309,'1477282',1359,,360,,,0
309,'1477283',1413,,361,,,0
309,'1477284',1434,,362,,,0
309,'1477285',1509,,363,,,0
309,'1477286',1544,,364,,,0
309,'1477287',1619,,365,,,0
309,'1477288',1659,,366,,,0
309,'1477289',1744,,367,,,0
309,'1477290',1814,,368,,,0
309,'1477291',1844,,369,,,0
309,'1477292',1914,,370,,,0
309,'1477293',1944,,371,,,0
309,'1477294',2029,,372,,,0
309,'1477295',2059,,373,,,0
309,'1477296',2129,,374,,,0
309,'1477297',2159,,375,,,0
309,'1477298',2229,,376,,,0
309,'1477299',2259,,377,,,0
309,'1477300',1514,,378,,,0
309,'1477565',1808,,427,,,0
309,'1477566',1908,,428,,,0
309,'1477567',1708,,429,,,0
309,'1477568',737,,430,,,0
309,'1477569',837,,431,,,0
309,'1477570',937,,432,,,0
309,'1477571',1038,,433,,,0
309,'1477572',1138,,434,,,0
309,'1477573',1253,,435,,,0
309,'1477574',1353,,436,,,0
309,'1477575',1453,,437,,,0
309,'1477576',1553,,438,,,0
