700,'100009',539,,1014,29,,,0,70,,1024,29,,,0,30,,1015,29,,,0,18,,1042,29,,,0,52,,1025,29,,,0,30,,1016,29,,,0,70,,1026,29,,,0,40,,1035,29,,,0,70,,1017,29,,,0,30,,1036,29,,,0,70,,1018,29,,,0,30,,1043,29,,,0,70,,1019,29,,,0,30,,1044,29,,,0,70,,1020,29,,,0,82,,1045,29,,,0,35,,1021,29,,,0,75,,1027,29,,,0,35,,1022,29,,,0,75,,1028,29,,,0,35,,1023,29,,,0,75,,1029,29,,,0,80,,1030,29,,,0,41,,1037,29,,,0,70,,1031,29,,,0,30,,1038,29,,,0,70,,1032,29,,,0,30,,1039,29,,,0,86,,1033,29,,,0,70,,1040,29,,,0,30,,1034,29,,,0,70,,1041,29,,,0,30,,1046,29,,,0,70,,1047,29,,,0
700,'100010',816,,1048,29,,,0,100,,1049,29,,,0,100,,1050,29,,,0,100,,1051,29,,,0,100,,1052,29,,,0,115,,1053,29,,,0,100,,1054,29,,,0,100,,1055,29,,,0,115,,1056,29,,,0,100,,1057,29,,,0,100,,1058,29,,,0
700,'100011',816,,2717,29,,,0,100,,2718,29,,,0,100,,2719,29,,,0,100,,2720,29,,,0,100,,2721,29,,,0,115,,2722,29,,,0,100,,2723,29,,,0,100,,2724,29,,,0,115,,2725,29,,,0,100,,2726,29,,,0,100,,2727,29,,,0,100,,2728,29,,,0
700,'100012',816,,2729,29,,,0,100,,2730,29,,,0,100,,2731,29,,,0,100,,2732,29,,,0,100,,2733,29,,,0,115,,2734,29,,,0,100,,2735,29,,,0,100,,2736,29,,,0,115,,2737,29,,,0,100,,2738,29,,,0,100,,2739,29,,,0
700,'100013',539,,2740,29,,,0,70,,2750,29,,,0,30,,2741,29,,,0,18,,2768,29,,,0,52,,2751,29,,,0,30,,2742,29,,,0,70,,2752,29,,,0,40,,2761,29,,,0,70,,2743,29,,,0,30,,2762,29,,,0,70,,2744,29,,,0,30,,2769,29,,,0,70,,2745,29,,,0,30,,2770,29,,,0,70,,2746,29,,,0,82,,2771,29,,,0,35,,2747,29,,,0,75,,2753,29,,,0,35,,2748,29,,,0,75,,2754,29,,,0,35,,2749,29,,,0,75,,2755,29,,,0,80,,2756,29,,,0,41,,2763,29,,,0,70,,2757,29,,,0,30,,2764,29,,,0,70,,2758,29,,,0,30,,2765,29,,,0,86,,2759,29,,,0,70,,2766,29,,,0,30,,2760,29,,,0,70,,2767,29,,,0,30,,2772,29,,,0,70,,2773,29,,,0
700,'100014',539,,2774,29,,,0,70,,2784,29,,,0,30,,2775,29,,,0,18,,2802,29,,,0,52,,2785,29,,,0,30,,2776,29,,,0,70,,2786,29,,,0,40,,2795,29,,,0,70,,2777,29,,,0,30,,2796,29,,,0,70,,2778,29,,,0,30,,2803,29,,,0,70,,2779,29,,,0,30,,2804,29,,,0,70,,2780,29,,,0,82,,2805,29,,,0,35,,2781,29,,,0,75,,2787,29,,,0,35,,2782,29,,,0,75,,2788,29,,,0,35,,2783,29,,,0,75,,2789,29,,,0,80,,2790,29,,,0,41,,2797,29,,,0,70,,2791,29,,,0,30,,2798,29,,,0,70,,2792,29,,,0,30,,2799,29,,,0,86,,2793,29,,,0,70,,2800,29,,,0,30,,2794,29,,,0,70,,2801,29,,,0,30,,2806,29,,,0,70,,2807,29,,,0
700,'100015',816,,2808,29,,,0,100,,2809,29,,,0,100,,2810,29,,,0,100,,2811,29,,,0,100,,2812,29,,,0,115,,2813,29,,,0,100,,2814,29,,,0,100,,2815,29,,,0,115,,2816,29,,,0,100,,2817,29,,,0,100,,2818,29,,,0
5100,'100009',745,,1361,13,0,7 8 9 10 11,0
5100,'100013',745,,3165,13,0,7 8 9 10 11,0
5101,'100009',1447,,1363,20,0,5 28,0,75,,1362,35,4,,0
5101,'100013',1447,,3167,20,0,5 28,0,75,,3166,35,4,,0
