600,'100009',538,,931,24,,,0,70,,921,24,,,0,18,,949,24,,,0,12,,932,24,,,0,70,,922,24,,,0,17,,950,24,,,0,13,,933,24,,,0,70,,923,24,,,0,39,,924,24,,,0,70,,941,24,,,0,30,,925,24,,,0,70,,942,24,,,0,30,,926,24,,,0,70,,951,24,,,0,30,,927,24,,,0,70,,952,24,,,0,41,,928,24,,,0,75,,953,24,,,0,75,,929,24,,,0,35,,934,24,,,0,75,,930,24,,,0,35,,943,24,,,0,75,,935,24,,,0,80,,944,24,,,0,42,,936,24,,,0,70,,945,24,,,0,30,,937,24,,,0,70,,946,24,,,0,30,,938,24,,,0,86,,947,24,,,0,70,,939,24,,,0,30,,948,24,,,0,70,,940,24,,,0,30,,955,24,,,0,70,,954,24,,,0
600,'100010',745,,956,24,,,0,100,,957,24,,,0,100,,958,24,,,0,100,,959,24,,,0,100,,960,24,,,0,155,,961,24,,,0,100,,962,24,,,0,100,,963,24,,,0,100,,964,24,,,0,115,,965,24,,,0,100,,966,24,,,0,100,,967,24,,,0
600,'100011',745,,2610,24,,,0,100,,2611,24,,,0,100,,2612,24,,,0,100,,2613,24,,,0,100,,2614,24,,,0,155,,2615,24,,,0,100,,2616,24,,,0,100,,2617,24,,,0,100,,2618,24,,,0,115,,2619,24,,,0,100,,2620,24,,,0,100,,2621,24,,,0,100,,2622,24,,,0
600,'100012',745,,2623,24,,,0,100,,2624,24,,,0,100,,2625,24,,,0,100,,2626,24,,,0,100,,2627,24,,,0,155,,2628,24,,,0,100,,2629,24,,,0,100,,2630,24,,,0,100,,2631,24,,,0,115,,2632,24,,,0,100,,2633,24,,,0,100,,2634,24,,,0
600,'100013',538,,2645,24,,,0,70,,2635,24,,,0,18,,2663,24,,,0,12,,2646,24,,,0,70,,2636,24,,,0,17,,2664,24,,,0,13,,2647,24,,,0,70,,2637,24,,,0,39,,2638,24,,,0,70,,2655,24,,,0,30,,2639,24,,,0,70,,2656,24,,,0,30,,2640,24,,,0,70,,2665,24,,,0,30,,2641,24,,,0,70,,2666,24,,,0,41,,2642,24,,,0,75,,2667,24,,,0,75,,2643,24,,,0,35,,2648,24,,,0,75,,2644,24,,,0,35,,2657,24,,,0,75,,2649,24,,,0,80,,2658,24,,,0,42,,2650,24,,,0,70,,2659,24,,,0,30,,2651,24,,,0,70,,2660,24,,,0,30,,2652,24,,,0,86,,2661,24,,,0,70,,2653,24,,,0,30,,2662,24,,,0,70,,2654,24,,,0,30,,2669,24,,,0,70,,2668,24,,,0
600,'100014',538,,2680,24,,,0,70,,2670,24,,,0,18,,2698,24,,,0,12,,2681,24,,,0,70,,2671,24,,,0,17,,2699,24,,,0,13,,2682,24,,,0,70,,2672,24,,,0,39,,2673,24,,,0,70,,2690,24,,,0,30,,2674,24,,,0,70,,2691,24,,,0,30,,2675,24,,,0,70,,2700,24,,,0,30,,2676,24,,,0,70,,2701,24,,,0,41,,2677,24,,,0,75,,2702,24,,,0,75,,2678,24,,,0,35,,2683,24,,,0,75,,2679,24,,,0,35,,2692,24,,,0,75,,2684,24,,,0,80,,2693,24,,,0,42,,2685,24,,,0,70,,2694,24,,,0,30,,2686,24,,,0,70,,2695,24,,,0,30,,2687,24,,,0,86,,2696,24,,,0,70,,2688,24,,,0,30,,2697,24,,,0,70,,2689,24,,,0,30,,2704,24,,,0,70,,2703,24,,,0
600,'100015',745,,2705,24,,,0,100,,2706,24,,,0,100,,2707,24,,,0,100,,2708,24,,,0,100,,2709,24,,,0,155,,2710,24,,,0,100,,2711,24,,,0,100,,2712,24,,,0,100,,2713,24,,,0,115,,2714,24,,,0,100,,2715,24,,,0,100,,2716,24,,,0
5000,'100009',736,,1358,3,0,7 8 9 10 11,0
5000,'100013',736,,3162,3,0,7 8 9 10 11,0
5001,'100009',1440,,1359,11,,,0,18,,1360,8,,,0
5001,'100013',1440,,3163,11,,,0,18,,3164,8,,,0
