1000909,'1476779',540,,898,,,0
1000909,'1476780',610,,899,,,0
1000909,'1476781',640,,900,,,0
1000909,'1476782',710,,901,,,0
1000909,'1476783',740,,902,,,0
1000909,'1476784',810,,903,,,0
1000909,'1476785',832,,904,,,0
1000909,'1476786',900,,905,,,0
1000909,'1476787',935,,906,,,0
1000909,'1476788',955,,907,,,0
1000909,'1476789',1025,,908,,,0
1000909,'1476790',1055,,909,,,0
1000909,'1476791',1125,,910,,,0
1000909,'1476792',1155,,911,,,0
1000909,'1476793',1225,,912,,,0
1000909,'1476794',1255,,913,,,0
1000909,'1476795',1325,,914,,,0
1000909,'1476796',1355,,915,,,0
1000909,'1476797',1428,,916,,,0
1000909,'1476798',1458,,917,,,0
1000909,'1476799',1532,,918,,,0
1000909,'1476800',1556,,919,,,0
1000909,'1476801',1628,,920,,,0
1000909,'1476802',1658,,921,,,0
1000909,'1476803',1716,,922,,,0
1000909,'1476804',1801,,923,,,0
1000909,'1476805',1831,,924,,,0
1000909,'1476806',1901,,925,,,0
1000909,'1476807',1931,,926,,,0
1000909,'1476808',1958,,927,,,0
1000909,'1476809',2042,,928,,,0
1000909,'1476810',2127,,929,,,0
1000909,'1476811',2202,,930,,,0
1000909,'1476812',2312,,931,,,0
1000909,'1476813',2237,,932,,,0
1000909,'1476831',753,,933,,,0
1000909,'1476832',833,,934,,,0
1000909,'1476833',913,,935,,,0
1000909,'1476834',953,,936,,,0
1000909,'1476835',1033,,937,,,0
1000909,'1476836',1113,,938,,,0
1000909,'1476837',1153,,939,,,0
1000909,'1476838',1238,,940,,,0
1000909,'1476839',1318,,941,,,0
1000909,'1476840',1359,,942,,,0
1000909,'1476841',1439,,943,,,0
1000909,'1476842',1519,,944,,,0
1000909,'1476843',1559,,945,,,0
1000909,'1476844',1639,,946,,,0
1000909,'1476845',1724,,947,,,0
1000909,'1476846',1804,,948,,,0
1000909,'1476847',1844,,949,,,0
1000909,'1476848',1924,,950,,,0
1000909,'1477594',753,,951,,,0
1000909,'1477595',833,,952,,,0
1000909,'1477596',913,,953,,,0
1000909,'1477597',953,,954,,,0
1000909,'1477598',1033,,955,,,0
1000909,'1477599',1113,,956,,,0
1000909,'1477600',1153,,957,,,0
1000909,'1477601',1238,,958,,,0
1000909,'1477602',1318,,959,,,0
1000909,'1477603',1359,,960,,,0
1000909,'1477604',1439,,961,,,0
1000909,'1477605',1519,,962,,,0
1000909,'1477606',1559,,963,,,0
1000909,'1477607',1639,,964,,,0
1000909,'1477608',1724,,965,,,0
1000909,'1477609',1804,,966,,,0
1000909,'1477610',1844,,967,,,0
1000909,'1477611',1924,,968,,,0
1000909,'1478041',1931,,969,,,0
1000909,'1478042',2312,,970,,,0
1000909,'1478043',1958,,971,,,0
1000909,'1478044',1801,,972,,,0
1000909,'1478045',1831,,973,,,0
1000909,'1478046',2202,,974,,,0
1000909,'1478047',2127,,975,,,0
1000909,'1478048',1901,,976,,,0
1000909,'1478049',2042,,977,,,0
1000909,'1478050',2237,,978,,,0
1000909,'1478051',540,,979,,,0
1000909,'1478052',610,,980,,,0
1000909,'1478053',640,,981,,,0
1000909,'1478054',710,,982,,,0
1000909,'1478055',740,,983,,,0
1000909,'1478056',810,,984,,,0
1000909,'1478057',832,,985,,,0
1000909,'1478058',900,,986,,,0
1000909,'1478059',935,,987,,,0
1000909,'1478060',955,,988,,,0
1000909,'1478061',1025,,989,,,0
1000909,'1478062',1055,,990,,,0
1000909,'1478063',1125,,991,,,0
1000909,'1478064',1155,,992,,,0
1000909,'1478065',1225,,993,,,0
1000909,'1478066',1255,,994,,,0
1000909,'1478067',1325,,995,,,0
1000909,'1478068',1355,,996,,,0
1000909,'1478069',1428,,997,,,0
1000909,'1478070',1458,,998,,,0
1000909,'1478071',1532,,999,,,0
1000909,'1478072',1556,,1000,,,0
1000909,'1478073',1628,,1001,,,0
1000909,'1478074',1658,,1002,,,0
1000909,'1478075',1716,,1003,,,0
