700,'100009',535,,1014,20,0,24 3 25,0,70,,1024,20,0,24 3 25,0,30,,1015,20,0,24 3 25,0,18,,1042,20,0,24 3 25,0,52,,1025,20,0,24 3 25,0,30,,1016,20,0,24 3 25,0,70,,1026,20,0,24 3 25,0,40,,1035,20,0,24 3 25,0,70,,1017,20,0,24 3 25,0,30,,1036,20,0,24 3 25,0,70,,1018,20,0,24 3 25,0,30,,1043,20,0,24 3 25,0,70,,1019,20,0,24 3 25,0,30,,1044,20,0,24 3 25,0,70,,1020,20,0,24 3 25,0,41,,1045,20,0,24 3 25,0,75,,1021,20,0,24 3 25,0,75,,1027,20,0,24 3 25,0,35,,1022,20,0,24 3 25,0,75,,1028,20,0,24 3 25,0,35,,1023,20,0,24 3 25,0,75,,1029,20,0,24 3 25,0,80,,1030,20,0,24 3 25,0,42,,1037,20,0,24 3 25,0,70,,1031,20,0,24 3 25,0,30,,1038,20,0,24 3 25,0,70,,1032,20,0,24 3 25,0,30,,1039,20,0,24 3 25,0,86,,1033,20,0,24 3 25,0,70,,1040,20,0,24 3 25,0,30,,1034,20,0,24 3 25,0,70,,1041,20,0,24 3 25,0,30,,1046,20,0,24 3 25,0,70,,1047,20,0,24 3 25,0
700,'100010',813,,1048,20,0,24 3 25,0,100,,1049,20,0,24 3 25,0,100,,1050,20,0,24 3 25,0,100,,1051,20,0,24 3 25,0,100,,1052,20,0,24 3 25,0,115,,1053,20,0,24 3 25,0,100,,1054,20,0,24 3 25,0,100,,1055,20,0,24 3 25,0,115,,1056,20,0,24 3 25,0,100,,1057,20,0,24 3 25,0,100,,1058,20,0,24 3 25,0
700,'100011',813,,2717,20,0,24 3 25,0,100,,2718,20,0,24 3 25,0,100,,2719,20,0,24 3 25,0,100,,2720,20,0,24 3 25,0,100,,2721,20,0,24 3 25,0,115,,2722,20,0,24 3 25,0,100,,2723,20,0,24 3 25,0,100,,2724,20,0,24 3 25,0,115,,2725,20,0,24 3 25,0,100,,2726,20,0,24 3 25,0,100,,2727,20,0,24 3 25,0,100,,2728,20,0,24 3 25,0
700,'100012',813,,2729,20,0,24 3 25,0,100,,2730,20,0,24 3 25,0,100,,2731,20,0,24 3 25,0,100,,2732,20,0,24 3 25,0,100,,2733,20,0,24 3 25,0,115,,2734,20,0,24 3 25,0,100,,2735,20,0,24 3 25,0,100,,2736,20,0,24 3 25,0,115,,2737,20,0,24 3 25,0,100,,2738,20,0,24 3 25,0,100,,2739,20,0,24 3 25,0
700,'100013',535,,2740,20,0,24 3 25,0,70,,2750,20,0,24 3 25,0,30,,2741,20,0,24 3 25,0,18,,2768,20,0,24 3 25,0,52,,2751,20,0,24 3 25,0,30,,2742,20,0,24 3 25,0,70,,2752,20,0,24 3 25,0,40,,2761,20,0,24 3 25,0,70,,2743,20,0,24 3 25,0,30,,2762,20,0,24 3 25,0,70,,2744,20,0,24 3 25,0,30,,2769,20,0,24 3 25,0,70,,2745,20,0,24 3 25,0,30,,2770,20,0,24 3 25,0,70,,2746,20,0,24 3 25,0,41,,2771,20,0,24 3 25,0,75,,2747,20,0,24 3 25,0,75,,2753,20,0,24 3 25,0,35,,2748,20,0,24 3 25,0,75,,2754,20,0,24 3 25,0,35,,2749,20,0,24 3 25,0,75,,2755,20,0,24 3 25,0,80,,2756,20,0,24 3 25,0,42,,2763,20,0,24 3 25,0,70,,2757,20,0,24 3 25,0,30,,2764,20,0,24 3 25,0,70,,2758,20,0,24 3 25,0,30,,2765,20,0,24 3 25,0,86,,2759,20,0,24 3 25,0,70,,2766,20,0,24 3 25,0,30,,2760,20,0,24 3 25,0,70,,2767,20,0,24 3 25,0,30,,2772,20,0,24 3 25,0,70,,2773,20,0,24 3 25,0
700,'100014',535,,2774,20,0,24 3 25,0,70,,2784,20,0,24 3 25,0,30,,2775,20,0,24 3 25,0,18,,2802,20,0,24 3 25,0,52,,2785,20,0,24 3 25,0,30,,2776,20,0,24 3 25,0,70,,2786,20,0,24 3 25,0,40,,2795,20,0,24 3 25,0,70,,2777,20,0,24 3 25,0,30,,2796,20,0,24 3 25,0,70,,2778,20,0,24 3 25,0,30,,2803,20,0,24 3 25,0,70,,2779,20,0,24 3 25,0,30,,2804,20,0,24 3 25,0,70,,2780,20,0,24 3 25,0,41,,2805,20,0,24 3 25,0,75,,2781,20,0,24 3 25,0,75,,2787,20,0,24 3 25,0,35,,2782,20,0,24 3 25,0,75,,2788,20,0,24 3 25,0,35,,2783,20,0,24 3 25,0,75,,2789,20,0,24 3 25,0,80,,2790,20,0,24 3 25,0,42,,2797,20,0,24 3 25,0,70,,2791,20,0,24 3 25,0,30,,2798,20,0,24 3 25,0,70,,2792,20,0,24 3 25,0,30,,2799,20,0,24 3 25,0,86,,2793,20,0,24 3 25,0,70,,2800,20,0,24 3 25,0,30,,2794,20,0,24 3 25,0,70,,2801,20,0,24 3 25,0,30,,2806,20,0,24 3 25,0,70,,2807,20,0,24 3 25,0
700,'100015',813,,2808,20,0,24 3 25,0,100,,2809,20,0,24 3 25,0,100,,2810,20,0,24 3 25,0,100,,2811,20,0,24 3 25,0,100,,2812,20,0,24 3 25,0,115,,2813,20,0,24 3 25,0,100,,2814,20,0,24 3 25,0,100,,2815,20,0,24 3 25,0,115,,2816,20,0,24 3 25,0,100,,2817,20,0,24 3 25,0,100,,2818,20,0,24 3 25,0
5100,'100009',737,,1361,4,0,7 8 9 10 11,0
5100,'100013',737,,3165,4,0,7 8 9 10 11,0
5101,'100009',1440,,1363,11,0,5 28,0,75,,1362,26,0,26 3 27,0
5101,'100013',1440,,3167,11,0,5 28,0,75,,3166,26,0,26 3 27,0
5300,'100009',802,,1367,20,,,0
5300,'100013',802,,3171,20,,,0
5301,'100009',1534,,1369,13,,,0
5301,'100013',1534,,3173,13,,,0
