109,'1477039',826,,13,0,33,0
109,'1477040',926,,14,0,33,0
109,'1477041',1026,,15,0,33,0
109,'1477042',1126,,16,0,33,0
109,'1477043',1226,,17,0,33,0
109,'1477044',1326,,18,0,33,0
109,'1477045',1426,,19,0,33,0
109,'1477046',1526,,20,0,33,0
109,'1477047',1626,,21,0,33,0
109,'1477048',1726,,22,0,33,0
109,'1477049',1826,,23,0,33,0
109,'1477050',1926,,24,0,33,0
109,'1477051',848,,25,0,33,0
109,'1477052',548,,26,0,33,0
109,'1477053',946,,27,0,33,0
109,'1477054',748,,28,0,33,0
109,'1477055',648,,29,0,33,0
109,'1477061',628,,35,0,33,0
109,'1477062',728,,36,0,33,0
109,'1477063',828,,37,0,33,0
109,'1477064',926,,38,0,33,0
109,'1477065',1026,,39,0,33,0
109,'1477066',1126,,40,0,33,0
109,'1477067',1227,,41,0,33,0
109,'1477068',1327,,42,0,33,0
109,'1477073',1407,,47,0,33,0
109,'1477074',1507,,48,0,33,0
109,'1477075',1607,,49,0,33,0
109,'1477076',1707,,50,0,33,0
109,'1477077',1805,,51,0,33,0
109,'1477078',1905,,52,0,33,0
109,'1477079',2005,,53,0,33,0
109,'1477087',1056,,61,0,33,0
109,'1477088',1156,,62,0,33,0
109,'1477089',1257,,63,0,33,0
109,'1477098',2113,,72,0,33,0
109,'1477099',608,,73,0,33,0
109,'1477100',708,,74,0,33,0
109,'1477101',808,,75,0,33,0
109,'1477102',908,,76,0,33,0
109,'1477107',2043,,81,0,33,0
109,'1477108',1945,,82,0,33,0
109,'1477109',1845,,83,0,33,0
109,'1477110',1745,,84,0,33,0
109,'1477111',1647,,85,0,33,0
109,'1477112',1547,,86,0,33,0
109,'1477124',1925,,98,0,33,0
109,'1477125',1527,,99,0,33,0
109,'1477126',1627,,100,0,33,0
109,'1477127',1725,,101,0,33,0
109,'1477128',1825,,102,0,33,0
109,'1477130',1437,,104,0,33,0
109,'1477131',2143,,105,0,33,0
109,'1477132',2213,,106,0,33,0
109,'1477133',2312,,107,0,33,0
109,'1477137',2242,,111,0,33,0
109,'1477612',826,,112,0,33,0
109,'1477614',926,,114,0,33,0
109,'1477617',1026,,117,0,33,0
109,'1477618',1126,,118,0,33,0
109,'1477619',1226,,119,0,33,0
109,'1477622',1426,,122,0,33,0
109,'1477625',1326,,125,0,33,0
109,'1477628',1626,,128,0,33,0
109,'1477629',1526,,129,0,33,0
109,'1477630',1726,,130,0,33,0
109,'1477632',1826,,132,0,33,0
109,'1477635',1926,,135,0,33,0
109,'1477636',856,,136,0,33,0
109,'1477637',956,,137,0,33,0
109,'1477638',1056,,138,0,33,0
109,'1477639',1156,,139,0,33,0
109,'1477640',1256,,140,0,33,0
109,'1477641',1356,,141,0,33,0
109,'1477642',1456,,142,0,33,0
109,'1477643',1556,,143,0,33,0
109,'1477644',1656,,144,0,33,0
109,'1477645',1756,,145,0,33,0
109,'1477646',1856,,146,0,33,0
109,'1477658',756,,158,0,33,0
