2019,'1476981',738,,160,0,12 13,0
2019,'1476982',808,,161,0,12 13,0
2019,'1476983',838,,162,0,12 13,0
2019,'1476984',908,,163,0,12 13,0
2019,'1476985',938,,164,0,12 13,0
2019,'1476986',1008,,165,0,12 13,0
2019,'1476987',1038,,166,0,12 13,0
2019,'1476988',1108,,167,0,12 13,0
2019,'1476989',1138,,168,0,12 13,0
2019,'1476990',1208,,169,0,12 13,0
2019,'1476991',1253,,170,0,12 13,0
2019,'1476992',1323,,171,0,12 13,0
2019,'1476993',1353,,172,0,12 13,0
2019,'1476994',1423,,173,0,12 13,0
2019,'1476995',1453,,174,0,12 13,0
2019,'1476996',1523,,175,0,12 13,0
2019,'1476997',1553,,176,0,12 13,0
2019,'1476998',1908,,177,0,12 13,0
2019,'1476999',1638,,178,0,12 13,0
2019,'1477000',1708,,179,0,12 13,0
2019,'1477001',1738,,180,0,12 13,0
2019,'1477002',1808,,181,0,12 13,0
2019,'1477003',1838,,182,0,12 13,0
2019,'1477147',600,,215,0,12 13,0
2019,'1477148',700,,216,0,12 13,0
2019,'1477149',800,,217,0,12 13,0
2019,'1477150',910,,218,0,12 13,0
2019,'1477151',1010,,219,0,12 13,0
2019,'1477152',1110,,220,0,12 13,0
2019,'1477153',1210,,221,0,12 13,0
2019,'1477154',1325,,222,0,12 13,0
2019,'1477156',630,,224,0,12 13,0
2019,'1477157',730,,225,0,12 13,0
2019,'1477158',840,,226,0,12 13,0
2019,'1477159',940,,227,0,12 13,0
2019,'1477160',1040,,228,0,12 13,0
2019,'1477161',1140,,229,0,12 13,0
2019,'1477162',1250,,230,0,12 13,0
2019,'1477163',1400,,231,0,12 13,0
2019,'1477173',1510,,241,0,12 13,0
2019,'1477174',1620,,242,0,12 13,0
2019,'1477175',1700,,243,0,12 13,0
2019,'1477176',1815,,244,0,12 13,0
2019,'1477177',1915,,245,0,12 13,0
2019,'1477178',2030,,246,0,12 13,0
2019,'1477179',2130,,247,0,12 13,0
2019,'1477187',1435,,255,0,12 13,0
2019,'1477188',1545,,256,0,12 13,0
2019,'1477189',1745,,257,0,12 13,0
2019,'1477190',1845,,258,0,12 13,0
2019,'1477191',1945,,259,0,12 13,0
2019,'1477192',2100,,260,0,12 13,0
2019,'1477193',2200,,261,0,12 13,0
2019,'1477200',2230,,268,0,12 13,0
2019,'1477201',2300,,269,0,12 13,0
2019,'1477769',1138,,273,0,12 13,0
2019,'1477770',1708,,274,0,12 13,0
2019,'1477771',1838,,275,0,12 13,0
2019,'1477772',1808,,276,0,12 13,0
2019,'1477773',1738,,277,0,12 13,0
2019,'1477774',738,,278,0,12 13,0
2019,'1477775',838,,279,0,12 13,0
2019,'1477776',1008,,280,0,12 13,0
2019,'1477777',938,,281,0,12 13,0
2019,'1477778',808,,282,0,12 13,0
2019,'1477779',1038,,283,0,12 13,0
2019,'1477780',1108,,284,0,12 13,0
2019,'1477781',1908,,285,0,12 13,0
2019,'1477782',1208,,286,0,12 13,0
2019,'1477783',1253,,287,0,12 13,0
2019,'1477784',1323,,288,0,12 13,0
2019,'1477785',1353,,289,0,12 13,0
2019,'1477786',1423,,290,0,12 13,0
2019,'1477787',1453,,291,0,12 13,0
2019,'1477788',908,,292,0,12 13,0
2019,'1477789',1553,,293,0,12 13,0
2019,'1477790',1638,,294,0,12 13,0
2019,'1477791',1523,,295,0,12 13,0
