301,'100009',536,,626,21,0,15 7 16 3 17,0,70,,627,21,0,15 7 16 3 17,0,30,,628,21,0,15 7 16 3 17,0,70,,629,21,0,15 7 16 3 17,0,30,,630,21,0,15 7 16 3 17,0,10,,631,21,0,15 7 16 3 17,0,60,,636,21,0,15 7 16 3 17,0,40,,632,21,0,15 7 16 3 17,0,70,,637,21,0,15 7 16 3 17,0,30,,633,21,0,15 7 16 3 17,0,70,,638,21,0,15 7 16 3 17,0,30,,634,21,0,15 7 16 3 17,0,70,,639,21,0,15 7 16 3 17,0,30,,635,21,0,15 7 16 3 17,0,70,,640,21,0,15 7 16 3 17,0,39,,641,21,0,15 7 16 3 17,0,75,,642,21,0,15 7 16 3 17,0,75,,643,21,0,15 7 16 3 17,0,14,,644,21,0,15 7 16 3 17,0,21,,645,21,0,15 7 16 3 17,0,75,,646,21,0,15 7 16 3 17,0,5,,661,21,0,15 7 16 3 17,0,30,,647,21,0,15 7 16 3 17,0,75,,648,21,0,15 7 16 3 17,0,80,,649,21,0,15 7 16 3 17,0,44,,650,21,0,15 7 16 3 17,0,70,,651,21,0,15 7 16 3 17,0,30,,652,21,0,15 7 16 3 17,0,70,,653,21,0,15 7 16 3 17,0,30,,654,21,0,15 7 16 3 17,0,85,,655,21,0,15 7 16 3 17,0,70,,656,21,0,15 7 16 3 17,0,30,,657,21,0,15 7 16 3 17,0,70,,658,21,0,15 7 16 3 17,0,30,,659,21,0,15 7 16 3 17,0,70,,660,21,0,15 7 16 3 17,0
301,'100010',742,,665,21,0,15 7 16 3 17,0,100,,666,21,0,15 7 16 3 17,0,100,,667,21,0,15 7 16 3 17,0,101,,668,21,0,15 7 16 3 17,0,100,,669,21,0,15 7 16 3 17,0,115,,670,21,0,15 7 16 3 17,0,100,,671,21,0,15 7 16 3 17,0,100,,672,21,0,15 7 16 3 17,0,100,,673,21,0,15 7 16 3 17,0,155,,664,21,0,15 7 16 3 17,0,100,,662,21,0,15 7 16 3 17,0,100,,663,21,0,15 7 16 3 17,0
301,'100011',742,,2267,21,0,15 7 16 3 17,0,100,,2268,21,0,15 7 16 3 17,0,100,,2269,21,0,15 7 16 3 17,0,101,,2270,21,0,15 7 16 3 17,0,100,,2271,21,0,15 7 16 3 17,0,115,,2272,21,0,15 7 16 3 17,0,100,,2273,21,0,15 7 16 3 17,0,100,,2274,21,0,15 7 16 3 17,0,100,,2275,21,0,15 7 16 3 17,0,155,,2266,21,0,15 7 16 3 17,0,100,,2264,21,0,15 7 16 3 17,0,100,,2265,21,0,15 7 16 3 17,0,100,,2276,21,0,15 7 16 3 17,0
301,'100012',742,,2280,21,0,15 7 16 3 17,0,100,,2281,21,0,15 7 16 3 17,0,100,,2282,21,0,15 7 16 3 17,0,101,,2283,21,0,15 7 16 3 17,0,100,,2284,21,0,15 7 16 3 17,0,115,,2285,21,0,15 7 16 3 17,0,100,,2286,21,0,15 7 16 3 17,0,100,,2287,21,0,15 7 16 3 17,0,100,,2288,21,0,15 7 16 3 17,0,155,,2279,21,0,15 7 16 3 17,0,100,,2277,21,0,15 7 16 3 17,0,100,,2278,21,0,15 7 16 3 17,0
301,'100013',536,,2289,21,0,15 7 16 3 17,0,70,,2290,21,0,15 7 16 3 17,0,30,,2291,21,0,15 7 16 3 17,0,70,,2292,21,0,15 7 16 3 17,0,30,,2293,21,0,15 7 16 3 17,0,10,,2294,21,0,15 7 16 3 17,0,60,,2299,21,0,15 7 16 3 17,0,40,,2295,21,0,15 7 16 3 17,0,70,,2300,21,0,15 7 16 3 17,0,30,,2296,21,0,15 7 16 3 17,0,70,,2301,21,0,15 7 16 3 17,0,30,,2297,21,0,15 7 16 3 17,0,70,,2302,21,0,15 7 16 3 17,0,30,,2298,21,0,15 7 16 3 17,0,70,,2303,21,0,15 7 16 3 17,0,39,,2304,21,0,15 7 16 3 17,0,75,,2305,21,0,15 7 16 3 17,0,75,,2306,21,0,15 7 16 3 17,0,14,,2307,21,0,15 7 16 3 17,0,21,,2308,21,0,15 7 16 3 17,0,75,,2309,21,0,15 7 16 3 17,0,5,,2324,21,0,15 7 16 3 17,0,30,,2310,21,0,15 7 16 3 17,0,75,,2311,21,0,15 7 16 3 17,0,80,,2312,21,0,15 7 16 3 17,0,44,,2313,21,0,15 7 16 3 17,0,70,,2314,21,0,15 7 16 3 17,0,30,,2315,21,0,15 7 16 3 17,0,70,,2316,21,0,15 7 16 3 17,0,30,,2317,21,0,15 7 16 3 17,0,85,,2318,21,0,15 7 16 3 17,0,70,,2319,21,0,15 7 16 3 17,0,30,,2320,21,0,15 7 16 3 17,0,70,,2321,21,0,15 7 16 3 17,0,30,,2322,21,0,15 7 16 3 17,0,70,,2323,21,0,15 7 16 3 17,0
301,'100014',536,,2325,21,0,15 7 16 3 17,0,70,,2326,21,0,15 7 16 3 17,0,30,,2327,21,0,15 7 16 3 17,0,70,,2328,21,0,15 7 16 3 17,0,30,,2329,21,0,15 7 16 3 17,0,10,,2330,21,0,15 7 16 3 17,0,60,,2335,21,0,15 7 16 3 17,0,40,,2331,21,0,15 7 16 3 17,0,70,,2336,21,0,15 7 16 3 17,0,30,,2332,21,0,15 7 16 3 17,0,70,,2337,21,0,15 7 16 3 17,0,30,,2333,21,0,15 7 16 3 17,0,70,,2338,21,0,15 7 16 3 17,0,30,,2334,21,0,15 7 16 3 17,0,70,,2339,21,0,15 7 16 3 17,0,39,,2340,21,0,15 7 16 3 17,0,75,,2341,21,0,15 7 16 3 17,0,75,,2342,21,0,15 7 16 3 17,0,14,,2343,21,0,15 7 16 3 17,0,21,,2344,21,0,15 7 16 3 17,0,75,,2345,21,0,15 7 16 3 17,0,5,,2360,21,0,15 7 16 3 17,0,30,,2346,21,0,15 7 16 3 17,0,75,,2347,21,0,15 7 16 3 17,0,80,,2348,21,0,15 7 16 3 17,0,44,,2349,21,0,15 7 16 3 17,0,70,,2350,21,0,15 7 16 3 17,0,30,,2351,21,0,15 7 16 3 17,0,70,,2352,21,0,15 7 16 3 17,0,30,,2353,21,0,15 7 16 3 17,0,85,,2354,21,0,15 7 16 3 17,0,70,,2355,21,0,15 7 16 3 17,0,30,,2356,21,0,15 7 16 3 17,0,70,,2357,21,0,15 7 16 3 17,0,30,,2358,21,0,15 7 16 3 17,0,70,,2359,21,0,15 7 16 3 17,0
301,'100015',742,,2364,21,0,15 7 16 3 17,0,100,,2365,21,0,15 7 16 3 17,0,100,,2366,21,0,15 7 16 3 17,0,101,,2367,21,0,15 7 16 3 17,0,100,,2368,21,0,15 7 16 3 17,0,115,,2369,21,0,15 7 16 3 17,0,100,,2370,21,0,15 7 16 3 17,0,100,,2371,21,0,15 7 16 3 17,0,100,,2372,21,0,15 7 16 3 17,0,155,,2361,21,0,15 7 16 3 17,0,100,,2362,21,0,15 7 16 3 17,0,100,,2363,21,0,15 7 16 3 17,0
5201,'100009',749,,1365,39,0,7 8 9,0
5201,'100013',749,,3169,39,0,7 8 9,0
5400,'100009',745,,1370,39,0,7 18,0
5400,'100013',745,,3174,39,0,7 18,0
