109,'1477039',825,,13,0,33,0
109,'1477040',925,,14,0,33,0
109,'1477041',1025,,15,0,33,0
109,'1477042',1125,,16,0,33,0
109,'1477043',1225,,17,0,33,0
109,'1477044',1325,,18,0,33,0
109,'1477045',1425,,19,0,33,0
109,'1477046',1525,,20,0,33,0
109,'1477047',1625,,21,0,33,0
109,'1477048',1725,,22,0,33,0
109,'1477049',1825,,23,0,33,0
109,'1477050',1925,,24,0,33,0
109,'1477051',847,,25,0,33,0
109,'1477052',547,,26,0,33,0
109,'1477053',945,,27,0,33,0
109,'1477054',747,,28,0,33,0
109,'1477055',647,,29,0,33,0
109,'1477061',627,,35,0,33,0
109,'1477062',727,,36,0,33,0
109,'1477063',827,,37,0,33,0
109,'1477064',925,,38,0,33,0
109,'1477065',1025,,39,0,33,0
109,'1477066',1125,,40,0,33,0
109,'1477067',1226,,41,0,33,0
109,'1477068',1326,,42,0,33,0
109,'1477073',1406,,47,0,33,0
109,'1477074',1506,,48,0,33,0
109,'1477075',1606,,49,0,33,0
109,'1477076',1706,,50,0,33,0
109,'1477077',1804,,51,0,33,0
109,'1477078',1904,,52,0,33,0
109,'1477079',2004,,53,0,33,0
109,'1477087',1055,,61,0,33,0
109,'1477088',1155,,62,0,33,0
109,'1477089',1256,,63,0,33,0
109,'1477098',2112,,72,0,33,0
109,'1477099',607,,73,0,33,0
109,'1477100',707,,74,0,33,0
109,'1477101',807,,75,0,33,0
109,'1477102',907,,76,0,33,0
109,'1477107',2042,,81,0,33,0
109,'1477108',1944,,82,0,33,0
109,'1477109',1844,,83,0,33,0
109,'1477110',1744,,84,0,33,0
109,'1477111',1646,,85,0,33,0
109,'1477112',1546,,86,0,33,0
109,'1477124',1924,,98,0,33,0
109,'1477125',1526,,99,0,33,0
109,'1477126',1626,,100,0,33,0
109,'1477127',1724,,101,0,33,0
109,'1477128',1824,,102,0,33,0
109,'1477130',1436,,104,0,33,0
109,'1477131',2142,,105,0,33,0
109,'1477132',2212,,106,0,33,0
109,'1477133',2311,,107,0,33,0
109,'1477137',2241,,111,0,33,0
109,'1477612',825,,112,0,33,0
109,'1477614',925,,114,0,33,0
109,'1477617',1025,,117,0,33,0
109,'1477618',1125,,118,0,33,0
109,'1477619',1225,,119,0,33,0
109,'1477622',1425,,122,0,33,0
109,'1477625',1325,,125,0,33,0
109,'1477628',1625,,128,0,33,0
109,'1477629',1525,,129,0,33,0
109,'1477630',1725,,130,0,33,0
109,'1477632',1825,,132,0,33,0
109,'1477635',1925,,135,0,33,0
109,'1477636',855,,136,0,33,0
109,'1477637',955,,137,0,33,0
109,'1477638',1055,,138,0,33,0
109,'1477639',1155,,139,0,33,0
109,'1477640',1255,,140,0,33,0
109,'1477641',1355,,141,0,33,0
109,'1477642',1455,,142,0,33,0
109,'1477643',1555,,143,0,33,0
109,'1477644',1655,,144,0,33,0
109,'1477645',1755,,145,0,33,0
109,'1477646',1855,,146,0,33,0
109,'1477658',755,,158,0,33,0
