2019,'1477004',751,,183,,,0
2019,'1477005',821,,184,,,0
2019,'1477006',851,,185,,,0
2019,'1477007',921,,186,,,0
2019,'1477008',951,,187,,,0
2019,'1477009',1021,,188,,,0
2019,'1477010',1051,,189,,,0
2019,'1477011',1121,,190,,,0
2019,'1477012',1151,,191,,,0
2019,'1477013',1221,,192,,,0
2019,'1477014',1306,,193,,,0
2019,'1477015',1336,,194,,,0
2019,'1477016',1406,,195,,,0
2019,'1477017',1436,,196,,,0
2019,'1477018',1506,,197,,,0
2019,'1477019',1536,,198,,,0
2019,'1477020',1606,,199,,,0
2019,'1477021',1921,,200,,,0
2019,'1477022',1651,,201,,,0
2019,'1477023',1721,,202,,,0
2019,'1477024',1751,,203,,,0
2019,'1477025',1821,,204,,,0
2019,'1477026',1851,,205,,,0
2019,'1477138',543,,206,,,0
2019,'1477139',643,,207,,,0
2019,'1477140',743,,208,,,0
2019,'1477141',853,,209,,,0
2019,'1477142',953,,210,,,0
2019,'1477143',1053,,211,,,0
2019,'1477144',1153,,212,,,0
2019,'1477145',1306,,213,,,0
2019,'1477146',1416,,214,,,0
2019,'1477164',613,,232,,,0
2019,'1477165',713,,233,,,0
2019,'1477166',813,,234,,,0
2019,'1477167',923,,235,,,0
2019,'1477168',1023,,236,,,0
2019,'1477169',1123,,237,,,0
2019,'1477170',1223,,238,,,0
2019,'1477171',1341,,239,,,0
2019,'1477172',1451,,240,,,0
2019,'1477180',1601,,248,,,0
2019,'1477181',1716,,249,,,0
2019,'1477182',1756,,250,,,0
2019,'1477183',1856,,251,,,0
2019,'1477184',1956,,252,,,0
2019,'1477185',2111,,253,,,0
2019,'1477186',2211,,254,,,0
2019,'1477194',1526,,262,,,0
2019,'1477195',1636,,263,,,0
2019,'1477196',1826,,264,,,0
2019,'1477197',1926,,265,,,0
2019,'1477198',2041,,266,,,0
2019,'1477199',2141,,267,,,0
2019,'1477202',2241,,270,,,0
2019,'1477203',2311,,271,,,0
2019,'1477204',2341,,272,,,0
2019,'1477792',851,,296,,,0
2019,'1477793',821,,297,,,0
2019,'1477794',921,,298,,,0
2019,'1477795',951,,299,,,0
2019,'1477796',1021,,300,,,0
2019,'1477797',1051,,301,,,0
2019,'1477798',1121,,302,,,0
2019,'1477799',1151,,303,,,0
2019,'1477800',1221,,304,,,0
2019,'1477801',1306,,305,,,0
2019,'1477802',1336,,306,,,0
2019,'1477803',1406,,307,,,0
2019,'1477804',1436,,308,,,0
2019,'1477805',1506,,309,,,0
2019,'1477806',1536,,310,,,0
2019,'1477807',1606,,311,,,0
2019,'1477808',1651,,312,,,0
2019,'1477809',1721,,313,,,0
2019,'1477810',1751,,314,,,0
2019,'1477811',1821,,315,,,0
2019,'1477812',1851,,316,,,0
2019,'1477813',1921,,317,,,0
2019,'1477814',751,,318,,,0
2019,'1477815',721,,319,,,0
