201,'100009',533,,413,15,,,0,70,,422,15,,,0,30,,414,15,,,0,70,,423,15,,,0,30,,415,15,,,0,70,,424,15,,,0,40,,416,15,,,0,70,,425,15,,,0,30,,417,15,,,0,70,,426,15,,,0,30,,418,15,,,0,70,,427,15,,,0,30,,419,15,,,0,70,,428,15,,,0,40,,420,15,,,0,75,,429,15,,,0,75,,421,15,,,0,35,,430,15,,,0,75,,438,15,,,0,35,,431,15,,,0,75,,439,15,,,0,80,,432,15,,,0,43,,433,15,,,0,70,,440,15,,,0,30,,434,15,,,0,70,,441,15,,,0,30,,435,15,,,0,85,,442,15,,,0,70,,436,15,,,0,30,,443,15,,,0,70,,437,15,,,0,30,,444,15,,,0,70,,445,15,,,0,30,,446,15,,,0
201,'100010',711,,470,15,,,0,30,,469,15,,,0,70,,448,15,,,0,30,,447,15,,,0,70,,449,15,,,0,30,,450,15,,,0,70,,451,15,,,0,30,,452,15,,,0,70,,453,15,,,0,30,,454,15,,,0,70,,455,15,,,0,45,,456,15,,,0,70,,457,15,,,0,30,,458,15,,,0,70,,459,15,,,0,30,,460,15,,,0,70,,461,15,,,0,30,,462,15,,,0,85,,463,15,,,0,70,,464,15,,,0,30,,465,15,,,0,70,,466,15,,,0,30,,467,15,,,0,70,,468,15,,,0
201,'100011',811,,2023,32,,,0,30,,2027,32,,,0,70,,2024,32,,,0,30,,2037,32,,,0,70,,2026,32,,,0,30,,2025,32,,,0,70,,2028,32,,,0,30,,2029,32,,,0,70,,2018,32,,,0,45,,2031,32,,,0,70,,2032,32,,,0,30,,2033,32,,,0,70,,2034,32,,,0,30,,2035,32,,,0,70,,2036,32,,,0,30,,2040,32,,,0,85,,2038,32,,,0,70,,2039,32,,,0,30,,2019,32,,,0,70,,2022,32,,,0,30,,2021,32,,,0,70,,2020,32,,,0,30,,2030,32,,,0,70,,2041,32,,,0
201,'100012',811,,2047,32,,,0,30,,2051,32,,,0,70,,2048,32,,,0,30,,2061,32,,,0,70,,2050,32,,,0,30,,2049,32,,,0,70,,2052,32,,,0,30,,2053,32,,,0,70,,2042,32,,,0,45,,2055,32,,,0,70,,2056,32,,,0,30,,2057,32,,,0,70,,2058,32,,,0,30,,2059,32,,,0,70,,2060,32,,,0,30,,2064,32,,,0,85,,2062,32,,,0,70,,2063,32,,,0,30,,2043,32,,,0,70,,2046,32,,,0,30,,2045,32,,,0,70,,2044,32,,,0,30,,2054,32,,,0
201,'100013',533,,2095,15,,,0,70,,2098,32,,,0,30,,2065,32,,,0,70,,2073,32,,,0,30,,2066,32,,,0,70,,2074,32,,,0,40,,2067,32,,,0,70,,2075,32,,,0,30,,2068,32,,,0,70,,2076,32,,,0,30,,2069,32,,,0,70,,2077,32,,,0,30,,2070,32,,,0,70,,2078,32,,,0,30,,2071,32,,,0,85,,2096,32,,,0,75,,2072,32,,,0,35,,2079,32,,,0,75,,2086,32,,,0,35,,2080,32,,,0,75,,2087,32,,,0,80,,2081,32,,,0,43,,2097,32,,,0,70,,2088,32,,,0,30,,2082,32,,,0,70,,2089,32,,,0,30,,2083,32,,,0,85,,2090,32,,,0,70,,2084,32,,,0,30,,2091,32,,,0,70,,2085,32,,,0,30,,2092,32,,,0,70,,2093,32,,,0,31,,2094,32,,,0
201,'100014',533,,2129,15,,,0,70,,2132,32,,,0,30,,2099,32,,,0,70,,2107,32,,,0,30,,2100,32,,,0,70,,2108,32,,,0,40,,2101,32,,,0,70,,2109,32,,,0,30,,2102,32,,,0,70,,2110,32,,,0,30,,2103,32,,,0,70,,2111,32,,,0,30,,2104,32,,,0,70,,2112,32,,,0,30,,2105,32,,,0,85,,2130,32,,,0,75,,2106,32,,,0,35,,2113,32,,,0,75,,2120,32,,,0,35,,2114,32,,,0,75,,2121,32,,,0,80,,2115,32,,,0,43,,2131,32,,,0,70,,2122,32,,,0,30,,2116,32,,,0,70,,2123,32,,,0,30,,2117,32,,,0,85,,2124,32,,,0,70,,2118,32,,,0,30,,2125,32,,,0,70,,2119,32,,,0,30,,2126,32,,,0,70,,2127,32,,,0,31,,2128,32,,,0
201,'100015',811,,2133,32,,,0,30,,2134,32,,,0,70,,2135,32,,,0,30,,2136,32,,,0,70,,2137,32,,,0,30,,2138,32,,,0,70,,2139,32,,,0,30,,2140,32,,,0,70,,2141,32,,,0,45,,2142,32,,,0,70,,2143,32,,,0,30,,2144,32,,,0,70,,2145,32,,,0,30,,2146,32,,,0,70,,2147,32,,,0,30,,2148,32,,,0,85,,2149,32,,,0,70,,2151,32,,,0,30,,2152,32,,,0,70,,2153,32,,,0,30,,2154,32,,,0,70,,2155,32,,,0,30,,2150,32,,,0
5101,'100009',1459,,1362,6,0,7 8 9 10 11,0
5101,'100013',1459,,3166,6,0,7 8 9 10 11,0
5300,'100009',758,,1367,11,,,0
5300,'100013',758,,3171,11,,,0
