700,'100009',536,,1014,23,,,0,70,,1024,23,,,0,30,,1015,23,,,0,18,,1042,23,,,0,52,,1025,23,,,0,30,,1016,23,,,0,70,,1026,23,,,0,40,,1035,23,,,0,70,,1017,23,,,0,30,,1036,23,,,0,70,,1018,23,,,0,30,,1043,23,,,0,70,,1019,23,,,0,30,,1044,23,,,0,70,,1020,23,,,0,42,,1045,23,,,0,75,,1021,23,,,0,75,,1027,23,,,0,35,,1022,23,,,0,75,,1028,23,,,0,35,,1023,23,,,0,75,,1029,23,,,0,80,,1030,23,,,0,41,,1037,23,,,0,70,,1031,23,,,0,30,,1038,23,,,0,70,,1032,23,,,0,30,,1039,23,,,0,86,,1033,23,,,0,70,,1040,23,,,0,30,,1034,23,,,0,70,,1041,23,,,0,30,,1046,23,,,0,70,,1047,23,,,0
700,'100010',814,,1048,23,,,0,100,,1049,23,,,0,100,,1050,23,,,0,100,,1051,23,,,0,100,,1052,23,,,0,115,,1053,23,,,0,100,,1054,23,,,0,100,,1055,23,,,0,115,,1056,23,,,0,100,,1057,23,,,0,100,,1058,23,,,0
700,'100011',814,,2717,23,,,0,100,,2718,23,,,0,100,,2719,23,,,0,100,,2720,23,,,0,100,,2721,23,,,0,115,,2722,23,,,0,100,,2723,23,,,0,100,,2724,23,,,0,115,,2725,23,,,0,100,,2726,23,,,0,100,,2727,23,,,0,100,,2728,23,,,0
700,'100012',814,,2729,23,,,0,100,,2730,23,,,0,100,,2731,23,,,0,100,,2732,23,,,0,100,,2733,23,,,0,115,,2734,23,,,0,100,,2735,23,,,0,100,,2736,23,,,0,115,,2737,23,,,0,100,,2738,23,,,0,100,,2739,23,,,0
700,'100013',536,,2740,23,,,0,70,,2750,23,,,0,30,,2741,23,,,0,18,,2768,23,,,0,52,,2751,23,,,0,30,,2742,23,,,0,70,,2752,23,,,0,40,,2761,23,,,0,70,,2743,23,,,0,30,,2762,23,,,0,70,,2744,23,,,0,30,,2769,23,,,0,70,,2745,23,,,0,30,,2770,23,,,0,70,,2746,23,,,0,42,,2771,23,,,0,75,,2747,23,,,0,75,,2753,23,,,0,35,,2748,23,,,0,75,,2754,23,,,0,35,,2749,23,,,0,75,,2755,23,,,0,80,,2756,23,,,0,41,,2763,23,,,0,70,,2757,23,,,0,30,,2764,23,,,0,70,,2758,23,,,0,30,,2765,23,,,0,86,,2759,23,,,0,70,,2766,23,,,0,30,,2760,23,,,0,70,,2767,23,,,0,30,,2772,23,,,0,70,,2773,23,,,0
700,'100014',536,,2774,23,,,0,70,,2784,23,,,0,30,,2775,23,,,0,18,,2802,23,,,0,52,,2785,23,,,0,30,,2776,23,,,0,70,,2786,23,,,0,40,,2795,23,,,0,70,,2777,23,,,0,30,,2796,23,,,0,70,,2778,23,,,0,30,,2803,23,,,0,70,,2779,23,,,0,30,,2804,23,,,0,70,,2780,23,,,0,42,,2805,23,,,0,75,,2781,23,,,0,75,,2787,23,,,0,35,,2782,23,,,0,75,,2788,23,,,0,35,,2783,23,,,0,75,,2789,23,,,0,80,,2790,23,,,0,41,,2797,23,,,0,70,,2791,23,,,0,30,,2798,23,,,0,70,,2792,23,,,0,30,,2799,23,,,0,86,,2793,23,,,0,70,,2800,23,,,0,30,,2794,23,,,0,70,,2801,23,,,0,30,,2806,23,,,0,70,,2807,23,,,0
700,'100015',814,,2808,23,,,0,100,,2809,23,,,0,100,,2810,23,,,0,100,,2811,23,,,0,100,,2812,23,,,0,115,,2813,23,,,0,100,,2814,23,,,0,100,,2815,23,,,0,115,,2816,23,,,0,100,,2817,23,,,0,100,,2818,23,,,0
5100,'100009',740,,1361,7,0,7 8 9 10 11,0
5100,'100013',740,,3165,7,0,7 8 9 10 11,0
5101,'100009',1442,,1363,14,0,5 28,0,75,,1362,29,0,26 3 27,0
5101,'100013',1442,,3167,14,0,5 28,0,75,,3166,29,0,26 3 27,0
