100,'100009',615,,1,27,4,,0,20,,27,27,4,,0,20,,6,27,4,,0,60,,2,27,4,,0,20,,26,27,4,,0,20,,19,27,4,,0,60,,3,27,4,,0,20,,28,27,4,,0,20,,7,27,4,,0,60,,4,27,4,,0,20,,25,27,4,,0,18,,20,27,4,,0,60,,5,27,4,,0,40,,8,27,4,,0,70,,17,27,4,,0,30,,21,27,4,,0,70,,18,27,4,,0,31,,9,27,4,,0,70,,16,27,4,,0,30,,22,27,4,,0,80,,10,27,4,,0,70,,40,27,4,,0,30,,24,27,4,,0,20,,35,27,4,,0,60,,34,27,4,,0,20,,23,27,4,,0,20,,36,27,4,,0,60,,33,27,4,,0,20,,11,27,4,,0,18,,37,27,4,,0,60,,32,27,4,,0,20,,12,27,4,,0,20,,38,27,4,,0,60,,31,27,4,,0,20,,13,27,4,,0,20,,39,27,4,,0,60,,30,27,4,,0,20,,14,27,4,,0,78,,29,27,4,,0,30,,15,27,4,,0,70,,42,27,4,,0,27,,41,27,4,,0,69,,43,27,4,,0
100,'100010',635,,60,27,4,,0,20,,44,27,4,,0,80,,59,27,4,,0,20,,53,27,4,,0,80,,61,27,4,,0,20,,45,27,4,,0,80,,58,27,4,,0,18,,54,27,4,,0,100,,46,27,4,,0,100,,55,27,4,,0,101,,47,27,4,,0,100,,56,27,4,,0,150,,73,27,4,,0,50,,68,27,4,,0,60,,67,27,4,,0,20,,57,27,4,,0,20,,69,27,4,,0,60,,66,27,4,,0,20,,48,27,4,,0,18,,70,27,4,,0,60,,65,27,4,,0,20,,49,27,4,,0,20,,71,27,4,,0,60,,64,27,4,,0,20,,50,27,4,,0,20,,72,27,4,,0,60,,63,27,4,,0,20,,51,27,4,,0,78,,62,27,4,,0,30,,52,27,4,,0,70,,75,27,4,,0,27,,74,27,4,,0,69,,76,27,4,,0
100,'100011',615,,77,27,4,,0,100,,78,27,4,,0,100,,79,27,4,,0,100,,80,27,4,,0,98,,81,27,4,,0,110,,84,27,4,,0,100,,85,27,4,,0,101,,83,27,4,,0,110,,82,27,4,,0,100,,86,27,4,,0
100,'100012',823,,100,27,4,,0,30,,87,27,4,,0,70,,110,27,4,,0,30,,88,27,4,,0,70,,101,27,4,,0,30,,89,27,4,,0,70,,102,27,4,,0,30,,91,27,4,,0,70,,103,27,4,,0,30,,90,27,4,,0,70,,104,27,4,,0,30,,92,27,4,,0,70,,105,27,4,,0,30,,93,27,4,,0,70,,106,27,4,,0,30,,94,27,4,,0,70,,107,27,4,,0,30,,95,27,4,,0,70,,108,27,4,,0,30,,96,27,4,,0,70,,109,27,4,,0,30,,97,27,4,,0,70,,99,27,4,,0,30,,98,27,4,,0
100,'100013',853,,111,27,4,,0,100,,112,27,4,,0,100,,113,27,4,,0,100,,114,27,4,,0,100,,115,27,4,,0,100,,116,27,4,,0,100,,117,27,4,,0,100,,118,27,4,,0,100,,119,27,4,,0,100,,120,27,4,,0,100,,121,27,4,,0,100,,122,27,4,,0
100,'100037',615,,123,27,4,,0,100,,124,27,4,,0,100,,125,27,4,,0,100,,126,27,4,,0,98,,127,27,4,,0,110,,130,27,4,,0,100,,131,27,4,,0,101,,129,27,4,,0,110,,128,27,4,,0,100,,132,27,4,,0
101,'100009',522,,134,1,,,0,20,,157,1,,,0,60,,138,1,,,0,20,,137,1,,,0,20,,158,1,,,0,60,,139,1,,,0,20,,136,1,,,0,20,,159,1,,,0,60,,140,1,,,0,20,,133,1,,,0,20,,160,1,,,0,60,,141,1,,,0,20,,135,1,,,0,80,,142,1,,,0,30,,153,1,,,0,70,,143,1,,,0,30,,154,1,,,0,70,,144,1,,,0,30,,155,1,,,0,70,,145,1,,,0,40,,146,1,,,0,70,,172,1,,,0,30,,147,1,,,0,60,,168,1,,,0,20,,166,1,,,0,20,,148,1,,,0,60,,169,1,,,0,20,,165,1,,,0,20,,149,1,,,0,60,,170,1,,,0,20,,164,1,,,0,20,,150,1,,,0,60,,171,1,,,0,20,,163,1,,,0,20,,151,1,,,0,60,,167,1,,,0,20,,162,1,,,0,20,,152,1,,,0,78,,161,1,,,0,30,,156,1,,,0,70,,173,1,,,0,30,,174,1,,,0,70,,176,1,,,0,30,,175,1,,,0
101,'100010',542,,191,1,,,0,60,,177,1,,,0,40,,192,1,,,0,60,,178,1,,,0,40,,193,1,,,0,60,,179,1,,,0,40,,194,1,,,0,60,,180,1,,,0,100,,181,1,,,0,100,,182,1,,,0,100,,183,1,,,0,100,,184,1,,,0,110,,206,1,,,0,90,,202,1,,,0,20,,200,1,,,0,20,,185,1,,,0,60,,203,1,,,0,20,,199,1,,,0,20,,186,1,,,0,60,,204,1,,,0,20,,198,1,,,0,20,,187,1,,,0,60,,205,1,,,0,20,,197,1,,,0,20,,188,1,,,0,60,,201,1,,,0,20,,196,1,,,0,20,,189,1,,,0,78,,195,1,,,0,30,,190,1,,,0,70,,207,1,,,0,30,,208,1,,,0,70,,210,1,,,0,30,,209,1,,,0
101,'100011',522,,212,1,,,0,100,,215,1,,,0,100,,214,1,,,0,100,,211,1,,,0,100,,213,1,,,0,110,,218,1,,,0,100,,219,1,,,0,100,,220,1,,,0,110,,216,1,,,0,100,,217,1,,,0
101,'100012',730,,244,1,,,0,70,,221,1,,,0,30,,233,1,,,0,70,,222,1,,,0,30,,234,1,,,0,70,,223,1,,,0,30,,235,1,,,0,70,,224,1,,,0,30,,236,1,,,0,70,,225,1,,,0,30,,237,1,,,0,70,,227,1,,,0,30,,238,1,,,0,70,,226,1,,,0,30,,239,1,,,0,70,,229,1,,,0,30,,240,1,,,0,70,,228,1,,,0,30,,241,1,,,0,70,,230,1,,,0,30,,242,1,,,0,70,,231,1,,,0,30,,243,1,,,0,70,,232,1,,,0
101,'100013',800,,245,1,,,0,100,,246,1,,,0,100,,247,1,,,0,100,,248,1,,,0,100,,249,1,,,0,100,,250,1,,,0,100,,251,1,,,0,100,,252,1,,,0,100,,253,1,,,0,100,,254,1,,,0,100,,255,1,,,0,100,,256,1,,,0
101,'100037',522,,258,1,,,0,100,,261,1,,,0,100,,260,1,,,0,100,,257,1,,,0,100,,259,1,,,0,110,,264,1,,,0,100,,265,1,,,0,100,,266,1,,,0,110,,262,1,,,0,100,,263,1,,,0
1005300,'100010',811,,1513,34,4,,0
