2109,'1476941',806,,744,0,10 11,0
2109,'1476942',841,,745,0,10 11,0
2109,'1476943',916,,746,0,10 11,0
2109,'1476944',951,,747,0,10 11,0
2109,'1476945',1026,,748,0,10 11,0
2109,'1476946',1101,,749,0,10 11,0
2109,'1476947',1136,,750,0,10 11,0
2109,'1476948',1211,,751,0,10 11,0
2109,'1476949',1246,,752,0,10 11,0
2109,'1476950',1321,,753,0,10 11,0
2109,'1476951',1356,,754,0,10 11,0
2109,'1476952',1431,,755,0,10 11,0
2109,'1476953',1506,,756,0,10 11,0
2109,'1476954',1541,,757,0,10 11,0
2109,'1476955',1616,,758,0,10 11,0
2109,'1476956',1651,,759,0,10 11,0
2109,'1476957',1726,,760,0,10 11,0
2109,'1476958',1806,,761,0,10 11,0
2109,'1476959',1841,,762,0,10 11,0
2109,'1476960',1916,,763,0,10 11,0
2109,'1477212',703,,791,0,10 11,0
2109,'1477213',813,,792,0,10 11,0
2109,'1477214',923,,793,0,10 11,0
2109,'1477215',1033,,794,0,10 11,0
2109,'1477216',1143,,795,0,10 11,0
2109,'1477217',1253,,796,0,10 11,0
2109,'1477218',1403,,797,0,10 11,0
2109,'1477225',1513,,804,0,10 11,0
2109,'1477226',1623,,805,0,10 11,0
2109,'1477227',1738,,806,0,10 11,0
2109,'1477228',1848,,807,0,10 11,0
2109,'1477229',1958,,808,0,10 11,0
2109,'1477230',2120,,809,0,10 11,0
2109,'1477245',2150,,824,0,10 11,0
2109,'1477246',628,,825,0,10 11,0
2109,'1477247',738,,826,0,10 11,0
2109,'1477248',848,,827,0,10 11,0
2109,'1477249',958,,828,0,10 11,0
2109,'1477250',1108,,829,0,10 11,0
2109,'1477251',1218,,830,0,10 11,0
2109,'1477252',1328,,831,0,10 11,0
2109,'1477253',1438,,832,0,10 11,0
2109,'1477254',1549,,833,0,10 11,0
2109,'1477255',1658,,834,0,10 11,0
2109,'1477256',1815,,835,0,10 11,0
2109,'1477257',1927,,836,0,10 11,0
2109,'1477258',2037,,837,0,10 11,0
2109,'1477261',2220,,840,0,10 11,0
2109,'1477262',2250,,841,0,10 11,0
2109,'1477263',2320,,842,0,10 11,0
2109,'1478076',1916,,844,0,10 11,0
2109,'1478084',841,,852,0,10 11,0
2109,'1478085',951,,853,0,10 11,0
2109,'1478086',1211,,854,0,10 11,0
2109,'1478087',1321,,855,0,10 11,0
2109,'1478088',1431,,856,0,10 11,0
2109,'1478089',1651,,857,0,10 11,0
2109,'1478090',1806,,858,0,10 11,0
2109,'1478099',806,,867,0,10 11,0
2109,'1478100',916,,868,0,10 11,0
2109,'1478101',1136,,869,0,10 11,0
2109,'1478102',1246,,870,0,10 11,0
2109,'1478103',1356,,871,0,10 11,0
2109,'1478104',1616,,872,0,10 11,0
2109,'1478105',1726,,873,0,10 11,0
2109,'1478106',1841,,874,0,10 11,0
2109,'1478109',1541,,877,0,10 11,0
2109,'1478110',1101,,878,0,10 11,0
2109,'1478112',1026,,880,0,10 11,0
2109,'1478115',1506,,883,0,10 11,0
