200,'100011',717,,1902,9,,,0,30,,1901,9,,,0,70,,1880,9,,,0,30,,1879,9,,,0,70,,1881,9,,,0,30,,1882,9,,,0,70,,1883,9,,,0,30,,1884,9,,,0,70,,1885,9,,,0,30,,1886,9,,,0,85,,1887,9,,,0,70,,1888,9,,,0,30,,1889,9,,,0,70,,1890,9,,,0,30,,1891,9,,,0,70,,1892,9,,,0,30,,1893,9,,,0,85,,1894,9,,,0,30,,1895,9,,,0,70,,1896,9,,,0,30,,1897,9,,,0,70,,1898,9,,,0,30,,1899,9,,,0,70,,1900,9,,,0,30,,1903,9,,,0
200,'100012',717,,1927,9,,,0,30,,1926,9,,,0,70,,1905,9,,,0,30,,1904,9,,,0,70,,1906,9,,,0,30,,1907,9,,,0,70,,1908,9,,,0,30,,1909,9,,,0,70,,1910,9,,,0,30,,1911,9,,,0,85,,1912,9,,,0,70,,1913,9,,,0,30,,1914,9,,,0,70,,1915,9,,,0,30,,1916,9,,,0,70,,1917,9,,,0,30,,1918,9,,,0,85,,1919,9,,,0,30,,1920,9,,,0,70,,1921,9,,,0,30,,1922,9,,,0,70,,1923,9,,,0,30,,1924,9,,,0,70,,1925,9,,,0
200,'100013',539,,1928,9,,,0,70,,1937,9,,,0,30,,1929,9,,,0,70,,1938,9,,,0,30,,1930,9,,,0,70,,1939,9,,,0,40,,1931,9,,,0,70,,1940,9,,,0,30,,1932,9,,,0,70,,1941,9,,,0,30,,1933,9,,,0,70,,1942,9,,,0,30,,1934,9,,,0,70,,1943,9,,,0,82,,1935,9,,,0,35,,1944,9,,,0,75,,1936,9,,,0,35,,1945,9,,,0,75,,1953,9,,,0,35,,1946,9,,,0,75,,1954,9,,,0,80,,1947,9,,,0,41,,1948,9,,,0,70,,1955,9,,,0,30,,1949,9,,,0,70,,1956,9,,,0,30,,1950,9,,,0,85,,1957,9,,,0,70,,1951,9,,,0,30,,1958,9,,,0,70,,1952,9,,,0,30,,1959,9,,,0,70,,1960,9,,,0
200,'100014',539,,1961,9,,,0,70,,1970,9,,,0,30,,1962,9,,,0,70,,1971,9,,,0,30,,1963,9,,,0,70,,1972,9,,,0,40,,1964,9,,,0,70,,1973,9,,,0,30,,1965,9,,,0,70,,1974,9,,,0,30,,1966,9,,,0,70,,1975,9,,,0,30,,1967,9,,,0,70,,1976,9,,,0,82,,1968,9,,,0,35,,1977,9,,,0,75,,1969,9,,,0,35,,1978,9,,,0,75,,1986,9,,,0,35,,1979,9,,,0,75,,1987,9,,,0,80,,1980,9,,,0,41,,1981,9,,,0,70,,1988,9,,,0,30,,1982,9,,,0,70,,1989,9,,,0,30,,1983,9,,,0,85,,1990,9,,,0,70,,1984,9,,,0,30,,1991,9,,,0,70,,1985,9,,,0,30,,1992,9,,,0,70,,1993,9,,,0
200,'100015',717,,2017,9,,,0,30,,1994,9,,,0,70,,1995,9,,,0,30,,1996,9,,,0,70,,1997,9,,,0,30,,1998,9,,,0,70,,1999,9,,,0,30,,2000,9,,,0,70,,2001,9,,,0,30,,2002,9,,,0,85,,2003,9,,,0,70,,2004,9,,,0,30,,2005,9,,,0,70,,2006,9,,,0,30,,2007,9,,,0,70,,2008,9,,,0,30,,2009,9,,,0,85,,2010,9,,,0,30,,2012,9,,,0,70,,2013,9,,,0,30,,2014,9,,,0,70,,2015,9,,,0,30,,2016,9,,,0,70,,2011,9,,,0
201,'100009',539,,413,28,0,5 6,0,70,,422,28,0,5 6,0,30,,414,28,0,5 6,0,70,,423,28,0,5 6,0,30,,415,28,0,5 6,0,70,,424,28,0,5 6,0,40,,416,28,0,5 6,0,70,,425,28,0,5 6,0,30,,417,28,0,5 6,0,70,,426,28,0,5 6,0,30,,418,28,0,5 6,0,70,,427,28,0,5 6,0,30,,419,28,0,5 6,0,70,,428,28,0,5 6,0,82,,420,28,0,5 6,0,35,,429,28,0,5 6,0,75,,421,28,0,5 6,0,35,,430,28,0,5 6,0,75,,438,28,0,5 6,0,35,,431,28,0,5 6,0,75,,439,28,0,5 6,0,80,,432,28,0,5 6,0,41,,433,28,0,5 6,0,70,,440,28,0,5 6,0,30,,434,28,0,5 6,0,70,,441,28,0,5 6,0,30,,435,28,0,5 6,0,85,,442,28,0,5 6,0,70,,436,28,0,5 6,0,30,,443,28,0,5 6,0,70,,437,28,0,5 6,0,30,,444,28,0,5 6,0,70,,445,28,0,5 6,0,30,,446,28,0,5 6,0
201,'100010',717,,470,28,0,5 6,0,30,,469,28,0,5 6,0,70,,448,28,0,5 6,0,30,,447,28,0,5 6,0,70,,449,28,0,5 6,0,30,,450,28,0,5 6,0,70,,451,28,0,5 6,0,30,,452,28,0,5 6,0,70,,453,28,0,5 6,0,30,,454,28,0,5 6,0,70,,455,28,0,5 6,0,85,,456,28,0,5 6,0,30,,457,28,0,5 6,0,70,,458,28,0,5 6,0,30,,459,28,0,5 6,0,70,,460,28,0,5 6,0,30,,461,28,0,5 6,0,70,,462,28,0,5 6,0,45,,463,28,0,5 6,0,70,,464,28,0,5 6,0,30,,465,28,0,5 6,0,70,,466,28,0,5 6,0,30,,467,28,0,5 6,0,70,,468,28,0,5 6,0
5101,'100009',1457,,1362,3,0,7 8 9 10 11,0
5101,'100013',1457,,3166,3,0,7 8 9 10 11,0
1005300,'100009',802,,1513,20,,,0
1005300,'100013',802,,3301,20,,,0
1005300,'100014',802,,3302,20,,,0
