200,'100009',713,,1902,1,0,5 6,0,30,,1901,1,0,5 6,0,70,,1880,1,0,5 6,0,30,,1879,1,0,5 6,0,70,,1881,1,0,5 6,0,30,,1882,1,0,5 6,0,70,,1883,1,0,5 6,0,30,,1884,1,0,5 6,0,70,,1885,1,0,5 6,0,30,,1886,1,0,5 6,0,85,,1887,1,0,5 6,0,30,,1888,1,0,5 6,0,70,,1889,1,0,5 6,0,30,,1890,1,0,5 6,0,70,,1891,1,0,5 6,0,30,,1892,1,0,5 6,0,70,,1893,1,0,5 6,0,85,,1894,1,0,5 6,0,30,,1895,1,0,5 6,0,70,,1896,1,0,5 6,0,30,,1897,1,0,5 6,0,70,,1898,1,0,5 6,0,30,,1899,1,0,5 6,0,70,,1900,1,0,5 6,0,30,,1903,1,0,5 6,0
200,'100010',713,,1927,1,0,5 6,0,30,,1926,1,0,5 6,0,70,,1905,1,0,5 6,0,30,,1904,1,0,5 6,0,70,,1906,1,0,5 6,0,30,,1907,1,0,5 6,0,70,,1908,1,0,5 6,0,30,,1909,1,0,5 6,0,70,,1910,1,0,5 6,0,30,,1911,1,0,5 6,0,85,,1912,1,0,5 6,0,30,,1913,1,0,5 6,0,70,,1914,1,0,5 6,0,30,,1915,1,0,5 6,0,70,,1916,1,0,5 6,0,30,,1917,1,0,5 6,0,70,,1918,1,0,5 6,0,85,,1919,1,0,5 6,0,30,,1920,1,0,5 6,0,70,,1921,1,0,5 6,0,30,,1922,1,0,5 6,0,70,,1923,1,0,5 6,0,30,,1924,1,0,5 6,0,70,,1925,1,0,5 6,0
200,'100011',535,,1928,1,0,5 6,0,70,,1937,1,0,5 6,0,30,,1929,1,0,5 6,0,70,,1938,1,0,5 6,0,30,,1930,1,0,5 6,0,70,,1939,1,0,5 6,0,40,,1931,1,0,5 6,0,70,,1940,1,0,5 6,0,30,,1932,1,0,5 6,0,70,,1941,1,0,5 6,0,30,,1933,1,0,5 6,0,70,,1942,1,0,5 6,0,30,,1934,1,0,5 6,0,70,,1943,1,0,5 6,0,41,,1935,1,0,5 6,0,75,,1944,1,0,5 6,0,75,,1936,1,0,5 6,0,35,,1945,1,0,5 6,0,75,,1953,1,0,5 6,0,35,,1946,1,0,5 6,0,75,,1954,1,0,5 6,0,80,,1947,1,0,5 6,0,42,,1948,1,0,5 6,0,70,,1955,1,0,5 6,0,30,,1949,1,0,5 6,0,70,,1956,1,0,5 6,0,30,,1950,1,0,5 6,0,85,,1957,1,0,5 6,0,70,,1951,1,0,5 6,0,30,,1958,1,0,5 6,0,70,,1952,1,0,5 6,0,30,,1959,1,0,5 6,0,70,,1960,1,0,5 6,0
200,'100012',535,,1961,1,0,5 6,0,70,,1970,1,0,5 6,0,30,,1962,1,0,5 6,0,70,,1971,1,0,5 6,0,30,,1963,1,0,5 6,0,70,,1972,1,0,5 6,0,40,,1964,1,0,5 6,0,70,,1973,1,0,5 6,0,30,,1965,1,0,5 6,0,70,,1974,1,0,5 6,0,30,,1966,1,0,5 6,0,70,,1975,1,0,5 6,0,30,,1967,1,0,5 6,0,70,,1976,1,0,5 6,0,41,,1968,1,0,5 6,0,75,,1977,1,0,5 6,0,75,,1969,1,0,5 6,0,35,,1978,1,0,5 6,0,75,,1986,1,0,5 6,0,35,,1979,1,0,5 6,0,75,,1987,1,0,5 6,0,80,,1980,1,0,5 6,0,42,,1981,1,0,5 6,0,70,,1988,1,0,5 6,0,30,,1982,1,0,5 6,0,70,,1989,1,0,5 6,0,30,,1983,1,0,5 6,0,85,,1990,1,0,5 6,0,70,,1984,1,0,5 6,0,30,,1991,1,0,5 6,0,70,,1985,1,0,5 6,0,30,,1992,1,0,5 6,0,70,,1993,1,0,5 6,0
200,'100013',713,,2017,1,0,5 6,0,30,,1994,1,0,5 6,0,70,,1995,1,0,5 6,0,30,,1996,1,0,5 6,0,70,,1997,1,0,5 6,0,30,,1998,1,0,5 6,0,70,,1999,1,0,5 6,0,30,,2000,1,0,5 6,0,70,,2001,1,0,5 6,0,30,,2002,1,0,5 6,0,85,,2003,1,0,5 6,0,30,,2004,1,0,5 6,0,70,,2005,1,0,5 6,0,30,,2006,1,0,5 6,0,70,,2007,1,0,5 6,0,30,,2008,1,0,5 6,0,70,,2009,1,0,5 6,0,85,,2010,1,0,5 6,0,30,,2012,1,0,5 6,0,70,,2013,1,0,5 6,0,30,,2014,1,0,5 6,0,70,,2015,1,0,5 6,0,30,,2016,1,0,5 6,0,70,,2011,1,0,5 6,0
201,'100009',813,,2023,37,4,,0,30,,2027,37,4,,0,70,,2024,37,4,,0,30,,2037,37,4,,0,70,,2026,37,4,,0,30,,2025,37,4,,0,70,,2028,37,4,,0,30,,2029,37,4,,0,70,,2018,37,4,,0,45,,2031,37,4,,0,70,,2032,37,4,,0,30,,2033,37,4,,0,70,,2034,37,4,,0,30,,2035,37,4,,0,70,,2036,37,4,,0,30,,2040,37,4,,0,85,,2038,37,4,,0,70,,2039,37,4,,0,30,,2019,37,4,,0,70,,2022,37,4,,0,30,,2021,37,4,,0,70,,2020,37,4,,0,30,,2030,37,4,,0,70,,2041,37,4,,0
201,'100010',813,,2047,37,4,,0,30,,2051,37,4,,0,70,,2048,37,4,,0,30,,2061,37,4,,0,70,,2050,37,4,,0,30,,2049,37,4,,0,70,,2052,37,4,,0,30,,2053,37,4,,0,70,,2042,37,4,,0,45,,2055,37,4,,0,70,,2056,37,4,,0,30,,2057,37,4,,0,70,,2058,37,4,,0,30,,2059,37,4,,0,70,,2060,37,4,,0,30,,2064,37,4,,0,85,,2062,37,4,,0,70,,2063,37,4,,0,30,,2043,37,4,,0,70,,2046,37,4,,0,30,,2045,37,4,,0,70,,2044,37,4,,0,30,,2054,37,4,,0
201,'100011',535,,2095,20,4,,0,70,,2098,37,4,,0,30,,2065,37,4,,0,70,,2073,37,4,,0,30,,2066,37,4,,0,70,,2074,37,4,,0,40,,2067,37,4,,0,70,,2075,37,4,,0,30,,2068,37,4,,0,70,,2076,37,4,,0,30,,2069,37,4,,0,70,,2077,37,4,,0,30,,2070,37,4,,0,70,,2078,37,4,,0,30,,2071,37,4,,0,86,,2096,37,4,,0,75,,2072,37,4,,0,35,,2079,37,4,,0,75,,2086,37,4,,0,35,,2080,37,4,,0,75,,2087,37,4,,0,80,,2081,37,4,,0,42,,2097,37,4,,0,70,,2088,37,4,,0,30,,2082,37,4,,0,70,,2089,37,4,,0,30,,2083,37,4,,0,85,,2090,37,4,,0,70,,2084,37,4,,0,30,,2091,37,4,,0,70,,2085,37,4,,0,30,,2092,37,4,,0,70,,2093,37,4,,0,31,,2094,37,4,,0
201,'100012',535,,2129,20,4,,0,70,,2132,37,4,,0,30,,2099,37,4,,0,70,,2107,37,4,,0,30,,2100,37,4,,0,70,,2108,37,4,,0,40,,2101,37,4,,0,70,,2109,37,4,,0,30,,2102,37,4,,0,70,,2110,37,4,,0,30,,2103,37,4,,0,70,,2111,37,4,,0,30,,2104,37,4,,0,70,,2112,37,4,,0,30,,2105,37,4,,0,86,,2130,37,4,,0,75,,2106,37,4,,0,35,,2113,37,4,,0,75,,2120,37,4,,0,35,,2114,37,4,,0,75,,2121,37,4,,0,80,,2115,37,4,,0,42,,2131,37,4,,0,70,,2122,37,4,,0,30,,2116,37,4,,0,70,,2123,37,4,,0,30,,2117,37,4,,0,85,,2124,37,4,,0,70,,2118,37,4,,0,30,,2125,37,4,,0,70,,2119,37,4,,0,30,,2126,37,4,,0,70,,2127,37,4,,0,31,,2128,37,4,,0
201,'100013',813,,2133,37,4,,0,30,,2134,37,4,,0,70,,2135,37,4,,0,30,,2136,37,4,,0,70,,2137,37,4,,0,30,,2138,37,4,,0,70,,2139,37,4,,0,30,,2140,37,4,,0,70,,2141,37,4,,0,45,,2142,37,4,,0,70,,2143,37,4,,0,30,,2144,37,4,,0,70,,2145,37,4,,0,30,,2146,37,4,,0,70,,2147,37,4,,0,30,,2148,37,4,,0,85,,2149,37,4,,0,70,,2151,37,4,,0,30,,2152,37,4,,0,70,,2153,37,4,,0,30,,2154,37,4,,0,70,,2155,37,4,,0,30,,2150,37,4,,0
700,'100009',818,,2717,30,,,0,100,,2718,30,,,0,100,,2719,30,,,0,100,,2720,30,,,0,100,,2721,30,,,0,115,,2722,30,,,0,100,,2723,30,,,0,100,,2724,30,,,0,115,,2725,30,,,0,100,,2726,30,,,0,100,,2727,30,,,0,100,,2728,30,,,0
700,'100010',818,,2729,30,,,0,100,,2730,30,,,0,100,,2731,30,,,0,100,,2732,30,,,0,100,,2733,30,,,0,115,,2734,30,,,0,100,,2735,30,,,0,100,,2736,30,,,0,115,,2737,30,,,0,100,,2738,30,,,0,100,,2739,30,,,0
700,'100011',541,,2740,30,,,0,70,,2750,30,,,0,30,,2741,30,,,0,18,,2768,30,,,0,52,,2751,30,,,0,30,,2742,30,,,0,70,,2752,30,,,0,40,,2761,30,,,0,70,,2743,30,,,0,30,,2762,30,,,0,70,,2744,30,,,0,30,,2769,30,,,0,70,,2745,30,,,0,30,,2770,30,,,0,70,,2746,30,,,0,82,,2771,30,,,0,35,,2747,30,,,0,75,,2753,30,,,0,35,,2748,30,,,0,75,,2754,30,,,0,35,,2749,30,,,0,75,,2755,30,,,0,80,,2756,30,,,0,41,,2763,30,,,0,70,,2757,30,,,0,30,,2764,30,,,0,70,,2758,30,,,0,30,,2765,30,,,0,86,,2759,30,,,0,70,,2766,30,,,0,30,,2760,30,,,0,70,,2767,30,,,0,30,,2772,30,,,0,70,,2773,30,,,0
700,'100012',541,,2774,30,,,0,70,,2784,30,,,0,30,,2775,30,,,0,18,,2802,30,,,0,52,,2785,30,,,0,30,,2776,30,,,0,70,,2786,30,,,0,40,,2795,30,,,0,70,,2777,30,,,0,30,,2796,30,,,0,70,,2778,30,,,0,30,,2803,30,,,0,70,,2779,30,,,0,30,,2804,30,,,0,70,,2780,30,,,0,82,,2805,30,,,0,35,,2781,30,,,0,75,,2787,30,,,0,35,,2782,30,,,0,75,,2788,30,,,0,35,,2783,30,,,0,75,,2789,30,,,0,80,,2790,30,,,0,41,,2797,30,,,0,70,,2791,30,,,0,30,,2798,30,,,0,70,,2792,30,,,0,30,,2799,30,,,0,86,,2793,30,,,0,70,,2800,30,,,0,30,,2794,30,,,0,70,,2801,30,,,0,30,,2806,30,,,0,70,,2807,30,,,0
700,'100013',818,,2808,30,,,0,100,,2809,30,,,0,100,,2810,30,,,0,100,,2811,30,,,0,100,,2812,30,,,0,115,,2813,30,,,0,100,,2814,30,,,0,100,,2815,30,,,0,115,,2816,30,,,0,100,,2817,30,,,0,100,,2818,30,,,0
5101,'100011',1449,,3167,21,0,5 28,0
1005300,'100011',757,,3301,12,,,0
1005300,'100012',757,,3302,12,,,0
