700,'100009',534,,1014,19,0,24 3 25,0,70,,1024,19,0,24 3 25,0,30,,1015,19,0,24 3 25,0,18,,1042,19,0,24 3 25,0,52,,1025,19,0,24 3 25,0,30,,1016,19,0,24 3 25,0,70,,1026,19,0,24 3 25,0,40,,1035,19,0,24 3 25,0,70,,1017,19,0,24 3 25,0,30,,1036,19,0,24 3 25,0,70,,1018,19,0,24 3 25,0,30,,1043,19,0,24 3 25,0,70,,1019,19,0,24 3 25,0,30,,1044,19,0,24 3 25,0,70,,1020,19,0,24 3 25,0,41,,1045,19,0,24 3 25,0,75,,1021,19,0,24 3 25,0,75,,1027,19,0,24 3 25,0,35,,1022,19,0,24 3 25,0,75,,1028,19,0,24 3 25,0,35,,1023,19,0,24 3 25,0,75,,1029,19,0,24 3 25,0,80,,1030,19,0,24 3 25,0,42,,1037,19,0,24 3 25,0,70,,1031,19,0,24 3 25,0,30,,1038,19,0,24 3 25,0,70,,1032,19,0,24 3 25,0,30,,1039,19,0,24 3 25,0,86,,1033,19,0,24 3 25,0,70,,1040,19,0,24 3 25,0,30,,1034,19,0,24 3 25,0,70,,1041,19,0,24 3 25,0,30,,1046,19,0,24 3 25,0,70,,1047,19,0,24 3 25,0
700,'100010',812,,1048,19,0,24 3 25,0,100,,1049,19,0,24 3 25,0,100,,1050,19,0,24 3 25,0,100,,1051,19,0,24 3 25,0,100,,1052,19,0,24 3 25,0,115,,1053,19,0,24 3 25,0,100,,1054,19,0,24 3 25,0,100,,1055,19,0,24 3 25,0,115,,1056,19,0,24 3 25,0,100,,1057,19,0,24 3 25,0,100,,1058,19,0,24 3 25,0
700,'100011',812,,2717,19,0,24 3 25,0,100,,2718,19,0,24 3 25,0,100,,2719,19,0,24 3 25,0,100,,2720,19,0,24 3 25,0,100,,2721,19,0,24 3 25,0,115,,2722,19,0,24 3 25,0,100,,2723,19,0,24 3 25,0,100,,2724,19,0,24 3 25,0,115,,2725,19,0,24 3 25,0,100,,2726,19,0,24 3 25,0,100,,2727,19,0,24 3 25,0,100,,2728,19,0,24 3 25,0
700,'100012',812,,2729,19,0,24 3 25,0,100,,2730,19,0,24 3 25,0,100,,2731,19,0,24 3 25,0,100,,2732,19,0,24 3 25,0,100,,2733,19,0,24 3 25,0,115,,2734,19,0,24 3 25,0,100,,2735,19,0,24 3 25,0,100,,2736,19,0,24 3 25,0,115,,2737,19,0,24 3 25,0,100,,2738,19,0,24 3 25,0,100,,2739,19,0,24 3 25,0
700,'100013',534,,2740,19,0,24 3 25,0,70,,2750,19,0,24 3 25,0,30,,2741,19,0,24 3 25,0,18,,2768,19,0,24 3 25,0,52,,2751,19,0,24 3 25,0,30,,2742,19,0,24 3 25,0,70,,2752,19,0,24 3 25,0,40,,2761,19,0,24 3 25,0,70,,2743,19,0,24 3 25,0,30,,2762,19,0,24 3 25,0,70,,2744,19,0,24 3 25,0,30,,2769,19,0,24 3 25,0,70,,2745,19,0,24 3 25,0,30,,2770,19,0,24 3 25,0,70,,2746,19,0,24 3 25,0,41,,2771,19,0,24 3 25,0,75,,2747,19,0,24 3 25,0,75,,2753,19,0,24 3 25,0,35,,2748,19,0,24 3 25,0,75,,2754,19,0,24 3 25,0,35,,2749,19,0,24 3 25,0,75,,2755,19,0,24 3 25,0,80,,2756,19,0,24 3 25,0,42,,2763,19,0,24 3 25,0,70,,2757,19,0,24 3 25,0,30,,2764,19,0,24 3 25,0,70,,2758,19,0,24 3 25,0,30,,2765,19,0,24 3 25,0,86,,2759,19,0,24 3 25,0,70,,2766,19,0,24 3 25,0,30,,2760,19,0,24 3 25,0,70,,2767,19,0,24 3 25,0,30,,2772,19,0,24 3 25,0,70,,2773,19,0,24 3 25,0
700,'100014',534,,2774,19,0,24 3 25,0,70,,2784,19,0,24 3 25,0,30,,2775,19,0,24 3 25,0,18,,2802,19,0,24 3 25,0,52,,2785,19,0,24 3 25,0,30,,2776,19,0,24 3 25,0,70,,2786,19,0,24 3 25,0,40,,2795,19,0,24 3 25,0,70,,2777,19,0,24 3 25,0,30,,2796,19,0,24 3 25,0,70,,2778,19,0,24 3 25,0,30,,2803,19,0,24 3 25,0,70,,2779,19,0,24 3 25,0,30,,2804,19,0,24 3 25,0,70,,2780,19,0,24 3 25,0,41,,2805,19,0,24 3 25,0,75,,2781,19,0,24 3 25,0,75,,2787,19,0,24 3 25,0,35,,2782,19,0,24 3 25,0,75,,2788,19,0,24 3 25,0,35,,2783,19,0,24 3 25,0,75,,2789,19,0,24 3 25,0,80,,2790,19,0,24 3 25,0,42,,2797,19,0,24 3 25,0,70,,2791,19,0,24 3 25,0,30,,2798,19,0,24 3 25,0,70,,2792,19,0,24 3 25,0,30,,2799,19,0,24 3 25,0,86,,2793,19,0,24 3 25,0,70,,2800,19,0,24 3 25,0,30,,2794,19,0,24 3 25,0,70,,2801,19,0,24 3 25,0,30,,2806,19,0,24 3 25,0,70,,2807,19,0,24 3 25,0
700,'100015',812,,2808,19,0,24 3 25,0,100,,2809,19,0,24 3 25,0,100,,2810,19,0,24 3 25,0,100,,2811,19,0,24 3 25,0,100,,2812,19,0,24 3 25,0,115,,2813,19,0,24 3 25,0,100,,2814,19,0,24 3 25,0,100,,2815,19,0,24 3 25,0,115,,2816,19,0,24 3 25,0,100,,2817,19,0,24 3 25,0,100,,2818,19,0,24 3 25,0
5100,'100009',736,,1361,3,0,7 8 9 10 11,0
5100,'100013',736,,3165,3,0,7 8 9 10 11,0
5101,'100009',1439,,1363,10,0,5 28,0,75,,1362,25,0,26 3 27,0
5101,'100013',1439,,3167,10,0,5 28,0,75,,3166,25,0,26 3 27,0
5300,'100009',802,,1367,19,,,0
5300,'100013',802,,3171,19,,,0
5301,'100009',1534,,1369,12,,,0
5301,'100013',1534,,3173,12,,,0
