200,'100009',547,,308,11,,,0,70,,300,32,,,0,30,,309,32,,,0,70,,301,32,,,0,30,,310,32,,,0,70,,302,32,,,0,40,,311,32,,,0,70,,303,32,,,0,30,,312,32,,,0,70,,304,32,,,0,30,,313,32,,,0,70,,305,32,,,0,30,,314,32,,,0,70,,306,32,,,0,79,,315,32,,,0,35,,307,32,,,0,75,,316,32,,,0,35,,324,32,,,0,75,,317,32,,,0,75,,325,32,,,0,35,,318,32,,,0,80,,319,32,,,0,43,,326,32,,,0,70,,320,32,,,0,30,,327,32,,,0,70,,321,32,,,0,30,,328,32,,,0,85,,322,32,,,0,70,,329,32,,,0,30,,323,32,,,0,70,,330,32,,,0,30,,331,32,,,0,72,,332,32,,,0
200,'100010',755,,338,32,,,0,70,,342,32,,,0,30,,339,32,,,0,70,,352,32,,,0,30,,341,32,,,0,70,,340,32,,,0,30,,343,32,,,0,70,,344,32,,,0,30,,333,32,,,0,70,,346,32,,,0,85,,347,32,,,0,30,,348,32,,,0,70,,349,32,,,0,30,,350,32,,,0,70,,351,32,,,0,30,,355,32,,,0,70,,353,32,,,0,45,,354,32,,,0,70,,334,32,,,0,30,,337,32,,,0,70,,336,32,,,0,30,,335,32,,,0,70,,345,32,,,0
201,'100011',755,,2023,14,0,5 6,0,70,,2027,14,0,5 6,0,30,,2024,14,0,5 6,0,70,,2037,14,0,5 6,0,30,,2026,14,0,5 6,0,70,,2025,14,0,5 6,0,30,,2028,14,0,5 6,0,70,,2029,14,0,5 6,0,30,,2018,14,0,5 6,0,85,,2031,14,0,5 6,0,70,,2032,14,0,5 6,0,30,,2033,14,0,5 6,0,70,,2034,14,0,5 6,0,30,,2035,14,0,5 6,0,70,,2036,14,0,5 6,0,30,,2040,14,0,5 6,0,85,,2038,14,0,5 6,0,30,,2039,14,0,5 6,0,70,,2019,14,0,5 6,0,30,,2022,14,0,5 6,0,70,,2021,14,0,5 6,0,30,,2020,14,0,5 6,0,70,,2030,14,0,5 6,0,30,,2041,14,0,5 6,0
201,'100012',755,,2047,14,0,5 6,0,70,,2051,14,0,5 6,0,30,,2048,14,0,5 6,0,70,,2061,14,0,5 6,0,30,,2050,14,0,5 6,0,70,,2049,14,0,5 6,0,30,,2052,14,0,5 6,0,70,,2053,14,0,5 6,0,30,,2042,14,0,5 6,0,85,,2055,14,0,5 6,0,70,,2056,14,0,5 6,0,30,,2057,14,0,5 6,0,70,,2058,14,0,5 6,0,30,,2059,14,0,5 6,0,70,,2060,14,0,5 6,0,30,,2064,14,0,5 6,0,85,,2062,14,0,5 6,0,30,,2063,14,0,5 6,0,70,,2043,14,0,5 6,0,30,,2046,14,0,5 6,0,70,,2045,14,0,5 6,0,30,,2044,14,0,5 6,0,70,,2054,14,0,5 6,0
201,'100013',547,,2098,14,0,5 6,0,70,,2065,14,0,5 6,0,30,,2073,14,0,5 6,0,70,,2066,14,0,5 6,0,30,,2074,14,0,5 6,0,70,,2067,14,0,5 6,0,40,,2075,14,0,5 6,0,70,,2068,14,0,5 6,0,30,,2076,14,0,5 6,0,70,,2069,14,0,5 6,0,30,,2077,14,0,5 6,0,70,,2070,14,0,5 6,0,30,,2078,14,0,5 6,0,70,,2071,14,0,5 6,0,79,,2096,14,0,5 6,0,35,,2072,14,0,5 6,0,75,,2079,14,0,5 6,0,35,,2086,14,0,5 6,0,75,,2080,14,0,5 6,0,75,,2087,14,0,5 6,0,35,,2081,14,0,5 6,0,79,,2097,14,0,5 6,0,44,,2088,14,0,5 6,0,70,,2082,14,0,5 6,0,30,,2089,14,0,5 6,0,70,,2083,14,0,5 6,0,30,,2090,14,0,5 6,0,85,,2084,14,0,5 6,0,70,,2091,14,0,5 6,0,30,,2085,14,0,5 6,0,70,,2092,14,0,5 6,0,30,,2093,14,0,5 6,0,72,,2094,14,0,5 6,0
201,'100014',547,,2132,14,0,5 6,0,70,,2099,14,0,5 6,0,30,,2107,14,0,5 6,0,70,,2100,14,0,5 6,0,30,,2108,14,0,5 6,0,70,,2101,14,0,5 6,0,40,,2109,14,0,5 6,0,70,,2102,14,0,5 6,0,30,,2110,14,0,5 6,0,70,,2103,14,0,5 6,0,30,,2111,14,0,5 6,0,70,,2104,14,0,5 6,0,30,,2112,14,0,5 6,0,70,,2105,14,0,5 6,0,79,,2130,14,0,5 6,0,35,,2106,14,0,5 6,0,75,,2113,14,0,5 6,0,35,,2120,14,0,5 6,0,75,,2114,14,0,5 6,0,75,,2121,14,0,5 6,0,35,,2115,14,0,5 6,0,79,,2131,14,0,5 6,0,44,,2122,14,0,5 6,0,70,,2116,14,0,5 6,0,30,,2123,14,0,5 6,0,70,,2117,14,0,5 6,0,30,,2124,14,0,5 6,0,85,,2118,14,0,5 6,0,70,,2125,14,0,5 6,0,30,,2119,14,0,5 6,0,70,,2126,14,0,5 6,0,30,,2127,14,0,5 6,0,72,,2128,14,0,5 6,0
201,'100015',755,,2133,14,0,5 6,0,70,,2134,14,0,5 6,0,30,,2135,14,0,5 6,0,70,,2136,14,0,5 6,0,30,,2137,14,0,5 6,0,70,,2138,14,0,5 6,0,30,,2139,14,0,5 6,0,70,,2140,14,0,5 6,0,30,,2141,14,0,5 6,0,85,,2142,14,0,5 6,0,70,,2143,14,0,5 6,0,30,,2144,14,0,5 6,0,70,,2145,14,0,5 6,0,30,,2146,14,0,5 6,0,70,,2147,14,0,5 6,0,30,,2148,14,0,5 6,0,85,,2149,14,0,5 6,0,30,,2151,14,0,5 6,0,70,,2152,14,0,5 6,0,30,,2153,14,0,5 6,0,70,,2154,14,0,5 6,0,30,,2155,14,0,5 6,0,70,,2150,14,0,5 6,0
2100,'100009',653,,1202,17,,,0,75,,1188,17,,,0,75,,1203,17,,,0,35,,1189,17,,,0,75,,1204,17,,,0,34,,1190,17,,,0,75,,1205,17,,,0,35,,1191,17,,,0,75,,1206,17,,,0,75,,1192,17,,,0,38,,1207,17,,,0,75,,1193,17,,,0,35,,1208,17,,,0,75,,1194,17,,,0,75,,1209,17,,,0,35,,1195,17,,,0,76,,1210,17,,,0,34,,1196,17,,,0,75,,1211,17,,,0,79,,1197,17,,,0,37,,1212,17,,,0,73,,1198,17,,,0,39,,1213,17,,,0,71,,1199,17,,,0,79,,1214,17,,,0,40,,1200,17,,,0,70,,1201,17,,,0,30,,1215,17,,,0,70,,1216,17,,,0,30,,1217,17,,,0
2100,'100010',832,,1226,17,,,0,75,,1219,17,,,0,35,,1227,17,,,0,75,,1220,17,,,0,35,,1236,17,,,0,75,,1235,17,,,0,75,,1228,17,,,0,35,,1221,17,,,0,75,,1229,17,,,0,35,,1222,17,,,0,75,,1230,17,,,0,35,,1223,17,,,0,75,,1237,17,,,0,75,,1234,17,,,0,35,,1231,17,,,0,75,,1224,17,,,0,35,,1232,17,,,0,80,,1225,17,,,0,75,,1233,17,,,0,35,,1218,17,,,0
2100,'100011',832,,2928,17,,,0,75,,2921,17,,,0,35,,2929,17,,,0,75,,2922,17,,,0,35,,2938,17,,,0,75,,2937,17,,,0,75,,2930,17,,,0,35,,2923,17,,,0,75,,2931,17,,,0,35,,2924,17,,,0,75,,2932,17,,,0,35,,2925,17,,,0,75,,2939,17,,,0,75,,2936,17,,,0,35,,2933,17,,,0,75,,2926,17,,,0,35,,2934,17,,,0,80,,2927,17,,,0,75,,2935,17,,,0,35,,2920,17,,,0,110,,2940,17,,,0
2100,'100012',832,,2949,17,,,0,75,,2942,17,,,0,35,,2950,17,,,0,75,,2943,17,,,0,35,,2959,17,,,0,75,,2958,17,,,0,75,,2951,17,,,0,35,,2944,17,,,0,75,,2952,17,,,0,35,,2945,17,,,0,75,,2953,17,,,0,35,,2946,17,,,0,75,,2960,17,,,0,75,,2957,17,,,0,35,,2954,17,,,0,75,,2947,17,,,0,35,,2955,17,,,0,80,,2948,17,,,0,75,,2956,17,,,0,35,,2941,17,,,0
2100,'100013',653,,2975,17,,,0,75,,2961,17,,,0,75,,2976,17,,,0,35,,2962,17,,,0,75,,2977,17,,,0,34,,2963,17,,,0,75,,2978,17,,,0,35,,2964,17,,,0,75,,2979,17,,,0,75,,2965,17,,,0,38,,2980,17,,,0,75,,2966,17,,,0,35,,2981,17,,,0,75,,2967,17,,,0,75,,2982,17,,,0,35,,2968,17,,,0,76,,2983,17,,,0,34,,2969,17,,,0,75,,2984,17,,,0,79,,2970,17,,,0,37,,2985,17,,,0,73,,2971,17,,,0,39,,2986,17,,,0,71,,2972,17,,,0,79,,2987,17,,,0,40,,2973,17,,,0,70,,2974,17,,,0,30,,2988,17,,,0,70,,2989,17,,,0,30,,2990,17,,,0
2100,'100014',653,,3005,17,,,0,75,,2991,17,,,0,75,,3006,17,,,0,35,,2992,17,,,0,75,,3007,17,,,0,34,,2993,17,,,0,75,,3008,17,,,0,35,,2994,17,,,0,75,,3009,17,,,0,75,,2995,17,,,0,38,,3010,17,,,0,75,,2996,17,,,0,35,,3011,17,,,0,75,,2997,17,,,0,75,,3012,17,,,0,35,,2998,17,,,0,76,,3013,17,,,0,34,,2999,17,,,0,75,,3014,17,,,0,79,,3000,17,,,0,37,,3015,17,,,0,73,,3001,17,,,0,39,,3016,17,,,0,71,,3002,17,,,0,79,,3017,17,,,0,40,,3003,17,,,0,70,,3004,17,,,0,30,,3018,17,,,0,70,,3019,17,,,0,30,,3020,17,,,0
2100,'100015',832,,3021,17,,,0,75,,3022,17,,,0,35,,3023,17,,,0,75,,3024,17,,,0,35,,3025,17,,,0,75,,3026,17,,,0,75,,3027,17,,,0,35,,3028,17,,,0,75,,3029,17,,,0,35,,3030,17,,,0,75,,3031,17,,,0,35,,3032,17,,,0,75,,3033,17,,,0,75,,3034,17,,,0,35,,3035,17,,,0,75,,3036,17,,,0,35,,3037,17,,,0,80,,3038,17,,,0,75,,3039,17,,,0,35,,3040,17,,,0
