200,'100009',714,,1902,3,0,5 6,0,30,,1901,3,0,5 6,0,70,,1880,3,0,5 6,0,30,,1879,3,0,5 6,0,70,,1881,3,0,5 6,0,30,,1882,3,0,5 6,0,70,,1883,3,0,5 6,0,30,,1884,3,0,5 6,0,70,,1885,3,0,5 6,0,30,,1886,3,0,5 6,0,85,,1887,3,0,5 6,0,30,,1888,3,0,5 6,0,70,,1889,3,0,5 6,0,30,,1890,3,0,5 6,0,70,,1891,3,0,5 6,0,30,,1892,3,0,5 6,0,70,,1893,3,0,5 6,0,85,,1894,3,0,5 6,0,30,,1895,3,0,5 6,0,70,,1896,3,0,5 6,0,30,,1897,3,0,5 6,0,70,,1898,3,0,5 6,0,30,,1899,3,0,5 6,0,70,,1900,3,0,5 6,0,30,,1903,3,0,5 6,0
200,'100010',714,,1927,3,0,5 6,0,30,,1926,3,0,5 6,0,70,,1905,3,0,5 6,0,30,,1904,3,0,5 6,0,70,,1906,3,0,5 6,0,30,,1907,3,0,5 6,0,70,,1908,3,0,5 6,0,30,,1909,3,0,5 6,0,70,,1910,3,0,5 6,0,30,,1911,3,0,5 6,0,85,,1912,3,0,5 6,0,30,,1913,3,0,5 6,0,70,,1914,3,0,5 6,0,30,,1915,3,0,5 6,0,70,,1916,3,0,5 6,0,30,,1917,3,0,5 6,0,70,,1918,3,0,5 6,0,85,,1919,3,0,5 6,0,30,,1920,3,0,5 6,0,70,,1921,3,0,5 6,0,30,,1922,3,0,5 6,0,70,,1923,3,0,5 6,0,30,,1924,3,0,5 6,0,70,,1925,3,0,5 6,0
200,'100011',536,,1928,3,0,5 6,0,70,,1937,3,0,5 6,0,30,,1929,3,0,5 6,0,70,,1938,3,0,5 6,0,30,,1930,3,0,5 6,0,70,,1939,3,0,5 6,0,40,,1931,3,0,5 6,0,70,,1940,3,0,5 6,0,30,,1932,3,0,5 6,0,70,,1941,3,0,5 6,0,30,,1933,3,0,5 6,0,70,,1942,3,0,5 6,0,30,,1934,3,0,5 6,0,70,,1943,3,0,5 6,0,42,,1935,3,0,5 6,0,75,,1944,3,0,5 6,0,75,,1936,3,0,5 6,0,35,,1945,3,0,5 6,0,75,,1953,3,0,5 6,0,35,,1946,3,0,5 6,0,75,,1954,3,0,5 6,0,80,,1947,3,0,5 6,0,41,,1948,3,0,5 6,0,70,,1955,3,0,5 6,0,30,,1949,3,0,5 6,0,70,,1956,3,0,5 6,0,30,,1950,3,0,5 6,0,85,,1957,3,0,5 6,0,70,,1951,3,0,5 6,0,30,,1958,3,0,5 6,0,70,,1952,3,0,5 6,0,30,,1959,3,0,5 6,0,70,,1960,3,0,5 6,0
200,'100012',536,,1961,3,0,5 6,0,70,,1970,3,0,5 6,0,30,,1962,3,0,5 6,0,70,,1971,3,0,5 6,0,30,,1963,3,0,5 6,0,70,,1972,3,0,5 6,0,40,,1964,3,0,5 6,0,70,,1973,3,0,5 6,0,30,,1965,3,0,5 6,0,70,,1974,3,0,5 6,0,30,,1966,3,0,5 6,0,70,,1975,3,0,5 6,0,30,,1967,3,0,5 6,0,70,,1976,3,0,5 6,0,42,,1968,3,0,5 6,0,75,,1977,3,0,5 6,0,75,,1969,3,0,5 6,0,35,,1978,3,0,5 6,0,75,,1986,3,0,5 6,0,35,,1979,3,0,5 6,0,75,,1987,3,0,5 6,0,80,,1980,3,0,5 6,0,41,,1981,3,0,5 6,0,70,,1988,3,0,5 6,0,30,,1982,3,0,5 6,0,70,,1989,3,0,5 6,0,30,,1983,3,0,5 6,0,85,,1990,3,0,5 6,0,70,,1984,3,0,5 6,0,30,,1991,3,0,5 6,0,70,,1985,3,0,5 6,0,30,,1992,3,0,5 6,0,70,,1993,3,0,5 6,0
200,'100013',714,,2017,3,0,5 6,0,30,,1994,3,0,5 6,0,70,,1995,3,0,5 6,0,30,,1996,3,0,5 6,0,70,,1997,3,0,5 6,0,30,,1998,3,0,5 6,0,70,,1999,3,0,5 6,0,30,,2000,3,0,5 6,0,70,,2001,3,0,5 6,0,30,,2002,3,0,5 6,0,85,,2003,3,0,5 6,0,30,,2004,3,0,5 6,0,70,,2005,3,0,5 6,0,30,,2006,3,0,5 6,0,70,,2007,3,0,5 6,0,30,,2008,3,0,5 6,0,70,,2009,3,0,5 6,0,85,,2010,3,0,5 6,0,30,,2012,3,0,5 6,0,70,,2013,3,0,5 6,0,30,,2014,3,0,5 6,0,70,,2015,3,0,5 6,0,30,,2016,3,0,5 6,0,70,,2011,3,0,5 6,0
5000,'100011',800,,3162,31,,,0
5100,'100011',757,,3165,31,0,5 28,0
5101,'100011',1452,,3167,23,0,5 28,0
1005300,'100011',759,,3301,14,,,0
1005300,'100012',759,,3302,14,,,0
