309,'1476929',1709,,331,,,0
309,'1476930',1809,,332,,,0
309,'1476931',1909,,333,,,0
309,'1476932',738,,334,,,0
309,'1476933',838,,335,,,0
309,'1476934',938,,336,,,0
309,'1476935',1039,,337,,,0
309,'1476936',1139,,338,,,0
309,'1476937',1254,,339,,,0
309,'1476938',1354,,340,,,0
309,'1476939',1454,,341,,,0
309,'1476940',1554,,342,,,0
309,'1477265',532,,343,,,0
309,'1477266',602,,344,,,0
309,'1477267',632,,345,,,0
309,'1477268',702,,346,,,0
309,'1477269',732,,347,,,0
309,'1477270',742,,348,,,0
309,'1477271',842,,349,,,0
309,'1477272',942,,350,,,0
309,'1477273',1042,,351,,,0
309,'1477274',1142,,352,,,0
309,'1477275',802,,353,,,0
309,'1477276',912,,354,,,0
309,'1477277',1012,,355,,,0
309,'1477278',1112,,356,,,0
309,'1477279',1212,,357,,,0
309,'1477280',1251,,358,,,0
309,'1477281',1326,,359,,,0
309,'1477282',1401,,360,,,0
309,'1477283',1415,,361,,,0
309,'1477284',1436,,362,,,0
309,'1477285',1511,,363,,,0
309,'1477286',1546,,364,,,0
309,'1477287',1621,,365,,,0
309,'1477288',1701,,366,,,0
309,'1477289',1745,,367,,,0
309,'1477290',1815,,368,,,0
309,'1477291',1845,,369,,,0
309,'1477292',1915,,370,,,0
309,'1477293',1945,,371,,,0
309,'1477294',2030,,372,,,0
309,'1477295',2100,,373,,,0
309,'1477296',2130,,374,,,0
309,'1477297',2200,,375,,,0
309,'1477298',2230,,376,,,0
309,'1477299',2300,,377,,,0
309,'1477300',1516,,378,,,0
309,'1477565',1809,,427,,,0
309,'1477566',1909,,428,,,0
309,'1477567',1709,,429,,,0
309,'1477568',738,,430,,,0
309,'1477569',838,,431,,,0
309,'1477570',938,,432,,,0
309,'1477571',1039,,433,,,0
309,'1477572',1139,,434,,,0
309,'1477573',1254,,435,,,0
309,'1477574',1354,,436,,,0
309,'1477575',1454,,437,,,0
309,'1477576',1554,,438,,,0
