300,'100009',800,,2156,3,0,15 7 16 3 17,0,100,,2157,3,0,15 7 16 3 17,0,100,,2158,3,0,15 7 16 3 17,0,100,,2159,3,0,15 7 16 3 17,0,100,,2160,3,0,15 7 16 3 17,0,115,,2166,3,0,15 7 16 3 17,0,100,,2161,3,0,15 7 16 3 17,0,100,,2162,3,0,15 7 16 3 17,0,100,,2163,3,0,15 7 16 3 17,0,115,,2164,3,0,15 7 16 3 17,0,100,,2165,3,0,15 7 16 3 17,0,100,,2167,3,0,15 7 16 3 17,0
300,'100010',800,,2168,3,0,15 7 16 3 17,0,100,,2169,3,0,15 7 16 3 17,0,100,,2170,3,0,15 7 16 3 17,0,100,,2171,3,0,15 7 16 3 17,0,100,,2172,3,0,15 7 16 3 17,0,115,,2178,3,0,15 7 16 3 17,0,100,,2173,3,0,15 7 16 3 17,0,100,,2174,3,0,15 7 16 3 17,0,100,,2175,3,0,15 7 16 3 17,0,115,,2176,3,0,15 7 16 3 17,0,100,,2177,3,0,15 7 16 3 17,0
300,'100011',524,,2179,3,0,15 7 16 3 17,0,30,,2180,3,0,15 7 16 3 17,0,55,,2186,3,0,15 7 16 3 17,0,15,,2181,3,0,15 7 16 3 17,0,30,,2182,3,0,15 7 16 3 17,0,70,,2183,3,0,15 7 16 3 17,0,30,,2184,3,0,15 7 16 3 17,0,50,,2187,3,0,15 7 16 3 17,0,20,,2185,3,0,15 7 16 3 17,0,80,,2188,3,0,15 7 16 3 17,0,30,,2192,3,0,15 7 16 3 17,0,70,,2189,3,0,15 7 16 3 17,0,30,,2193,3,0,15 7 16 3 17,0,70,,2190,3,0,15 7 16 3 17,0,30,,2194,3,0,15 7 16 3 17,0,70,,2191,3,0,15 7 16 3 17,0,30,,2195,3,0,15 7 16 3 17,0,83,,2196,3,0,15 7 16 3 17,0,35,,2197,3,0,15 7 16 3 17,0,75,,2198,3,0,15 7 16 3 17,0,1,,2199,3,0,15 7 16 3 17,0,13,,2200,3,0,15 7 16 3 17,0,61,,2201,3,0,15 7 16 3 17,0,35,,2202,3,0,15 7 16 3 17,0,5,,2203,3,0,15 7 16 3 17,0,70,,2204,3,0,15 7 16 3 17,0,35,,2205,3,0,15 7 16 3 17,0,80,,2206,3,0,15 7 16 3 17,0,80,,2207,3,0,15 7 16 3 17,0,30,,2208,3,0,15 7 16 3 17,0,70,,2209,3,0,15 7 16 3 17,0,30,,2210,3,0,15 7 16 3 17,0,70,,2211,3,0,15 7 16 3 17,0,45,,2212,3,0,15 7 16 3 17,0,70,,2213,3,0,15 7 16 3 17,0,30,,2214,3,0,15 7 16 3 17,0,70,,2215,3,0,15 7 16 3 17,0
300,'100012',524,,2216,3,0,15 7 16 3 17,0,30,,2217,3,0,15 7 16 3 17,0,55,,2223,3,0,15 7 16 3 17,0,15,,2218,3,0,15 7 16 3 17,0,30,,2219,3,0,15 7 16 3 17,0,70,,2220,3,0,15 7 16 3 17,0,30,,2221,3,0,15 7 16 3 17,0,50,,2224,3,0,15 7 16 3 17,0,20,,2222,3,0,15 7 16 3 17,0,80,,2225,3,0,15 7 16 3 17,0,30,,2229,3,0,15 7 16 3 17,0,70,,2226,3,0,15 7 16 3 17,0,30,,2230,3,0,15 7 16 3 17,0,70,,2227,3,0,15 7 16 3 17,0,30,,2231,3,0,15 7 16 3 17,0,70,,2228,3,0,15 7 16 3 17,0,30,,2232,3,0,15 7 16 3 17,0,83,,2233,3,0,15 7 16 3 17,0,35,,2234,3,0,15 7 16 3 17,0,75,,2235,3,0,15 7 16 3 17,0,1,,2236,3,0,15 7 16 3 17,0,13,,2237,3,0,15 7 16 3 17,0,61,,2238,3,0,15 7 16 3 17,0,35,,2239,3,0,15 7 16 3 17,0,5,,2240,3,0,15 7 16 3 17,0,70,,2241,3,0,15 7 16 3 17,0,35,,2242,3,0,15 7 16 3 17,0,80,,2243,3,0,15 7 16 3 17,0,80,,2244,3,0,15 7 16 3 17,0,30,,2245,3,0,15 7 16 3 17,0,70,,2246,3,0,15 7 16 3 17,0,30,,2247,3,0,15 7 16 3 17,0,70,,2248,3,0,15 7 16 3 17,0,45,,2249,3,0,15 7 16 3 17,0,70,,2250,3,0,15 7 16 3 17,0,30,,2251,3,0,15 7 16 3 17,0,70,,2252,3,0,15 7 16 3 17,0
300,'100013',800,,2253,3,0,15 7 16 3 17,0,100,,2254,3,0,15 7 16 3 17,0,100,,2255,3,0,15 7 16 3 17,0,100,,2256,3,0,15 7 16 3 17,0,100,,2257,3,0,15 7 16 3 17,0,115,,2258,3,0,15 7 16 3 17,0,100,,2259,3,0,15 7 16 3 17,0,100,,2260,3,0,15 7 16 3 17,0,100,,2261,3,0,15 7 16 3 17,0,115,,2262,3,0,15 7 16 3 17,0,100,,2263,3,0,15 7 16 3 17,0
5300,'100011',815,,3171,30,,,0
5301,'100011',1547,,3173,23,,,0
1005300,'100011',753,,3301,5,,,0
1005300,'100012',753,,3302,5,,,0
1005301,'100011',1513,,3303,17,,,0
1005301,'100012',1513,,3304,17,,,0
