809,'1476849',736,,688,0,18 3 19 5 20,0
809,'1476850',836,,689,0,18 3 19 5 20,0
809,'1476851',936,,690,0,18 3 19 5 20,0
809,'1476852',1036,,691,0,18 3 19 5 20,0
809,'1476853',1136,,692,0,18 3 19 5 20,0
809,'1476854',1251,,693,0,18 3 19 5 20,0
809,'1476855',1351,,694,0,18 3 19 5 20,0
809,'1476856',1451,,695,0,18 3 19 5 20,0
809,'1476857',1551,,696,0,18 3 19 5 20,0
809,'1476858',1706,,697,0,18 3 19 5 20,0
809,'1476859',1806,,698,0,18 3 19 5 20,0
809,'1476860',1906,,699,0,18 3 19 5 20,0
809,'1477473',628,,700,0,18 3 19 5 20,0
809,'1477474',728,,701,0,18 3 19 5 20,0
809,'1477475',907,,702,0,18 3 19 5 20,0
809,'1477476',1007,,703,0,18 3 19 5 20,0
809,'1477477',1107,,704,0,18 3 19 5 20,0
809,'1477478',1207,,705,0,18 3 19 5 20,0
809,'1477479',1322,,706,0,18 3 19 5 20,0
809,'1477480',1432,,707,0,18 3 19 5 20,0
809,'1477481',1507,,708,0,18 3 19 5 20,0
809,'1477482',1617,,709,0,18 3 19 5 20,0
809,'1477483',1741,,710,0,18 3 19 5 20,0
809,'1477484',1841,,711,0,18 3 19 5 20,0
809,'1477485',1941,,712,0,18 3 19 5 20,0
809,'1477486',2056,,713,0,18 3 19 5 20,0
809,'1477487',2156,,714,0,18 3 19 5 20,0
809,'1477488',558,,715,0,18 3 19 5 20,0
809,'1477489',658,,716,0,18 3 19 5 20,0
809,'1477490',758,,717,0,18 3 19 5 20,0
809,'1477491',838,,718,0,18 3 19 5 20,0
809,'1477492',1357,,719,0,18 3 19 5 20,0
809,'1477493',1542,,720,0,18 3 19 5 20,0
809,'1477494',1657,,721,0,18 3 19 5 20,0
809,'1477495',1811,,722,0,18 3 19 5 20,0
809,'1477496',1911,,723,0,18 3 19 5 20,0
809,'1477497',2026,,724,0,18 3 19 5 20,0
809,'1477498',2126,,725,0,18 3 19 5 20,0
809,'1477499',937,,726,0,18 3 19 5 20,0
809,'1477500',1037,,727,0,18 3 19 5 20,0
809,'1477501',1137,,728,0,18 3 19 5 20,0
809,'1477502',1247,,729,0,18 3 19 5 20,0
809,'1477503',2253,,730,0,18 3 19 5 20,0
809,'1477504',2225,,731,0,18 3 19 5 20,0
809,'1477700',736,,732,0,18 3 19 5 20,0
809,'1477701',836,,733,0,18 3 19 5 20,0
809,'1477702',936,,734,0,18 3 19 5 20,0
809,'1477703',1036,,735,0,18 3 19 5 20,0
809,'1477704',1136,,736,0,18 3 19 5 20,0
809,'1477705',1251,,737,0,18 3 19 5 20,0
809,'1477706',1351,,738,0,18 3 19 5 20,0
809,'1477707',1451,,739,0,18 3 19 5 20,0
809,'1477708',1551,,740,0,18 3 19 5 20,0
809,'1477709',1706,,741,0,18 3 19 5 20,0
809,'1477710',1806,,742,0,18 3 19 5 20,0
809,'1477711',1906,,743,0,18 3 19 5 20,0
