301,'100009',545,,626,35,0,15 7 16 3 17,0,70,,627,35,0,15 7 16 3 17,0,30,,628,35,0,15 7 16 3 17,0,70,,629,35,0,15 7 16 3 17,0,30,,630,35,0,15 7 16 3 17,0,10,,631,35,0,15 7 16 3 17,0,60,,636,35,0,15 7 16 3 17,0,40,,632,35,0,15 7 16 3 17,0,70,,637,35,0,15 7 16 3 17,0,30,,633,35,0,15 7 16 3 17,0,70,,638,35,0,15 7 16 3 17,0,30,,634,35,0,15 7 16 3 17,0,70,,639,35,0,15 7 16 3 17,0,30,,635,35,0,15 7 16 3 17,0,70,,640,35,0,15 7 16 3 17,0,81,,641,35,0,15 7 16 3 17,0,35,,642,35,0,15 7 16 3 17,0,75,,643,35,0,15 7 16 3 17,0,14,,644,35,0,15 7 16 3 17,0,21,,645,35,0,15 7 16 3 17,0,75,,646,35,0,15 7 16 3 17,0,5,,661,35,0,15 7 16 3 17,0,70,,647,35,0,15 7 16 3 17,0,35,,648,35,0,15 7 16 3 17,0,80,,649,35,0,15 7 16 3 17,0,42,,650,35,0,15 7 16 3 17,0,70,,651,35,0,15 7 16 3 17,0,30,,652,35,0,15 7 16 3 17,0,70,,653,35,0,15 7 16 3 17,0,30,,654,35,0,15 7 16 3 17,0,85,,655,35,0,15 7 16 3 17,0,70,,656,35,0,15 7 16 3 17,0,30,,657,35,0,15 7 16 3 17,0,70,,658,35,0,15 7 16 3 17,0,30,,659,35,0,15 7 16 3 17,0,70,,660,35,0,15 7 16 3 17,0
301,'100010',750,,665,35,0,15 7 16 3 17,0,100,,666,35,0,15 7 16 3 17,0,100,,667,35,0,15 7 16 3 17,0,101,,668,35,0,15 7 16 3 17,0,100,,669,35,0,15 7 16 3 17,0,155,,670,35,0,15 7 16 3 17,0,100,,671,35,0,15 7 16 3 17,0,100,,672,35,0,15 7 16 3 17,0,100,,673,35,0,15 7 16 3 17,0,115,,664,35,0,15 7 16 3 17,0,100,,662,35,0,15 7 16 3 17,0,100,,663,35,0,15 7 16 3 17,0
301,'100011',750,,2267,35,0,15 7 16 3 17,0,100,,2268,35,0,15 7 16 3 17,0,100,,2269,35,0,15 7 16 3 17,0,101,,2270,35,0,15 7 16 3 17,0,100,,2271,35,0,15 7 16 3 17,0,155,,2272,35,0,15 7 16 3 17,0,100,,2273,35,0,15 7 16 3 17,0,100,,2274,35,0,15 7 16 3 17,0,100,,2275,35,0,15 7 16 3 17,0,115,,2266,35,0,15 7 16 3 17,0,100,,2264,35,0,15 7 16 3 17,0,100,,2265,35,0,15 7 16 3 17,0,100,,2276,35,0,15 7 16 3 17,0
301,'100012',750,,2280,35,0,15 7 16 3 17,0,100,,2281,35,0,15 7 16 3 17,0,100,,2282,35,0,15 7 16 3 17,0,101,,2283,35,0,15 7 16 3 17,0,100,,2284,35,0,15 7 16 3 17,0,155,,2285,35,0,15 7 16 3 17,0,100,,2286,35,0,15 7 16 3 17,0,100,,2287,35,0,15 7 16 3 17,0,100,,2288,35,0,15 7 16 3 17,0,115,,2279,35,0,15 7 16 3 17,0,100,,2277,35,0,15 7 16 3 17,0,100,,2278,35,0,15 7 16 3 17,0
301,'100013',545,,2289,35,0,15 7 16 3 17,0,70,,2290,35,0,15 7 16 3 17,0,30,,2291,35,0,15 7 16 3 17,0,70,,2292,35,0,15 7 16 3 17,0,30,,2293,35,0,15 7 16 3 17,0,10,,2294,35,0,15 7 16 3 17,0,60,,2299,35,0,15 7 16 3 17,0,40,,2295,35,0,15 7 16 3 17,0,70,,2300,35,0,15 7 16 3 17,0,30,,2296,35,0,15 7 16 3 17,0,70,,2301,35,0,15 7 16 3 17,0,30,,2297,35,0,15 7 16 3 17,0,70,,2302,35,0,15 7 16 3 17,0,30,,2298,35,0,15 7 16 3 17,0,70,,2303,35,0,15 7 16 3 17,0,81,,2304,35,0,15 7 16 3 17,0,35,,2305,35,0,15 7 16 3 17,0,75,,2306,35,0,15 7 16 3 17,0,14,,2307,35,0,15 7 16 3 17,0,21,,2308,35,0,15 7 16 3 17,0,75,,2309,35,0,15 7 16 3 17,0,5,,2324,35,0,15 7 16 3 17,0,70,,2310,35,0,15 7 16 3 17,0,35,,2311,35,0,15 7 16 3 17,0,80,,2312,35,0,15 7 16 3 17,0,42,,2313,35,0,15 7 16 3 17,0,70,,2314,35,0,15 7 16 3 17,0,30,,2315,35,0,15 7 16 3 17,0,70,,2316,35,0,15 7 16 3 17,0,30,,2317,35,0,15 7 16 3 17,0,85,,2318,35,0,15 7 16 3 17,0,70,,2319,35,0,15 7 16 3 17,0,30,,2320,35,0,15 7 16 3 17,0,70,,2321,35,0,15 7 16 3 17,0,30,,2322,35,0,15 7 16 3 17,0,70,,2323,35,0,15 7 16 3 17,0
301,'100014',545,,2325,35,0,15 7 16 3 17,0,70,,2326,35,0,15 7 16 3 17,0,30,,2327,35,0,15 7 16 3 17,0,70,,2328,35,0,15 7 16 3 17,0,30,,2329,35,0,15 7 16 3 17,0,10,,2330,35,0,15 7 16 3 17,0,60,,2335,35,0,15 7 16 3 17,0,40,,2331,35,0,15 7 16 3 17,0,70,,2336,35,0,15 7 16 3 17,0,30,,2332,35,0,15 7 16 3 17,0,70,,2337,35,0,15 7 16 3 17,0,30,,2333,35,0,15 7 16 3 17,0,70,,2338,35,0,15 7 16 3 17,0,30,,2334,35,0,15 7 16 3 17,0,70,,2339,35,0,15 7 16 3 17,0,81,,2340,35,0,15 7 16 3 17,0,35,,2341,35,0,15 7 16 3 17,0,75,,2342,35,0,15 7 16 3 17,0,14,,2343,35,0,15 7 16 3 17,0,21,,2344,35,0,15 7 16 3 17,0,75,,2345,35,0,15 7 16 3 17,0,5,,2360,35,0,15 7 16 3 17,0,70,,2346,35,0,15 7 16 3 17,0,35,,2347,35,0,15 7 16 3 17,0,80,,2348,35,0,15 7 16 3 17,0,42,,2349,35,0,15 7 16 3 17,0,70,,2350,35,0,15 7 16 3 17,0,30,,2351,35,0,15 7 16 3 17,0,70,,2352,35,0,15 7 16 3 17,0,30,,2353,35,0,15 7 16 3 17,0,85,,2354,35,0,15 7 16 3 17,0,70,,2355,35,0,15 7 16 3 17,0,30,,2356,35,0,15 7 16 3 17,0,70,,2357,35,0,15 7 16 3 17,0,30,,2358,35,0,15 7 16 3 17,0,70,,2359,35,0,15 7 16 3 17,0
301,'100015',750,,2364,35,0,15 7 16 3 17,0,100,,2365,35,0,15 7 16 3 17,0,100,,2366,35,0,15 7 16 3 17,0,101,,2367,35,0,15 7 16 3 17,0,100,,2368,35,0,15 7 16 3 17,0,155,,2369,35,0,15 7 16 3 17,0,100,,2370,35,0,15 7 16 3 17,0,100,,2371,35,0,15 7 16 3 17,0,100,,2372,35,0,15 7 16 3 17,0,115,,2361,35,0,15 7 16 3 17,0,100,,2362,35,0,15 7 16 3 17,0,100,,2363,35,0,15 7 16 3 17,0
5001,'100009',1432,,1359,1,,,0
5001,'100013',1432,,3163,1,,,0
5101,'100009',1432,,1363,1,0,26 3 27,0,75,,1362,16,0,26 3 27,0
5101,'100013',1432,,3167,1,0,26 3 27,0,75,,3166,16,0,26 3 27,0
5201,'100009',758,,1365,52,4,,0
5201,'100013',758,,3169,52,4,,0
