400,'100009',527,,715,6,0,17 3 15 7 16,0,30,,694,6,0,17 3 15 7 16,0,70,,686,6,0,17 3 15 7 16,0,18,,713,6,0,17 3 15 7 16,0,12,,695,6,0,17 3 15 7 16,0,70,,687,6,0,17 3 15 7 16,0,30,,696,6,0,17 3 15 7 16,0,80,,688,6,0,17 3 15 7 16,0,69,,714,6,0,17 3 15 7 16,0,31,,689,6,0,17 3 15 7 16,0,70,,710,6,0,17 3 15 7 16,0,30,,690,6,0,17 3 15 7 16,0,70,,711,6,0,17 3 15 7 16,0,30,,691,6,0,17 3 15 7 16,0,70,,712,6,0,17 3 15 7 16,0,38,,692,6,0,17 3 15 7 16,0,75,,717,6,0,17 3 15 7 16,0,35,,693,6,0,17 3 15 7 16,0,75,,697,6,0,17 3 15 7 16,0,75,,716,6,0,17 3 15 7 16,0,35,,698,6,0,17 3 15 7 16,0,75,,699,6,0,17 3 15 7 16,0,40,,705,6,0,17 3 15 7 16,0,85,,700,6,0,17 3 15 7 16,0,70,,706,6,0,17 3 15 7 16,0,30,,701,6,0,17 3 15 7 16,0,70,,707,6,0,17 3 15 7 16,0,30,,702,6,0,17 3 15 7 16,0,85,,708,6,0,17 3 15 7 16,0,30,,703,6,0,17 3 15 7 16,0,70,,709,6,0,17 3 15 7 16,0,30,,704,6,0,17 3 15 7 16,0,70,,718,6,0,17 3 15 7 16,0,30,,719,6,0,17 3 15 7 16,0
400,'100010',527,,749,6,0,17 3 15 7 16,0,30,,728,6,0,17 3 15 7 16,0,70,,720,6,0,17 3 15 7 16,0,18,,747,6,0,17 3 15 7 16,0,12,,729,6,0,17 3 15 7 16,0,70,,721,6,0,17 3 15 7 16,0,30,,730,6,0,17 3 15 7 16,0,80,,722,6,0,17 3 15 7 16,0,69,,748,6,0,17 3 15 7 16,0,31,,723,6,0,17 3 15 7 16,0,70,,744,6,0,17 3 15 7 16,0,30,,724,6,0,17 3 15 7 16,0,70,,745,6,0,17 3 15 7 16,0,30,,725,6,0,17 3 15 7 16,0,70,,746,6,0,17 3 15 7 16,0,38,,726,6,0,17 3 15 7 16,0,75,,751,6,0,17 3 15 7 16,0,35,,727,6,0,17 3 15 7 16,0,75,,731,6,0,17 3 15 7 16,0,75,,750,6,0,17 3 15 7 16,0,35,,732,6,0,17 3 15 7 16,0,75,,733,6,0,17 3 15 7 16,0,40,,739,6,0,17 3 15 7 16,0,85,,734,6,0,17 3 15 7 16,0,70,,740,6,0,17 3 15 7 16,0,30,,735,6,0,17 3 15 7 16,0,70,,741,6,0,17 3 15 7 16,0,30,,736,6,0,17 3 15 7 16,0,85,,742,6,0,17 3 15 7 16,0,30,,737,6,0,17 3 15 7 16,0,70,,743,6,0,17 3 15 7 16,0,30,,738,6,0,17 3 15 7 16,0,70,,752,6,0,17 3 15 7 16,0,30,,753,6,0,17 3 15 7 16,0
400,'100012',735,,754,6,0,17 3 15 7 16,0,70,,767,6,0,17 3 15 7 16,0,30,,755,6,0,17 3 15 7 16,0,70,,768,6,0,17 3 15 7 16,0,30,,756,6,0,17 3 15 7 16,0,70,,769,6,0,17 3 15 7 16,0,30,,757,6,0,17 3 15 7 16,0,70,,770,6,0,17 3 15 7 16,0,30,,758,6,0,17 3 15 7 16,0,70,,771,6,0,17 3 15 7 16,0,45,,759,6,0,17 3 15 7 16,0,70,,772,6,0,17 3 15 7 16,0,30,,760,6,0,17 3 15 7 16,0,70,,773,6,0,17 3 15 7 16,0,30,,761,6,0,17 3 15 7 16,0,70,,774,6,0,17 3 15 7 16,0,30,,762,6,0,17 3 15 7 16,0,85,,775,6,0,17 3 15 7 16,0,70,,763,6,0,17 3 15 7 16,0,30,,776,6,0,17 3 15 7 16,0,70,,764,6,0,17 3 15 7 16,0,30,,766,6,0,17 3 15 7 16,0,70,,765,6,0,17 3 15 7 16,0
400,'100013',735,,777,6,0,17 3 15 7 16,0,70,,778,6,0,17 3 15 7 16,0,30,,779,6,0,17 3 15 7 16,0,70,,780,6,0,17 3 15 7 16,0,30,,781,6,0,17 3 15 7 16,0,70,,782,6,0,17 3 15 7 16,0,30,,783,6,0,17 3 15 7 16,0,70,,784,6,0,17 3 15 7 16,0,30,,785,6,0,17 3 15 7 16,0,70,,786,6,0,17 3 15 7 16,0,45,,787,6,0,17 3 15 7 16,0,70,,788,6,0,17 3 15 7 16,0,30,,789,6,0,17 3 15 7 16,0,70,,790,6,0,17 3 15 7 16,0,30,,791,6,0,17 3 15 7 16,0,70,,792,6,0,17 3 15 7 16,0,30,,793,6,0,17 3 15 7 16,0,85,,795,6,0,17 3 15 7 16,0,70,,796,6,0,17 3 15 7 16,0,30,,797,6,0,17 3 15 7 16,0,70,,798,6,0,17 3 15 7 16,0,30,,799,6,0,17 3 15 7 16,0,70,,794,6,0,17 3 15 7 16,0
800,'100009',556,,1085,6,0,14 3 15 7 16,0,70,,1070,6,0,14 3 15 7 16,0,30,,1086,6,0,14 3 15 7 16,0,70,,1071,6,0,14 3 15 7 16,0,30,,1087,6,0,14 3 15 7 16,0,80,,1088,6,0,14 3 15 7 16,0,69,,1072,6,0,14 3 15 7 16,0,30,,1096,6,0,14 3 15 7 16,0,70,,1073,6,0,14 3 15 7 16,0,30,,1097,6,0,14 3 15 7 16,0,70,,1074,6,0,14 3 15 7 16,0,30,,1098,6,0,14 3 15 7 16,0,70,,1075,6,0,14 3 15 7 16,0,39,,1099,6,0,14 3 15 7 16,0,75,,1076,6,0,14 3 15 7 16,0,35,,1089,6,0,14 3 15 7 16,0,75,,1077,6,0,14 3 15 7 16,0,75,,1078,6,0,14 3 15 7 16,0,35,,1090,6,0,14 3 15 7 16,0,75,,1079,6,0,14 3 15 7 16,0,40,,1091,6,0,14 3 15 7 16,0,85,,1080,6,0,14 3 15 7 16,0,70,,1092,6,0,14 3 15 7 16,0,30,,1081,6,0,14 3 15 7 16,0,70,,1093,6,0,14 3 15 7 16,0,30,,1082,6,0,14 3 15 7 16,0,85,,1094,6,0,14 3 15 7 16,0,30,,1083,6,0,14 3 15 7 16,0,70,,1095,6,0,14 3 15 7 16,0,30,,1084,6,0,14 3 15 7 16,0,69,,1101,6,0,14 3 15 7 16,0,28,,1100,6,0,14 3 15 7 16,0
800,'100010',556,,1117,6,0,14 3 15 7 16,0,70,,1102,6,0,14 3 15 7 16,0,30,,1118,6,0,14 3 15 7 16,0,70,,1103,6,0,14 3 15 7 16,0,30,,1119,6,0,14 3 15 7 16,0,80,,1120,6,0,14 3 15 7 16,0,69,,1104,6,0,14 3 15 7 16,0,30,,1128,6,0,14 3 15 7 16,0,70,,1105,6,0,14 3 15 7 16,0,30,,1129,6,0,14 3 15 7 16,0,70,,1106,6,0,14 3 15 7 16,0,30,,1130,6,0,14 3 15 7 16,0,70,,1107,6,0,14 3 15 7 16,0,39,,1131,6,0,14 3 15 7 16,0,75,,1108,6,0,14 3 15 7 16,0,35,,1121,6,0,14 3 15 7 16,0,75,,1109,6,0,14 3 15 7 16,0,75,,1110,6,0,14 3 15 7 16,0,35,,1122,6,0,14 3 15 7 16,0,75,,1111,6,0,14 3 15 7 16,0,40,,1123,6,0,14 3 15 7 16,0,85,,1112,6,0,14 3 15 7 16,0,70,,1124,6,0,14 3 15 7 16,0,30,,1113,6,0,14 3 15 7 16,0,70,,1125,6,0,14 3 15 7 16,0,30,,1114,6,0,14 3 15 7 16,0,85,,1126,6,0,14 3 15 7 16,0,30,,1115,6,0,14 3 15 7 16,0,70,,1127,6,0,14 3 15 7 16,0,30,,1116,6,0,14 3 15 7 16,0,69,,1133,6,0,14 3 15 7 16,0,28,,1132,6,0,14 3 15 7 16,0
800,'100012',734,,1134,6,0,14 3 15 7 16,0,100,,1135,6,0,14 3 15 7 16,0,100,,1136,6,0,14 3 15 7 16,0,100,,1137,6,0,14 3 15 7 16,0,100,,1138,6,0,14 3 15 7 16,0,115,,1139,6,0,14 3 15 7 16,0,100,,1140,6,0,14 3 15 7 16,0,100,,1141,6,0,14 3 15 7 16,0,100,,1142,6,0,14 3 15 7 16,0,155,,1143,6,0,14 3 15 7 16,0,100,,1144,6,0,14 3 15 7 16,0,100,,1145,6,0,14 3 15 7 16,0
800,'100013',734,,1146,6,0,14 3 15 7 16,0,100,,1147,6,0,14 3 15 7 16,0,100,,1148,6,0,14 3 15 7 16,0,100,,1149,6,0,14 3 15 7 16,0,100,,1150,6,0,14 3 15 7 16,0,115,,1151,6,0,14 3 15 7 16,0,100,,1152,6,0,14 3 15 7 16,0,100,,1153,6,0,14 3 15 7 16,0,100,,1154,6,0,14 3 15 7 16,0,155,,1155,6,0,14 3 15 7 16,0,100,,1156,6,0,14 3 15 7 16,0,100,,1157,6,0,14 3 15 7 16,0
5201,'100010',734,,1365,6,0,7 8 9,0
5400,'100010',725,,1370,6,0,7 18,0
