2019,'1476981',753,,160,,,0
2019,'1476982',823,,161,,,0
2019,'1476983',853,,162,,,0
2019,'1476984',923,,163,,,0
2019,'1476985',953,,164,,,0
2019,'1476986',1023,,165,,,0
2019,'1476987',1053,,166,,,0
2019,'1476988',1123,,167,,,0
2019,'1476989',1153,,168,,,0
2019,'1476990',1223,,169,,,0
2019,'1476991',1308,,170,,,0
2019,'1476992',1338,,171,,,0
2019,'1476993',1408,,172,,,0
2019,'1476994',1438,,173,,,0
2019,'1476995',1508,,174,,,0
2019,'1476996',1538,,175,,,0
2019,'1476997',1608,,176,,,0
2019,'1476998',1923,,177,,,0
2019,'1476999',1653,,178,,,0
2019,'1477000',1723,,179,,,0
2019,'1477001',1753,,180,,,0
2019,'1477002',1823,,181,,,0
2019,'1477003',1853,,182,,,0
2019,'1477147',615,,215,,,0
2019,'1477148',715,,216,,,0
2019,'1477149',815,,217,,,0
2019,'1477150',925,,218,,,0
2019,'1477151',1025,,219,,,0
2019,'1477152',1125,,220,,,0
2019,'1477153',1225,,221,,,0
2019,'1477154',1339,,222,,,0
2019,'1477155',545,,223,,,0
2019,'1477156',645,,224,,,0
2019,'1477157',745,,225,,,0
2019,'1477158',855,,226,,,0
2019,'1477159',955,,227,,,0
2019,'1477160',1055,,228,,,0
2019,'1477161',1155,,229,,,0
2019,'1477162',1304,,230,,,0
2019,'1477163',1414,,231,,,0
2019,'1477173',1524,,241,,,0
2019,'1477174',1634,,242,,,0
2019,'1477175',1714,,243,,,0
2019,'1477176',1827,,244,,,0
2019,'1477177',1927,,245,,,0
2019,'1477178',2042,,246,,,0
2019,'1477179',2142,,247,,,0
2019,'1477187',1449,,255,,,0
2019,'1477188',1559,,256,,,0
2019,'1477189',1757,,257,,,0
2019,'1477190',1857,,258,,,0
2019,'1477191',1957,,259,,,0
2019,'1477192',2112,,260,,,0
2019,'1477193',2212,,261,,,0
2019,'1477200',2242,,268,,,0
2019,'1477201',2314,,269,,,0
2019,'1477769',1153,,273,,,0
2019,'1477770',1723,,274,,,0
2019,'1477771',1853,,275,,,0
2019,'1477772',1823,,276,,,0
2019,'1477773',1753,,277,,,0
2019,'1477774',753,,278,,,0
2019,'1477775',853,,279,,,0
2019,'1477776',1023,,280,,,0
2019,'1477777',953,,281,,,0
2019,'1477778',823,,282,,,0
2019,'1477779',1053,,283,,,0
2019,'1477780',1123,,284,,,0
2019,'1477781',1923,,285,,,0
2019,'1477782',1223,,286,,,0
2019,'1477783',1308,,287,,,0
2019,'1477784',1338,,288,,,0
2019,'1477785',1408,,289,,,0
2019,'1477786',1438,,290,,,0
2019,'1477787',1508,,291,,,0
2019,'1477788',923,,292,,,0
2019,'1477789',1608,,293,,,0
2019,'1477790',1653,,294,,,0
2019,'1477791',1538,,295,,,0
