2019,'1477004',743,,183,0,10 27,0
2019,'1477005',813,,184,0,10 27,0
2019,'1477006',843,,185,0,10 27,0
2019,'1477007',913,,186,0,10 27,0
2019,'1477008',943,,187,0,10 27,0
2019,'1477009',1013,,188,0,10 27,0
2019,'1477010',1043,,189,0,10 27,0
2019,'1477011',1113,,190,0,10 27,0
2019,'1477012',1143,,191,0,10 27,0
2019,'1477013',1213,,192,0,10 27,0
2019,'1477014',1258,,193,0,10 27,0
2019,'1477015',1328,,194,0,10 27,0
2019,'1477016',1358,,195,0,10 27,0
2019,'1477017',1428,,196,0,10 27,0
2019,'1477018',1458,,197,0,10 27,0
2019,'1477019',1528,,198,0,10 27,0
2019,'1477020',1558,,199,0,10 27,0
2019,'1477021',1913,,200,0,10 27,0
2019,'1477022',1643,,201,0,10 27,0
2019,'1477023',1713,,202,0,10 27,0
2019,'1477024',1743,,203,0,10 27,0
2019,'1477025',1813,,204,0,10 27,0
2019,'1477026',1843,,205,0,10 27,0
2019,'1477138',535,,206,0,10 27,0
2019,'1477139',635,,207,0,10 27,0
2019,'1477140',735,,208,0,10 27,0
2019,'1477141',845,,209,0,10 27,0
2019,'1477142',945,,210,0,10 27,0
2019,'1477143',1045,,211,0,10 27,0
2019,'1477144',1145,,212,0,10 27,0
2019,'1477145',1255,,213,0,10 27,0
2019,'1477146',1405,,214,0,10 27,0
2019,'1477164',605,,232,0,10 27,0
2019,'1477165',705,,233,0,10 27,0
2019,'1477166',805,,234,0,10 27,0
2019,'1477167',915,,235,0,10 27,0
2019,'1477168',1015,,236,0,10 27,0
2019,'1477169',1115,,237,0,10 27,0
2019,'1477170',1215,,238,0,10 27,0
2019,'1477171',1330,,239,0,10 27,0
2019,'1477172',1440,,240,0,10 27,0
2019,'1477180',1550,,248,0,10 27,0
2019,'1477181',1705,,249,0,10 27,0
2019,'1477182',1748,,250,0,10 27,0
2019,'1477183',1848,,251,0,10 27,0
2019,'1477184',1948,,252,0,10 27,0
2019,'1477185',2103,,253,0,10 27,0
2019,'1477186',2203,,254,0,10 27,0
2019,'1477194',1515,,262,0,10 27,0
2019,'1477195',1625,,263,0,10 27,0
2019,'1477196',1818,,264,0,10 27,0
2019,'1477197',1918,,265,0,10 27,0
2019,'1477198',2033,,266,0,10 27,0
2019,'1477199',2133,,267,0,10 27,0
2019,'1477202',2233,,270,0,10 27,0
2019,'1477203',2303,,271,0,10 27,0
2019,'1477204',2333,,272,0,10 27,0
2019,'1477792',843,,296,0,10 27,0
2019,'1477793',813,,297,0,10 27,0
2019,'1477794',913,,298,0,10 27,0
2019,'1477795',943,,299,0,10 27,0
2019,'1477796',1013,,300,0,10 27,0
2019,'1477797',1043,,301,0,10 27,0
2019,'1477798',1113,,302,0,10 27,0
2019,'1477799',1143,,303,0,10 27,0
2019,'1477800',1213,,304,0,10 27,0
2019,'1477801',1258,,305,0,10 27,0
2019,'1477802',1328,,306,0,10 27,0
2019,'1477803',1358,,307,0,10 27,0
2019,'1477804',1428,,308,0,10 27,0
2019,'1477805',1458,,309,0,10 27,0
2019,'1477806',1528,,310,0,10 27,0
2019,'1477807',1558,,311,0,10 27,0
2019,'1477808',1643,,312,0,10 27,0
2019,'1477809',1713,,313,0,10 27,0
2019,'1477810',1743,,314,0,10 27,0
2019,'1477811',1813,,315,0,10 27,0
2019,'1477812',1843,,316,0,10 27,0
2019,'1477813',1913,,317,0,10 27,0
2019,'1477814',743,,318,0,10 27,0
2019,'1477815',713,,319,0,10 27,0
5309,'1477514',759,,893,,,0
