301,'100009',541,,626,29,0,15 7 16 3 17,0,70,,627,29,0,15 7 16 3 17,0,30,,628,29,0,15 7 16 3 17,0,70,,629,29,0,15 7 16 3 17,0,30,,630,29,0,15 7 16 3 17,0,10,,631,29,0,15 7 16 3 17,0,60,,636,29,0,15 7 16 3 17,0,40,,632,29,0,15 7 16 3 17,0,70,,637,29,0,15 7 16 3 17,0,30,,633,29,0,15 7 16 3 17,0,70,,638,29,0,15 7 16 3 17,0,30,,634,29,0,15 7 16 3 17,0,70,,639,29,0,15 7 16 3 17,0,30,,635,29,0,15 7 16 3 17,0,70,,640,29,0,15 7 16 3 17,0,80,,641,29,0,15 7 16 3 17,0,35,,642,29,0,15 7 16 3 17,0,75,,643,29,0,15 7 16 3 17,0,14,,644,29,0,15 7 16 3 17,0,21,,645,29,0,15 7 16 3 17,0,75,,646,29,0,15 7 16 3 17,0,5,,661,29,0,15 7 16 3 17,0,30,,647,29,0,15 7 16 3 17,0,75,,648,29,0,15 7 16 3 17,0,80,,649,29,0,15 7 16 3 17,0,43,,650,29,0,15 7 16 3 17,0,70,,651,29,0,15 7 16 3 17,0,30,,652,29,0,15 7 16 3 17,0,70,,653,29,0,15 7 16 3 17,0,30,,654,29,0,15 7 16 3 17,0,85,,655,29,0,15 7 16 3 17,0,70,,656,29,0,15 7 16 3 17,0,30,,657,29,0,15 7 16 3 17,0,70,,658,29,0,15 7 16 3 17,0,30,,659,29,0,15 7 16 3 17,0,70,,660,29,0,15 7 16 3 17,0
301,'100010',746,,665,29,0,15 7 16 3 17,0,100,,666,29,0,15 7 16 3 17,0,100,,667,29,0,15 7 16 3 17,0,101,,668,29,0,15 7 16 3 17,0,100,,669,29,0,15 7 16 3 17,0,155,,670,29,0,15 7 16 3 17,0,100,,671,29,0,15 7 16 3 17,0,100,,672,29,0,15 7 16 3 17,0,100,,673,29,0,15 7 16 3 17,0,115,,664,29,0,15 7 16 3 17,0,100,,662,29,0,15 7 16 3 17,0,100,,663,29,0,15 7 16 3 17,0
301,'100011',746,,2267,29,0,15 7 16 3 17,0,100,,2268,29,0,15 7 16 3 17,0,100,,2269,29,0,15 7 16 3 17,0,101,,2270,29,0,15 7 16 3 17,0,100,,2271,29,0,15 7 16 3 17,0,155,,2272,29,0,15 7 16 3 17,0,100,,2273,29,0,15 7 16 3 17,0,100,,2274,29,0,15 7 16 3 17,0,100,,2275,29,0,15 7 16 3 17,0,115,,2266,29,0,15 7 16 3 17,0,100,,2264,29,0,15 7 16 3 17,0,100,,2265,29,0,15 7 16 3 17,0,100,,2276,29,0,15 7 16 3 17,0
301,'100012',746,,2280,29,0,15 7 16 3 17,0,100,,2281,29,0,15 7 16 3 17,0,100,,2282,29,0,15 7 16 3 17,0,101,,2283,29,0,15 7 16 3 17,0,100,,2284,29,0,15 7 16 3 17,0,155,,2285,29,0,15 7 16 3 17,0,100,,2286,29,0,15 7 16 3 17,0,100,,2287,29,0,15 7 16 3 17,0,100,,2288,29,0,15 7 16 3 17,0,115,,2279,29,0,15 7 16 3 17,0,100,,2277,29,0,15 7 16 3 17,0,100,,2278,29,0,15 7 16 3 17,0
301,'100013',541,,2289,29,0,15 7 16 3 17,0,70,,2290,29,0,15 7 16 3 17,0,30,,2291,29,0,15 7 16 3 17,0,70,,2292,29,0,15 7 16 3 17,0,30,,2293,29,0,15 7 16 3 17,0,10,,2294,29,0,15 7 16 3 17,0,60,,2299,29,0,15 7 16 3 17,0,40,,2295,29,0,15 7 16 3 17,0,70,,2300,29,0,15 7 16 3 17,0,30,,2296,29,0,15 7 16 3 17,0,70,,2301,29,0,15 7 16 3 17,0,30,,2297,29,0,15 7 16 3 17,0,70,,2302,29,0,15 7 16 3 17,0,30,,2298,29,0,15 7 16 3 17,0,70,,2303,29,0,15 7 16 3 17,0,80,,2304,29,0,15 7 16 3 17,0,35,,2305,29,0,15 7 16 3 17,0,75,,2306,29,0,15 7 16 3 17,0,14,,2307,29,0,15 7 16 3 17,0,21,,2308,29,0,15 7 16 3 17,0,75,,2309,29,0,15 7 16 3 17,0,5,,2324,29,0,15 7 16 3 17,0,30,,2310,29,0,15 7 16 3 17,0,75,,2311,29,0,15 7 16 3 17,0,80,,2312,29,0,15 7 16 3 17,0,43,,2313,29,0,15 7 16 3 17,0,70,,2314,29,0,15 7 16 3 17,0,30,,2315,29,0,15 7 16 3 17,0,70,,2316,29,0,15 7 16 3 17,0,30,,2317,29,0,15 7 16 3 17,0,85,,2318,29,0,15 7 16 3 17,0,70,,2319,29,0,15 7 16 3 17,0,30,,2320,29,0,15 7 16 3 17,0,70,,2321,29,0,15 7 16 3 17,0,30,,2322,29,0,15 7 16 3 17,0,70,,2323,29,0,15 7 16 3 17,0
301,'100014',541,,2325,29,0,15 7 16 3 17,0,70,,2326,29,0,15 7 16 3 17,0,30,,2327,29,0,15 7 16 3 17,0,70,,2328,29,0,15 7 16 3 17,0,30,,2329,29,0,15 7 16 3 17,0,10,,2330,29,0,15 7 16 3 17,0,60,,2335,29,0,15 7 16 3 17,0,40,,2331,29,0,15 7 16 3 17,0,70,,2336,29,0,15 7 16 3 17,0,30,,2332,29,0,15 7 16 3 17,0,70,,2337,29,0,15 7 16 3 17,0,30,,2333,29,0,15 7 16 3 17,0,70,,2338,29,0,15 7 16 3 17,0,30,,2334,29,0,15 7 16 3 17,0,70,,2339,29,0,15 7 16 3 17,0,80,,2340,29,0,15 7 16 3 17,0,35,,2341,29,0,15 7 16 3 17,0,75,,2342,29,0,15 7 16 3 17,0,14,,2343,29,0,15 7 16 3 17,0,21,,2344,29,0,15 7 16 3 17,0,75,,2345,29,0,15 7 16 3 17,0,5,,2360,29,0,15 7 16 3 17,0,30,,2346,29,0,15 7 16 3 17,0,75,,2347,29,0,15 7 16 3 17,0,80,,2348,29,0,15 7 16 3 17,0,43,,2349,29,0,15 7 16 3 17,0,70,,2350,29,0,15 7 16 3 17,0,30,,2351,29,0,15 7 16 3 17,0,70,,2352,29,0,15 7 16 3 17,0,30,,2353,29,0,15 7 16 3 17,0,85,,2354,29,0,15 7 16 3 17,0,70,,2355,29,0,15 7 16 3 17,0,30,,2356,29,0,15 7 16 3 17,0,70,,2357,29,0,15 7 16 3 17,0,30,,2358,29,0,15 7 16 3 17,0,70,,2359,29,0,15 7 16 3 17,0
301,'100015',746,,2364,29,0,15 7 16 3 17,0,100,,2365,29,0,15 7 16 3 17,0,100,,2366,29,0,15 7 16 3 17,0,101,,2367,29,0,15 7 16 3 17,0,100,,2368,29,0,15 7 16 3 17,0,155,,2369,29,0,15 7 16 3 17,0,100,,2370,29,0,15 7 16 3 17,0,100,,2371,29,0,15 7 16 3 17,0,100,,2372,29,0,15 7 16 3 17,0,115,,2361,29,0,15 7 16 3 17,0,100,,2362,29,0,15 7 16 3 17,0,100,,2363,29,0,15 7 16 3 17,0
5201,'100009',752,,1365,46,0,7 8 9,0
5201,'100013',752,,3169,46,0,7 8 9,0
5400,'100009',749,,1370,47,0,7 18,0
5400,'100013',749,,3174,47,0,7 18,0
