500,'100009',603,,832,23,0,12 3 13,0,30,,848,23,0,12 3 13,0,70,,833,23,0,12 3 13,0,30,,849,23,0,12 3 13,0,70,,834,23,0,12 3 13,0,40,,835,23,0,12 3 13,0,70,,857,23,0,12 3 13,0,30,,836,23,0,12 3 13,0,70,,860,23,0,12 3 13,0,30,,837,23,0,12 3 13,0,70,,859,23,0,12 3 13,0,30,,838,23,0,12 3 13,0,70,,861,23,0,12 3 13,0,42,,839,23,0,12 3 13,0,75,,858,23,0,12 3 13,0,75,,840,23,0,12 3 13,0,35,,850,23,0,12 3 13,0,75,,841,23,0,12 3 13,0,35,,851,23,0,12 3 13,0,75,,842,23,0,12 3 13,0,80,,843,23,0,12 3 13,0,41,,852,23,0,12 3 13,0,70,,844,23,0,12 3 13,0,30,,853,23,0,12 3 13,0,70,,845,23,0,12 3 13,0,30,,854,23,0,12 3 13,0,85,,846,23,0,12 3 13,0,70,,855,23,0,12 3 13,0,30,,847,23,0,12 3 13,0,70,,856,23,0,12 3 13,0,30,,862,23,0,12 3 13,0,70,,863,23,0,12 3 13,0
500,'100010',811,,864,23,0,12 3 13,0,100,,865,23,0,12 3 13,0,100,,866,23,0,12 3 13,0,100,,867,23,0,12 3 13,0,100,,868,23,0,12 3 13,0,115,,869,23,0,12 3 13,0,100,,870,23,0,12 3 13,0,100,,871,23,0,12 3 13,0,115,,872,23,0,12 3 13,0,100,,873,23,0,12 3 13,0,100,,874,23,0,12 3 13,0
500,'100011',811,,2512,23,0,12 3 13,0,100,,2513,23,0,12 3 13,0,100,,2514,23,0,12 3 13,0,100,,2515,23,0,12 3 13,0,100,,2516,23,0,12 3 13,0,115,,2517,23,0,12 3 13,0,100,,2518,23,0,12 3 13,0,100,,2519,23,0,12 3 13,0,115,,2520,23,0,12 3 13,0,100,,2521,23,0,12 3 13,0,100,,2522,23,0,12 3 13,0,100,,2523,23,0,12 3 13,0
500,'100012',811,,2524,23,0,12 3 13,0,100,,2525,23,0,12 3 13,0,100,,2526,23,0,12 3 13,0,100,,2527,23,0,12 3 13,0,100,,2528,23,0,12 3 13,0,115,,2529,23,0,12 3 13,0,100,,2530,23,0,12 3 13,0,100,,2531,23,0,12 3 13,0,115,,2532,23,0,12 3 13,0,100,,2533,23,0,12 3 13,0,100,,2534,23,0,12 3 13,0
500,'100013',603,,2535,23,0,12 3 13,0,30,,2551,23,0,12 3 13,0,70,,2536,23,0,12 3 13,0,30,,2552,23,0,12 3 13,0,70,,2537,23,0,12 3 13,0,40,,2538,23,0,12 3 13,0,70,,2560,23,0,12 3 13,0,30,,2539,23,0,12 3 13,0,70,,2563,23,0,12 3 13,0,30,,2540,23,0,12 3 13,0,70,,2562,23,0,12 3 13,0,30,,2541,23,0,12 3 13,0,70,,2564,23,0,12 3 13,0,42,,2542,23,0,12 3 13,0,75,,2561,23,0,12 3 13,0,75,,2543,23,0,12 3 13,0,35,,2553,23,0,12 3 13,0,75,,2544,23,0,12 3 13,0,35,,2554,23,0,12 3 13,0,75,,2545,23,0,12 3 13,0,80,,2546,23,0,12 3 13,0,41,,2555,23,0,12 3 13,0,70,,2547,23,0,12 3 13,0,30,,2556,23,0,12 3 13,0,70,,2548,23,0,12 3 13,0,30,,2557,23,0,12 3 13,0,85,,2549,23,0,12 3 13,0,70,,2558,23,0,12 3 13,0,30,,2550,23,0,12 3 13,0,70,,2559,23,0,12 3 13,0,30,,2565,23,0,12 3 13,0,70,,2566,23,0,12 3 13,0
500,'100014',603,,2567,23,0,12 3 13,0,30,,2583,23,0,12 3 13,0,70,,2568,23,0,12 3 13,0,30,,2584,23,0,12 3 13,0,70,,2569,23,0,12 3 13,0,40,,2570,23,0,12 3 13,0,70,,2592,23,0,12 3 13,0,30,,2571,23,0,12 3 13,0,70,,2595,23,0,12 3 13,0,30,,2572,23,0,12 3 13,0,70,,2594,23,0,12 3 13,0,30,,2573,23,0,12 3 13,0,70,,2596,23,0,12 3 13,0,42,,2574,23,0,12 3 13,0,75,,2593,23,0,12 3 13,0,75,,2575,23,0,12 3 13,0,35,,2585,23,0,12 3 13,0,75,,2576,23,0,12 3 13,0,35,,2586,23,0,12 3 13,0,75,,2577,23,0,12 3 13,0,80,,2578,23,0,12 3 13,0,41,,2587,23,0,12 3 13,0,70,,2579,23,0,12 3 13,0,30,,2588,23,0,12 3 13,0,70,,2580,23,0,12 3 13,0,30,,2589,23,0,12 3 13,0,85,,2581,23,0,12 3 13,0,70,,2590,23,0,12 3 13,0,30,,2582,23,0,12 3 13,0,70,,2591,23,0,12 3 13,0,30,,2597,23,0,12 3 13,0,70,,2598,23,0,12 3 13,0
500,'100015',811,,2599,23,0,12 3 13,0,100,,2600,23,0,12 3 13,0,100,,2601,23,0,12 3 13,0,100,,2602,23,0,12 3 13,0,100,,2603,23,0,12 3 13,0,115,,2604,23,0,12 3 13,0,100,,2605,23,0,12 3 13,0,100,,2606,23,0,12 3 13,0,115,,2607,23,0,12 3 13,0,100,,2608,23,0,12 3 13,0,100,,2609,23,0,12 3 13,0
5201,'100009',737,,1365,10,0,7 8 9,0
5201,'100013',737,,3169,10,0,7 8 9,0
5400,'100009',728,,1370,10,0,7 18,0
5400,'100013',728,,3174,10,0,7 18,0
