109,'1477027',843,,1,,,0
109,'1477028',943,,2,,,0
109,'1477029',1043,,3,,,0
109,'1477030',1143,,4,,,0
109,'1477031',1243,,5,,,0
109,'1477032',1343,,6,,,0
109,'1477033',1443,,7,,,0
109,'1477034',1543,,8,,,0
109,'1477035',1643,,9,,,0
109,'1477036',1743,,10,,,0
109,'1477037',1843,,11,,,0
109,'1477038',1943,,12,,,0
109,'1477056',605,,30,,,0
109,'1477057',705,,31,,,0
109,'1477058',805,,32,,,0
109,'1477059',905,,33,,,0
109,'1477060',1003,,34,,,0
109,'1477069',645,,43,,,0
109,'1477070',845,,44,,,0
109,'1477071',1043,,45,,,0
109,'1477072',1244,,46,,,0
109,'1477080',1424,,54,,,0
109,'1477081',1724,,55,,,0
109,'1477082',1822,,56,,,0
109,'1477083',1922,,57,,,0
109,'1477084',2022,,58,,,0
109,'1477085',2130,,59,,,0
109,'1477086',1314,,60,,,0
109,'1477090',1113,,64,,,0
109,'1477091',1213,,65,,,0
109,'1477092',745,,66,,,0
109,'1477093',943,,67,,,0
109,'1477094',1143,,68,,,0
109,'1477095',1344,,69,,,0
109,'1477096',1624,,70,,,0
109,'1477097',1524,,71,,,0
109,'1477103',925,,77,,,0
109,'1477104',725,,78,,,0
109,'1477105',625,,79,,,0
109,'1477106',825,,80,,,0
109,'1477113',2100,,87,,,0
109,'1477114',2002,,88,,,0
109,'1477115',1902,,89,,,0
109,'1477116',1802,,90,,,0
109,'1477117',1704,,91,,,0
109,'1477118',1604,,92,,,0
109,'1477119',1544,,93,,,0
109,'1477120',1644,,94,,,0
109,'1477121',1742,,95,,,0
109,'1477122',1842,,96,,,0
109,'1477123',1942,,97,,,0
109,'1477129',1454,,103,,,0
109,'1477134',2228,,108,,,0
109,'1477135',2200,,109,,,0
109,'1477136',2257,,110,,,0
109,'1477613',843,,113,,,0
109,'1477615',943,,115,,,0
109,'1477616',1043,,116,,,0
109,'1477620',1243,,120,,,0
109,'1477621',1143,,121,,,0
109,'1477623',1343,,123,,,0
109,'1477624',1443,,124,,,0
109,'1477626',1543,,126,,,0
109,'1477627',1643,,127,,,0
109,'1477631',1743,,131,,,0
109,'1477633',1843,,133,,,0
109,'1477634',1943,,134,,,0
109,'1477647',1913,,147,,,0
109,'1477648',813,,148,,,0
109,'1477649',1013,,149,,,0
109,'1477650',1113,,150,,,0
109,'1477651',1213,,151,,,0
109,'1477652',1313,,152,,,0
109,'1477653',1413,,153,,,0
109,'1477654',1513,,154,,,0
109,'1477655',1613,,155,,,0
109,'1477656',1713,,156,,,0
109,'1477657',1813,,157,,,0
109,'1477659',913,,159,,,0
