109,'1477039',817,,13,0,33,0
109,'1477040',917,,14,0,33,0
109,'1477041',1017,,15,0,33,0
109,'1477042',1117,,16,0,33,0
109,'1477043',1217,,17,0,33,0
109,'1477044',1317,,18,0,33,0
109,'1477045',1417,,19,0,33,0
109,'1477046',1517,,20,0,33,0
109,'1477047',1617,,21,0,33,0
109,'1477048',1717,,22,0,33,0
109,'1477049',1817,,23,0,33,0
109,'1477050',1917,,24,0,33,0
109,'1477051',841,,25,0,33,0
109,'1477052',541,,26,0,33,0
109,'1477053',938,,27,0,33,0
109,'1477054',741,,28,0,33,0
109,'1477055',641,,29,0,33,0
109,'1477061',621,,35,0,33,0
109,'1477062',721,,36,0,33,0
109,'1477063',821,,37,0,33,0
109,'1477064',918,,38,0,33,0
109,'1477065',1018,,39,0,33,0
109,'1477066',1118,,40,0,33,0
109,'1477067',1219,,41,0,33,0
109,'1477068',1319,,42,0,33,0
109,'1477073',1359,,47,0,33,0
109,'1477074',1459,,48,0,33,0
109,'1477075',1559,,49,0,33,0
109,'1477076',1659,,50,0,33,0
109,'1477077',1758,,51,0,33,0
109,'1477078',1858,,52,0,33,0
109,'1477079',1958,,53,0,33,0
109,'1477087',1048,,61,0,33,0
109,'1477088',1148,,62,0,33,0
109,'1477089',1249,,63,0,33,0
109,'1477098',2106,,72,0,33,0
109,'1477099',601,,73,0,33,0
109,'1477100',701,,74,0,33,0
109,'1477101',801,,75,0,33,0
109,'1477102',901,,76,0,33,0
109,'1477107',2036,,81,0,33,0
109,'1477108',1938,,82,0,33,0
109,'1477109',1838,,83,0,33,0
109,'1477110',1738,,84,0,33,0
109,'1477111',1639,,85,0,33,0
109,'1477112',1539,,86,0,33,0
109,'1477124',1918,,98,0,33,0
109,'1477125',1519,,99,0,33,0
109,'1477126',1619,,100,0,33,0
109,'1477127',1718,,101,0,33,0
109,'1477128',1818,,102,0,33,0
109,'1477130',1429,,104,0,33,0
109,'1477131',2136,,105,0,33,0
109,'1477132',2206,,106,0,33,0
109,'1477133',2305,,107,0,33,0
109,'1477137',2235,,111,0,33,0
109,'1477612',817,,112,0,33,0
109,'1477614',917,,114,0,33,0
109,'1477617',1017,,117,0,33,0
109,'1477618',1117,,118,0,33,0
109,'1477619',1217,,119,0,33,0
109,'1477622',1417,,122,0,33,0
109,'1477625',1317,,125,0,33,0
109,'1477628',1617,,128,0,33,0
109,'1477629',1517,,129,0,33,0
109,'1477630',1717,,130,0,33,0
109,'1477632',1817,,132,0,33,0
109,'1477635',1917,,135,0,33,0
109,'1477636',847,,136,0,33,0
109,'1477637',947,,137,0,33,0
109,'1477638',1047,,138,0,33,0
109,'1477639',1147,,139,0,33,0
109,'1477640',1247,,140,0,33,0
109,'1477641',1347,,141,0,33,0
109,'1477642',1447,,142,0,33,0
109,'1477643',1547,,143,0,33,0
109,'1477644',1647,,144,0,33,0
109,'1477645',1747,,145,0,33,0
109,'1477646',1847,,146,0,33,0
109,'1477658',747,,158,0,33,0
