600,'100009',537,,931,23,,,0,70,,921,23,,,0,18,,949,23,,,0,12,,932,23,,,0,70,,922,23,,,0,17,,950,23,,,0,13,,933,23,,,0,70,,923,23,,,0,39,,924,23,,,0,70,,941,23,,,0,30,,925,23,,,0,70,,942,23,,,0,30,,926,23,,,0,70,,951,23,,,0,30,,927,23,,,0,70,,952,23,,,0,42,,928,23,,,0,75,,953,23,,,0,75,,929,23,,,0,35,,934,23,,,0,75,,930,23,,,0,35,,943,23,,,0,75,,935,23,,,0,80,,944,23,,,0,41,,936,23,,,0,70,,945,23,,,0,30,,937,23,,,0,70,,946,23,,,0,30,,938,23,,,0,86,,947,23,,,0,70,,939,23,,,0,30,,948,23,,,0,70,,940,23,,,0,30,,955,23,,,0,70,,954,23,,,0
600,'100010',744,,956,23,,,0,100,,957,23,,,0,100,,958,23,,,0,100,,959,23,,,0,100,,960,23,,,0,115,,961,23,,,0,100,,962,23,,,0,100,,963,23,,,0,100,,964,23,,,0,155,,965,23,,,0,100,,966,23,,,0,100,,967,23,,,0
600,'100011',744,,2610,23,,,0,100,,2611,23,,,0,100,,2612,23,,,0,100,,2613,23,,,0,100,,2614,23,,,0,115,,2615,23,,,0,100,,2616,23,,,0,100,,2617,23,,,0,100,,2618,23,,,0,155,,2619,23,,,0,100,,2620,23,,,0,100,,2621,23,,,0,100,,2622,23,,,0
600,'100012',744,,2623,23,,,0,100,,2624,23,,,0,100,,2625,23,,,0,100,,2626,23,,,0,100,,2627,23,,,0,115,,2628,23,,,0,100,,2629,23,,,0,100,,2630,23,,,0,100,,2631,23,,,0,155,,2632,23,,,0,100,,2633,23,,,0,100,,2634,23,,,0
600,'100013',537,,2645,23,,,0,70,,2635,23,,,0,18,,2663,23,,,0,12,,2646,23,,,0,70,,2636,23,,,0,17,,2664,23,,,0,13,,2647,23,,,0,70,,2637,23,,,0,39,,2638,23,,,0,70,,2655,23,,,0,30,,2639,23,,,0,70,,2656,23,,,0,30,,2640,23,,,0,70,,2665,23,,,0,30,,2641,23,,,0,70,,2666,23,,,0,42,,2642,23,,,0,75,,2667,23,,,0,75,,2643,23,,,0,35,,2648,23,,,0,75,,2644,23,,,0,35,,2657,23,,,0,75,,2649,23,,,0,80,,2658,23,,,0,41,,2650,23,,,0,70,,2659,23,,,0,30,,2651,23,,,0,70,,2660,23,,,0,30,,2652,23,,,0,86,,2661,23,,,0,70,,2653,23,,,0,30,,2662,23,,,0,70,,2654,23,,,0,30,,2669,23,,,0,70,,2668,23,,,0
600,'100014',537,,2680,23,,,0,70,,2670,23,,,0,18,,2698,23,,,0,12,,2681,23,,,0,70,,2671,23,,,0,17,,2699,23,,,0,13,,2682,23,,,0,70,,2672,23,,,0,39,,2673,23,,,0,70,,2690,23,,,0,30,,2674,23,,,0,70,,2691,23,,,0,30,,2675,23,,,0,70,,2700,23,,,0,30,,2676,23,,,0,70,,2701,23,,,0,42,,2677,23,,,0,75,,2702,23,,,0,75,,2678,23,,,0,35,,2683,23,,,0,75,,2679,23,,,0,35,,2692,23,,,0,75,,2684,23,,,0,80,,2693,23,,,0,41,,2685,23,,,0,70,,2694,23,,,0,30,,2686,23,,,0,70,,2695,23,,,0,30,,2687,23,,,0,86,,2696,23,,,0,70,,2688,23,,,0,30,,2697,23,,,0,70,,2689,23,,,0,30,,2704,23,,,0,70,,2703,23,,,0
600,'100015',744,,2705,23,,,0,100,,2706,23,,,0,100,,2707,23,,,0,100,,2708,23,,,0,100,,2709,23,,,0,115,,2710,23,,,0,100,,2711,23,,,0,100,,2712,23,,,0,100,,2713,23,,,0,155,,2714,23,,,0,100,,2715,23,,,0,100,,2716,23,,,0
5000,'100009',736,,1358,2,0,7 8 9 10 11,0
5000,'100013',736,,3162,2,0,7 8 9 10 11,0
5001,'100009',1440,,1359,10,,,0,17,,1360,7,,,0
5001,'100013',1440,,3163,10,,,0,17,,3164,7,,,0
