700,'100009',537,,1014,25,,,0,70,,1024,25,,,0,30,,1015,25,,,0,18,,1042,25,,,0,52,,1025,25,,,0,30,,1016,25,,,0,70,,1026,25,,,0,40,,1035,25,,,0,70,,1017,25,,,0,30,,1036,25,,,0,70,,1018,25,,,0,30,,1043,25,,,0,70,,1019,25,,,0,30,,1044,25,,,0,70,,1020,25,,,0,42,,1045,25,,,0,75,,1021,25,,,0,75,,1027,25,,,0,35,,1022,25,,,0,75,,1028,25,,,0,35,,1023,25,,,0,75,,1029,25,,,0,80,,1030,25,,,0,41,,1037,25,,,0,70,,1031,25,,,0,30,,1038,25,,,0,70,,1032,25,,,0,30,,1039,25,,,0,86,,1033,25,,,0,70,,1040,25,,,0,30,,1034,25,,,0,70,,1041,25,,,0,30,,1046,25,,,0,70,,1047,25,,,0
700,'100010',815,,1048,25,,,0,100,,1049,25,,,0,100,,1050,25,,,0,100,,1051,25,,,0,100,,1052,25,,,0,115,,1053,25,,,0,100,,1054,25,,,0,100,,1055,25,,,0,115,,1056,25,,,0,100,,1057,25,,,0,100,,1058,25,,,0
700,'100011',815,,2717,25,,,0,100,,2718,25,,,0,100,,2719,25,,,0,100,,2720,25,,,0,100,,2721,25,,,0,115,,2722,25,,,0,100,,2723,25,,,0,100,,2724,25,,,0,115,,2725,25,,,0,100,,2726,25,,,0,100,,2727,25,,,0,100,,2728,25,,,0
700,'100012',815,,2729,25,,,0,100,,2730,25,,,0,100,,2731,25,,,0,100,,2732,25,,,0,100,,2733,25,,,0,115,,2734,25,,,0,100,,2735,25,,,0,100,,2736,25,,,0,115,,2737,25,,,0,100,,2738,25,,,0,100,,2739,25,,,0
700,'100013',537,,2740,25,,,0,70,,2750,25,,,0,30,,2741,25,,,0,18,,2768,25,,,0,52,,2751,25,,,0,30,,2742,25,,,0,70,,2752,25,,,0,40,,2761,25,,,0,70,,2743,25,,,0,30,,2762,25,,,0,70,,2744,25,,,0,30,,2769,25,,,0,70,,2745,25,,,0,30,,2770,25,,,0,70,,2746,25,,,0,42,,2771,25,,,0,75,,2747,25,,,0,75,,2753,25,,,0,35,,2748,25,,,0,75,,2754,25,,,0,35,,2749,25,,,0,75,,2755,25,,,0,80,,2756,25,,,0,41,,2763,25,,,0,70,,2757,25,,,0,30,,2764,25,,,0,70,,2758,25,,,0,30,,2765,25,,,0,86,,2759,25,,,0,70,,2766,25,,,0,30,,2760,25,,,0,70,,2767,25,,,0,30,,2772,25,,,0,70,,2773,25,,,0
700,'100014',537,,2774,25,,,0,70,,2784,25,,,0,30,,2775,25,,,0,18,,2802,25,,,0,52,,2785,25,,,0,30,,2776,25,,,0,70,,2786,25,,,0,40,,2795,25,,,0,70,,2777,25,,,0,30,,2796,25,,,0,70,,2778,25,,,0,30,,2803,25,,,0,70,,2779,25,,,0,30,,2804,25,,,0,70,,2780,25,,,0,42,,2805,25,,,0,75,,2781,25,,,0,75,,2787,25,,,0,35,,2782,25,,,0,75,,2788,25,,,0,35,,2783,25,,,0,75,,2789,25,,,0,80,,2790,25,,,0,41,,2797,25,,,0,70,,2791,25,,,0,30,,2798,25,,,0,70,,2792,25,,,0,30,,2799,25,,,0,86,,2793,25,,,0,70,,2800,25,,,0,30,,2794,25,,,0,70,,2801,25,,,0,30,,2806,25,,,0,70,,2807,25,,,0
700,'100015',815,,2808,25,,,0,100,,2809,25,,,0,100,,2810,25,,,0,100,,2811,25,,,0,100,,2812,25,,,0,115,,2813,25,,,0,100,,2814,25,,,0,100,,2815,25,,,0,115,,2816,25,,,0,100,,2817,25,,,0,100,,2818,25,,,0
5100,'100009',742,,1361,9,0,7 8 9 10 11,0
5100,'100013',742,,3165,9,0,7 8 9 10 11,0
5101,'100009',1442,,1363,16,0,5 28,0,75,,1362,31,0,26 3 27,0
5101,'100013',1442,,3167,16,0,5 28,0,75,,3166,31,0,26 3 27,0
