409,'1476895',749,,439,,,0
409,'1476896',819,,440,,,0
409,'1476897',849,,441,,,0
409,'1476898',919,,442,,,0
409,'1476899',949,,443,,,0
409,'1476900',1019,,444,,,0
409,'1476901',1049,,445,,,0
409,'1476902',1119,,446,,,0
409,'1476903',1149,,447,,,0
409,'1476904',1219,,448,,,0
409,'1476905',1304,,449,,,0
409,'1476906',1334,,450,,,0
409,'1476907',1404,,451,,,0
409,'1476908',1434,,452,,,0
409,'1476909',1504,,453,,,0
409,'1476910',1534,,454,,,0
409,'1476911',1604,,455,,,0
409,'1476912',1919,,456,,,0
409,'1476913',1649,,457,,,0
409,'1476914',1719,,458,,,0
409,'1476915',1749,,459,,,0
409,'1476916',1819,,460,,,0
409,'1476917',1849,,461,,,0
409,'1477338',642,,462,,,0
409,'1477339',742,,463,,,0
409,'1477340',852,,464,,,0
409,'1477341',952,,465,,,0
409,'1477342',1052,,466,,,0
409,'1477343',1152,,467,,,0
409,'1477344',1300,,468,,,0
409,'1477345',1410,,469,,,0
409,'1477346',612,,470,,,0
409,'1477347',712,,471,,,0
409,'1477348',812,,472,,,0
409,'1477349',1445,,473,,,0
409,'1477350',1555,,474,,,0
409,'1477351',1630,,475,,,0
409,'1477352',1754,,476,,,0
409,'1477353',1854,,477,,,0
409,'1477354',1954,,478,,,0
409,'1477355',2109,,479,,,0
409,'1477356',2209,,480,,,0
409,'1477357',1710,,481,,,0
409,'1477358',1824,,482,,,0
409,'1477359',1924,,483,,,0
409,'1477360',2039,,484,,,0
409,'1477361',2139,,485,,,0
409,'1477362',1022,,486,,,0
409,'1477363',1122,,487,,,0
409,'1477364',1222,,488,,,0
409,'1477365',659,,489,,,0
409,'1477366',921,,490,,,0
409,'1477367',542,,491,,,0
409,'1477368',1520,,492,,,0
409,'1477369',1335,,493,,,0
409,'1477370',2239,,494,,,0
409,'1477371',2309,,495,,,0
409,'1477746',749,,496,,,0
409,'1477747',849,,497,,,0
409,'1477748',949,,498,,,0
409,'1477749',1049,,499,,,0
409,'1477750',1149,,500,,,0
409,'1477751',1304,,501,,,0
409,'1477752',1404,,502,,,0
409,'1477753',1504,,503,,,0
409,'1477754',1604,,504,,,0
409,'1477755',1719,,505,,,0
409,'1477756',1819,,506,,,0
409,'1477757',1919,,507,,,0
409,'1477758',1849,,508,,,0
409,'1477759',819,,509,,,0
409,'1477760',919,,510,,,0
409,'1477761',1019,,511,,,0
409,'1477762',1119,,512,,,0
409,'1477763',1219,,513,,,0
409,'1477764',1334,,514,,,0
409,'1477765',1434,,515,,,0
409,'1477766',1534,,516,,,0
409,'1477767',1649,,517,,,0
409,'1477768',1749,,518,,,0
5209,'1477513',1532,,892,,,0
5409,'1477518',1451,,896,,,0
