2109,'1476961',744,,764,,,0
2109,'1476962',819,,765,,,0
2109,'1476963',854,,766,,,0
2109,'1476964',929,,767,,,0
2109,'1476965',1004,,768,,,0
2109,'1476966',1039,,769,,,0
2109,'1476967',1114,,770,,,0
2109,'1476968',1149,,771,,,0
2109,'1476969',1224,,772,,,0
2109,'1476970',1259,,773,,,0
2109,'1476971',1334,,774,,,0
2109,'1476972',1409,,775,,,0
2109,'1476973',1444,,776,,,0
2109,'1476974',1519,,777,,,0
2109,'1476975',1554,,778,,,0
2109,'1476976',1629,,779,,,0
2109,'1476977',1704,,780,,,0
2109,'1476978',1744,,781,,,0
2109,'1476979',1819,,782,,,0
2109,'1476980',1854,,783,,,0
2109,'1477205',639,,784,,,0
2109,'1477206',751,,785,,,0
2109,'1477207',901,,786,,,0
2109,'1477208',1011,,787,,,0
2109,'1477209',1121,,788,,,0
2109,'1477210',1232,,789,,,0
2109,'1477211',1342,,790,,,0
2109,'1477219',1452,,798,,,0
2109,'1477220',1602,,799,,,0
2109,'1477221',1716,,800,,,0
2109,'1477222',1826,,801,,,0
2109,'1477223',1936,,802,,,0
2109,'1477224',2102,,803,,,0
2109,'1477231',606,,810,,,0
2109,'1477232',716,,811,,,0
2109,'1477233',825,,812,,,0
2109,'1477234',936,,813,,,0
2109,'1477235',1046,,814,,,0
2109,'1477236',1156,,815,,,0
2109,'1477237',1307,,816,,,0
2109,'1477238',1417,,817,,,0
2109,'1477239',1527,,818,,,0
2109,'1477240',1637,,819,,,0
2109,'1477241',1751,,820,,,0
2109,'1477242',1903,,821,,,0
2109,'1477243',2015,,822,,,0
2109,'1477244',2132,,823,,,0
2109,'1477259',2302,,838,,,0
2109,'1477260',2232,,839,,,0
2109,'1477264',2202,,843,,,0
2109,'1478077',819,,845,,,0
2109,'1478078',929,,846,,,0
2109,'1478079',1150,,847,,,0
2109,'1478080',1259,,848,,,0
2109,'1478081',1409,,849,,,0
2109,'1478082',1519,,850,,,0
2109,'1478083',1744,,851,,,0
2109,'1478091',744,,859,,,0
2109,'1478092',854,,860,,,0
2109,'1478093',1114,,861,,,0
2109,'1478094',1224,,862,,,0
2109,'1478095',1334,,863,,,0
2109,'1478096',1444,,864,,,0
2109,'1478097',1704,,865,,,0
2109,'1478098',1819,,866,,,0
2109,'1478107',1629,,875,,,0
2109,'1478108',1039,,876,,,0
2109,'1478111',1854,,879,,,0
2109,'1478113',1004,,881,,,0
2109,'1478114',1554,,882,,,0
