309,'1476929',1703,,331,,,0
309,'1476930',1803,,332,,,0
309,'1476931',1903,,333,,,0
309,'1476932',732,,334,,,0
309,'1476933',832,,335,,,0
309,'1476934',932,,336,,,0
309,'1476935',1033,,337,,,0
309,'1476936',1133,,338,,,0
309,'1476937',1248,,339,,,0
309,'1476938',1348,,340,,,0
309,'1476939',1448,,341,,,0
309,'1476940',1548,,342,,,0
309,'1477265',525,,343,,,0
309,'1477266',555,,344,,,0
309,'1477267',625,,345,,,0
309,'1477268',655,,346,,,0
309,'1477269',725,,347,,,0
309,'1477270',735,,348,,,0
309,'1477271',835,,349,,,0
309,'1477272',935,,350,,,0
309,'1477273',1035,,351,,,0
309,'1477274',1135,,352,,,0
309,'1477275',755,,353,,,0
309,'1477276',905,,354,,,0
309,'1477277',1005,,355,,,0
309,'1477278',1105,,356,,,0
309,'1477279',1205,,357,,,0
309,'1477280',1243,,358,,,0
309,'1477281',1318,,359,,,0
309,'1477282',1353,,360,,,0
309,'1477283',1407,,361,,,0
309,'1477284',1428,,362,,,0
309,'1477285',1503,,363,,,0
309,'1477286',1538,,364,,,0
309,'1477287',1613,,365,,,0
309,'1477288',1653,,366,,,0
309,'1477289',1738,,367,,,0
309,'1477290',1808,,368,,,0
309,'1477291',1838,,369,,,0
309,'1477292',1908,,370,,,0
309,'1477293',1938,,371,,,0
309,'1477294',2023,,372,,,0
309,'1477295',2053,,373,,,0
309,'1477296',2123,,374,,,0
309,'1477297',2153,,375,,,0
309,'1477298',2223,,376,,,0
309,'1477299',2253,,377,,,0
309,'1477300',1508,,378,,,0
309,'1477565',1803,,427,,,0
309,'1477566',1903,,428,,,0
309,'1477567',1703,,429,,,0
309,'1477568',732,,430,,,0
309,'1477569',832,,431,,,0
309,'1477570',932,,432,,,0
309,'1477571',1033,,433,,,0
309,'1477572',1133,,434,,,0
309,'1477573',1248,,435,,,0
309,'1477574',1348,,436,,,0
309,'1477575',1448,,437,,,0
309,'1477576',1548,,438,,,0
