309,'1476918',806,,320,,,0
309,'1476919',906,,321,,,0
309,'1476920',1006,,322,,,0
309,'1476921',1106,,323,,,0
309,'1476922',1206,,324,,,0
309,'1476923',1321,,325,,,0
309,'1476924',1421,,326,,,0
309,'1476925',1521,,327,,,0
309,'1476926',1621,,328,,,0
309,'1476927',1736,,329,,,0
309,'1476928',1836,,330,,,0
309,'1477301',530,,379,,,0
309,'1477302',600,,380,,,0
309,'1477303',630,,381,,,0
309,'1477304',700,,382,,,0
309,'1477305',730,,383,,,0
309,'1477306',800,,384,,,0
309,'1477307',830,,385,,,0
309,'1477308',615,,386,,,0
309,'1477309',810,,387,,,0
309,'1477310',910,,388,,,0
309,'1477311',1010,,389,,,0
309,'1477312',1110,,390,,,0
309,'1477313',1211,,391,,,0
309,'1477314',940,,392,,,0
309,'1477315',1040,,393,,,0
309,'1477316',1140,,394,,,0
309,'1477317',1241,,395,,,0
309,'1477318',1324,,396,,,0
309,'1477319',1359,,397,,,0
309,'1477320',1434,,398,,,0
309,'1477321',1435,,399,,,0
309,'1477322',1448,,400,,,0
309,'1477323',1509,,401,,,0
309,'1477324',1544,,402,,,0
309,'1477325',1549,,403,,,0
309,'1477326',1619,,404,,,0
309,'1477327',1654,,405,,,0
309,'1477328',1734,,406,,,0
309,'1477329',1813,,407,,,0
309,'1477330',1843,,408,,,0
309,'1477331',1913,,409,,,0
309,'1477332',1943,,410,,,0
309,'1477333',2013,,411,,,0
309,'1477334',2058,,412,,,0
309,'1477335',2128,,413,,,0
309,'1477336',2158,,414,,,0
309,'1477337',2228,,415,,,0
309,'1477554',806,,416,,,0
309,'1477555',906,,417,,,0
309,'1477556',1006,,418,,,0
309,'1477557',1106,,419,,,0
309,'1477558',1206,,420,,,0
309,'1477559',1421,,421,,,0
309,'1477560',1521,,422,,,0
309,'1477561',1621,,423,,,0
309,'1477562',1736,,424,,,0
309,'1477563',1836,,425,,,0
309,'1477564',1321,,426,,,0
