2019,'1477004',752,,183,,,0
2019,'1477005',822,,184,,,0
2019,'1477006',852,,185,,,0
2019,'1477007',922,,186,,,0
2019,'1477008',952,,187,,,0
2019,'1477009',1022,,188,,,0
2019,'1477010',1052,,189,,,0
2019,'1477011',1122,,190,,,0
2019,'1477012',1152,,191,,,0
2019,'1477013',1222,,192,,,0
2019,'1477014',1307,,193,,,0
2019,'1477015',1337,,194,,,0
2019,'1477016',1407,,195,,,0
2019,'1477017',1437,,196,,,0
2019,'1477018',1507,,197,,,0
2019,'1477019',1537,,198,,,0
2019,'1477020',1607,,199,,,0
2019,'1477021',1922,,200,,,0
2019,'1477022',1652,,201,,,0
2019,'1477023',1722,,202,,,0
2019,'1477024',1752,,203,,,0
2019,'1477025',1822,,204,,,0
2019,'1477026',1852,,205,,,0
2019,'1477138',544,,206,,,0
2019,'1477139',644,,207,,,0
2019,'1477140',744,,208,,,0
2019,'1477141',854,,209,,,0
2019,'1477142',954,,210,,,0
2019,'1477143',1054,,211,,,0
2019,'1477144',1154,,212,,,0
2019,'1477145',1307,,213,,,0
2019,'1477146',1417,,214,,,0
2019,'1477164',614,,232,,,0
2019,'1477165',714,,233,,,0
2019,'1477166',814,,234,,,0
2019,'1477167',924,,235,,,0
2019,'1477168',1024,,236,,,0
2019,'1477169',1124,,237,,,0
2019,'1477170',1224,,238,,,0
2019,'1477171',1342,,239,,,0
2019,'1477172',1452,,240,,,0
2019,'1477180',1602,,248,,,0
2019,'1477181',1717,,249,,,0
2019,'1477182',1757,,250,,,0
2019,'1477183',1857,,251,,,0
2019,'1477184',1957,,252,,,0
2019,'1477185',2112,,253,,,0
2019,'1477186',2212,,254,,,0
2019,'1477194',1527,,262,,,0
2019,'1477195',1637,,263,,,0
2019,'1477196',1827,,264,,,0
2019,'1477197',1927,,265,,,0
2019,'1477198',2042,,266,,,0
2019,'1477199',2142,,267,,,0
2019,'1477202',2242,,270,,,0
2019,'1477203',2312,,271,,,0
2019,'1477204',2342,,272,,,0
2019,'1477792',852,,296,,,0
2019,'1477793',822,,297,,,0
2019,'1477794',922,,298,,,0
2019,'1477795',952,,299,,,0
2019,'1477796',1022,,300,,,0
2019,'1477797',1052,,301,,,0
2019,'1477798',1122,,302,,,0
2019,'1477799',1152,,303,,,0
2019,'1477800',1222,,304,,,0
2019,'1477801',1307,,305,,,0
2019,'1477802',1337,,306,,,0
2019,'1477803',1407,,307,,,0
2019,'1477804',1437,,308,,,0
2019,'1477805',1507,,309,,,0
2019,'1477806',1537,,310,,,0
2019,'1477807',1607,,311,,,0
2019,'1477808',1652,,312,,,0
2019,'1477809',1722,,313,,,0
2019,'1477810',1752,,314,,,0
2019,'1477811',1822,,315,,,0
2019,'1477812',1852,,316,,,0
2019,'1477813',1922,,317,,,0
2019,'1477814',752,,318,,,0
2019,'1477815',722,,319,,,0
