200,'100011',719,,1902,13,,,0,30,,1901,13,,,0,70,,1880,13,,,0,30,,1879,13,,,0,70,,1881,13,,,0,30,,1882,13,,,0,70,,1883,13,,,0,30,,1884,13,,,0,70,,1885,13,,,0,30,,1886,13,,,0,85,,1887,13,,,0,70,,1888,13,,,0,30,,1889,13,,,0,70,,1890,13,,,0,30,,1891,13,,,0,70,,1892,13,,,0,30,,1893,13,,,0,85,,1894,13,,,0,30,,1895,13,,,0,70,,1896,13,,,0,30,,1897,13,,,0,70,,1898,13,,,0,30,,1899,13,,,0,70,,1900,13,,,0,30,,1903,13,,,0
200,'100012',719,,1927,13,,,0,30,,1926,13,,,0,70,,1905,13,,,0,30,,1904,13,,,0,70,,1906,13,,,0,30,,1907,13,,,0,70,,1908,13,,,0,30,,1909,13,,,0,70,,1910,13,,,0,30,,1911,13,,,0,85,,1912,13,,,0,70,,1913,13,,,0,30,,1914,13,,,0,70,,1915,13,,,0,30,,1916,13,,,0,70,,1917,13,,,0,30,,1918,13,,,0,85,,1919,13,,,0,30,,1920,13,,,0,70,,1921,13,,,0,30,,1922,13,,,0,70,,1923,13,,,0,30,,1924,13,,,0,70,,1925,13,,,0
200,'100013',541,,1928,13,,,0,70,,1937,13,,,0,30,,1929,13,,,0,70,,1938,13,,,0,30,,1930,13,,,0,70,,1939,13,,,0,40,,1931,13,,,0,70,,1940,13,,,0,30,,1932,13,,,0,70,,1941,13,,,0,30,,1933,13,,,0,70,,1942,13,,,0,30,,1934,13,,,0,70,,1943,13,,,0,82,,1935,13,,,0,35,,1944,13,,,0,75,,1936,13,,,0,35,,1945,13,,,0,75,,1953,13,,,0,35,,1946,13,,,0,75,,1954,13,,,0,80,,1947,13,,,0,41,,1948,13,,,0,70,,1955,13,,,0,30,,1949,13,,,0,70,,1956,13,,,0,30,,1950,13,,,0,85,,1957,13,,,0,70,,1951,13,,,0,30,,1958,13,,,0,70,,1952,13,,,0,30,,1959,13,,,0,70,,1960,13,,,0
200,'100014',541,,1961,13,,,0,70,,1970,13,,,0,30,,1962,13,,,0,70,,1971,13,,,0,30,,1963,13,,,0,70,,1972,13,,,0,40,,1964,13,,,0,70,,1973,13,,,0,30,,1965,13,,,0,70,,1974,13,,,0,30,,1966,13,,,0,70,,1975,13,,,0,30,,1967,13,,,0,70,,1976,13,,,0,82,,1968,13,,,0,35,,1977,13,,,0,75,,1969,13,,,0,35,,1978,13,,,0,75,,1986,13,,,0,35,,1979,13,,,0,75,,1987,13,,,0,80,,1980,13,,,0,41,,1981,13,,,0,70,,1988,13,,,0,30,,1982,13,,,0,70,,1989,13,,,0,30,,1983,13,,,0,85,,1990,13,,,0,70,,1984,13,,,0,30,,1991,13,,,0,70,,1985,13,,,0,30,,1992,13,,,0,70,,1993,13,,,0
200,'100015',719,,2017,13,,,0,30,,1994,13,,,0,70,,1995,13,,,0,30,,1996,13,,,0,70,,1997,13,,,0,30,,1998,13,,,0,70,,1999,13,,,0,30,,2000,13,,,0,70,,2001,13,,,0,30,,2002,13,,,0,85,,2003,13,,,0,70,,2004,13,,,0,30,,2005,13,,,0,70,,2006,13,,,0,30,,2007,13,,,0,70,,2008,13,,,0,30,,2009,13,,,0,85,,2010,13,,,0,30,,2012,13,,,0,70,,2013,13,,,0,30,,2014,13,,,0,70,,2015,13,,,0,30,,2016,13,,,0,70,,2011,13,,,0
201,'100009',541,,413,32,0,5 6,0,70,,422,32,0,5 6,0,30,,414,32,0,5 6,0,70,,423,32,0,5 6,0,30,,415,32,0,5 6,0,70,,424,32,0,5 6,0,40,,416,32,0,5 6,0,70,,425,32,0,5 6,0,30,,417,32,0,5 6,0,70,,426,32,0,5 6,0,30,,418,32,0,5 6,0,70,,427,32,0,5 6,0,30,,419,32,0,5 6,0,70,,428,32,0,5 6,0,82,,420,32,0,5 6,0,35,,429,32,0,5 6,0,75,,421,32,0,5 6,0,35,,430,32,0,5 6,0,75,,438,32,0,5 6,0,35,,431,32,0,5 6,0,75,,439,32,0,5 6,0,80,,432,32,0,5 6,0,41,,433,32,0,5 6,0,70,,440,32,0,5 6,0,30,,434,32,0,5 6,0,70,,441,32,0,5 6,0,30,,435,32,0,5 6,0,85,,442,32,0,5 6,0,70,,436,32,0,5 6,0,30,,443,32,0,5 6,0,70,,437,32,0,5 6,0,30,,444,32,0,5 6,0,70,,445,32,0,5 6,0,30,,446,32,0,5 6,0
201,'100010',719,,470,32,0,5 6,0,30,,469,32,0,5 6,0,70,,448,32,0,5 6,0,30,,447,32,0,5 6,0,70,,449,32,0,5 6,0,30,,450,32,0,5 6,0,70,,451,32,0,5 6,0,30,,452,32,0,5 6,0,70,,453,32,0,5 6,0,30,,454,32,0,5 6,0,70,,455,32,0,5 6,0,85,,456,32,0,5 6,0,30,,457,32,0,5 6,0,70,,458,32,0,5 6,0,30,,459,32,0,5 6,0,70,,460,32,0,5 6,0,30,,461,32,0,5 6,0,70,,462,32,0,5 6,0,45,,463,32,0,5 6,0,70,,464,32,0,5 6,0,30,,465,32,0,5 6,0,70,,466,32,0,5 6,0,30,,467,32,0,5 6,0,70,,468,32,0,5 6,0
5301,'100009',1559,,1369,45,,,0
5301,'100013',1559,,3173,45,,,0
1005300,'100009',804,,1513,24,,,0
1005300,'100013',804,,3301,24,,,0
1005300,'100014',804,,3302,24,,,0
