309,'1476918',804,,320,,,0
309,'1476919',904,,321,,,0
309,'1476920',1004,,322,,,0
309,'1476921',1104,,323,,,0
309,'1476922',1204,,324,,,0
309,'1476923',1319,,325,,,0
309,'1476924',1419,,326,,,0
309,'1476925',1519,,327,,,0
309,'1476926',1619,,328,,,0
309,'1476927',1734,,329,,,0
309,'1476928',1834,,330,,,0
309,'1477301',528,,379,,,0
309,'1477302',558,,380,,,0
309,'1477303',628,,381,,,0
309,'1477304',658,,382,,,0
309,'1477305',728,,383,,,0
309,'1477306',758,,384,,,0
309,'1477307',828,,385,,,0
309,'1477308',613,,386,,,0
309,'1477309',808,,387,,,0
309,'1477310',908,,388,,,0
309,'1477311',1008,,389,,,0
309,'1477312',1108,,390,,,0
309,'1477313',1209,,391,,,0
309,'1477314',938,,392,,,0
309,'1477315',1038,,393,,,0
309,'1477316',1138,,394,,,0
309,'1477317',1239,,395,,,0
309,'1477318',1322,,396,,,0
309,'1477319',1357,,397,,,0
309,'1477320',1432,,398,,,0
309,'1477321',1433,,399,,,0
309,'1477322',1446,,400,,,0
309,'1477323',1507,,401,,,0
309,'1477324',1542,,402,,,0
309,'1477325',1547,,403,,,0
309,'1477326',1617,,404,,,0
309,'1477327',1652,,405,,,0
309,'1477328',1732,,406,,,0
309,'1477329',1811,,407,,,0
309,'1477330',1841,,408,,,0
309,'1477331',1911,,409,,,0
309,'1477332',1941,,410,,,0
309,'1477333',2011,,411,,,0
309,'1477334',2056,,412,,,0
309,'1477335',2126,,413,,,0
309,'1477336',2156,,414,,,0
309,'1477337',2226,,415,,,0
309,'1477554',804,,416,,,0
309,'1477555',904,,417,,,0
309,'1477556',1004,,418,,,0
309,'1477557',1104,,419,,,0
309,'1477558',1204,,420,,,0
309,'1477559',1419,,421,,,0
309,'1477560',1519,,422,,,0
309,'1477561',1619,,423,,,0
309,'1477562',1734,,424,,,0
309,'1477563',1834,,425,,,0
309,'1477564',1319,,426,,,0
5209,'1477513',1530,,892,,,0
