201,'100010',756,,2023,15,0,5 6,0,70,,2027,15,0,5 6,0,30,,2024,15,0,5 6,0,70,,2037,15,0,5 6,0,30,,2026,15,0,5 6,0,70,,2025,15,0,5 6,0,30,,2028,15,0,5 6,0,70,,2029,15,0,5 6,0,30,,2018,15,0,5 6,0,85,,2031,15,0,5 6,0,70,,2032,15,0,5 6,0,30,,2033,15,0,5 6,0,70,,2034,15,0,5 6,0,30,,2035,15,0,5 6,0,70,,2036,15,0,5 6,0,30,,2040,15,0,5 6,0,85,,2038,15,0,5 6,0,30,,2039,15,0,5 6,0,70,,2019,15,0,5 6,0,30,,2022,15,0,5 6,0,70,,2021,15,0,5 6,0,30,,2020,15,0,5 6,0,70,,2030,15,0,5 6,0,30,,2041,15,0,5 6,0
201,'100011',756,,2047,15,0,5 6,0,70,,2051,15,0,5 6,0,30,,2048,15,0,5 6,0,70,,2061,15,0,5 6,0,30,,2050,15,0,5 6,0,70,,2049,15,0,5 6,0,30,,2052,15,0,5 6,0,70,,2053,15,0,5 6,0,30,,2042,15,0,5 6,0,85,,2055,15,0,5 6,0,70,,2056,15,0,5 6,0,30,,2057,15,0,5 6,0,70,,2058,15,0,5 6,0,30,,2059,15,0,5 6,0,70,,2060,15,0,5 6,0,30,,2064,15,0,5 6,0,85,,2062,15,0,5 6,0,30,,2063,15,0,5 6,0,70,,2043,15,0,5 6,0,30,,2046,15,0,5 6,0,70,,2045,15,0,5 6,0,30,,2044,15,0,5 6,0,70,,2054,15,0,5 6,0
201,'100012',548,,2098,15,0,5 6,0,70,,2065,15,0,5 6,0,30,,2073,15,0,5 6,0,70,,2066,15,0,5 6,0,30,,2074,15,0,5 6,0,70,,2067,15,0,5 6,0,40,,2075,15,0,5 6,0,70,,2068,15,0,5 6,0,30,,2076,15,0,5 6,0,70,,2069,15,0,5 6,0,30,,2077,15,0,5 6,0,70,,2070,15,0,5 6,0,30,,2078,15,0,5 6,0,70,,2071,15,0,5 6,0,79,,2096,15,0,5 6,0,35,,2072,15,0,5 6,0,75,,2079,15,0,5 6,0,35,,2086,15,0,5 6,0,75,,2080,15,0,5 6,0,75,,2087,15,0,5 6,0,35,,2081,15,0,5 6,0,79,,2097,15,0,5 6,0,84,,2088,15,0,5 6,0,30,,2082,15,0,5 6,0,70,,2089,15,0,5 6,0,30,,2083,15,0,5 6,0,70,,2090,15,0,5 6,0,45,,2084,15,0,5 6,0,70,,2091,15,0,5 6,0,30,,2085,15,0,5 6,0,70,,2092,15,0,5 6,0,30,,2093,15,0,5 6,0,72,,2094,15,0,5 6,0
201,'100013',548,,2132,15,0,5 6,0,70,,2099,15,0,5 6,0,30,,2107,15,0,5 6,0,70,,2100,15,0,5 6,0,30,,2108,15,0,5 6,0,70,,2101,15,0,5 6,0,40,,2109,15,0,5 6,0,70,,2102,15,0,5 6,0,30,,2110,15,0,5 6,0,70,,2103,15,0,5 6,0,30,,2111,15,0,5 6,0,70,,2104,15,0,5 6,0,30,,2112,15,0,5 6,0,70,,2105,15,0,5 6,0,79,,2130,15,0,5 6,0,35,,2106,15,0,5 6,0,75,,2113,15,0,5 6,0,35,,2120,15,0,5 6,0,75,,2114,15,0,5 6,0,75,,2121,15,0,5 6,0,35,,2115,15,0,5 6,0,79,,2131,15,0,5 6,0,84,,2122,15,0,5 6,0,30,,2116,15,0,5 6,0,70,,2123,15,0,5 6,0,30,,2117,15,0,5 6,0,70,,2124,15,0,5 6,0,45,,2118,15,0,5 6,0,70,,2125,15,0,5 6,0,30,,2119,15,0,5 6,0,70,,2126,15,0,5 6,0,30,,2127,15,0,5 6,0,72,,2128,15,0,5 6,0
201,'100014',756,,2133,15,0,5 6,0,70,,2134,15,0,5 6,0,30,,2135,15,0,5 6,0,70,,2136,15,0,5 6,0,30,,2137,15,0,5 6,0,70,,2138,15,0,5 6,0,30,,2139,15,0,5 6,0,70,,2140,15,0,5 6,0,30,,2141,15,0,5 6,0,85,,2142,15,0,5 6,0,70,,2143,15,0,5 6,0,30,,2144,15,0,5 6,0,70,,2145,15,0,5 6,0,30,,2146,15,0,5 6,0,70,,2147,15,0,5 6,0,30,,2148,15,0,5 6,0,85,,2149,15,0,5 6,0,30,,2151,15,0,5 6,0,70,,2152,15,0,5 6,0,30,,2153,15,0,5 6,0,70,,2154,15,0,5 6,0,30,,2155,15,0,5 6,0,70,,2150,15,0,5 6,0
2100,'100010',833,,2928,18,,,0,75,,2921,18,,,0,35,,2929,18,,,0,75,,2922,18,,,0,35,,2938,18,,,0,75,,2937,18,,,0,75,,2930,18,,,0,35,,2923,18,,,0,75,,2931,18,,,0,35,,2924,18,,,0,75,,2932,18,,,0,35,,2925,18,,,0,75,,2939,18,,,0,75,,2936,18,,,0,35,,2933,18,,,0,75,,2926,18,,,0,35,,2934,18,,,0,80,,2927,18,,,0,75,,2935,18,,,0,35,,2920,18,,,0,110,,2940,18,,,0
2100,'100011',833,,2949,18,,,0,75,,2942,18,,,0,35,,2950,18,,,0,75,,2943,18,,,0,35,,2959,18,,,0,75,,2958,18,,,0,75,,2951,18,,,0,35,,2944,18,,,0,75,,2952,18,,,0,35,,2945,18,,,0,75,,2953,18,,,0,35,,2946,18,,,0,75,,2960,18,,,0,75,,2957,18,,,0,35,,2954,18,,,0,75,,2947,18,,,0,35,,2955,18,,,0,80,,2948,18,,,0,75,,2956,18,,,0,35,,2941,18,,,0
2100,'100012',654,,2975,18,,,0,75,,2961,18,,,0,75,,2976,18,,,0,35,,2962,18,,,0,75,,2977,18,,,0,34,,2963,18,,,0,75,,2978,18,,,0,35,,2964,18,,,0,75,,2979,18,,,0,75,,2965,18,,,0,38,,2980,18,,,0,75,,2966,18,,,0,35,,2981,18,,,0,75,,2967,18,,,0,75,,2982,18,,,0,35,,2968,18,,,0,76,,2983,18,,,0,34,,2969,18,,,0,75,,2984,18,,,0,79,,2970,18,,,0,37,,2985,18,,,0,73,,2971,18,,,0,39,,2986,18,,,0,71,,2972,18,,,0,79,,2987,18,,,0,40,,2973,18,,,0,70,,2974,18,,,0,30,,2988,18,,,0,70,,2989,18,,,0,30,,2990,18,,,0
2100,'100013',654,,3005,18,,,0,75,,2991,18,,,0,75,,3006,18,,,0,35,,2992,18,,,0,75,,3007,18,,,0,34,,2993,18,,,0,75,,3008,18,,,0,35,,2994,18,,,0,75,,3009,18,,,0,75,,2995,18,,,0,38,,3010,18,,,0,75,,2996,18,,,0,35,,3011,18,,,0,75,,2997,18,,,0,75,,3012,18,,,0,35,,2998,18,,,0,76,,3013,18,,,0,34,,2999,18,,,0,75,,3014,18,,,0,79,,3000,18,,,0,37,,3015,18,,,0,73,,3001,18,,,0,39,,3016,18,,,0,71,,3002,18,,,0,79,,3017,18,,,0,40,,3003,18,,,0,70,,3004,18,,,0,30,,3018,18,,,0,70,,3019,18,,,0,30,,3020,18,,,0
2100,'100014',833,,3021,18,,,0,75,,3022,18,,,0,35,,3023,18,,,0,75,,3024,18,,,0,35,,3025,18,,,0,75,,3026,18,,,0,75,,3027,18,,,0,35,,3028,18,,,0,75,,3029,18,,,0,35,,3030,18,,,0,75,,3031,18,,,0,35,,3032,18,,,0,75,,3033,18,,,0,75,,3034,18,,,0,35,,3035,18,,,0,75,,3036,18,,,0,35,,3037,18,,,0,80,,3038,18,,,0,75,,3039,18,,,0,35,,3040,18,,,0
