109,'1477027',840,,1,,,0
109,'1477028',940,,2,,,0
109,'1477029',1040,,3,,,0
109,'1477030',1140,,4,,,0
109,'1477031',1240,,5,,,0
109,'1477032',1340,,6,,,0
109,'1477033',1440,,7,,,0
109,'1477034',1540,,8,,,0
109,'1477035',1640,,9,,,0
109,'1477036',1740,,10,,,0
109,'1477037',1840,,11,,,0
109,'1477038',1940,,12,,,0
109,'1477056',603,,30,,,0
109,'1477057',703,,31,,,0
109,'1477058',803,,32,,,0
109,'1477059',903,,33,,,0
109,'1477060',1001,,34,,,0
109,'1477069',643,,43,,,0
109,'1477070',843,,44,,,0
109,'1477071',1041,,45,,,0
109,'1477072',1242,,46,,,0
109,'1477080',1422,,54,,,0
109,'1477081',1722,,55,,,0
109,'1477082',1820,,56,,,0
109,'1477083',1920,,57,,,0
109,'1477084',2020,,58,,,0
109,'1477085',2128,,59,,,0
109,'1477086',1312,,60,,,0
109,'1477090',1111,,64,,,0
109,'1477091',1211,,65,,,0
109,'1477092',743,,66,,,0
109,'1477093',941,,67,,,0
109,'1477094',1141,,68,,,0
109,'1477095',1342,,69,,,0
109,'1477096',1622,,70,,,0
109,'1477097',1522,,71,,,0
109,'1477103',923,,77,,,0
109,'1477104',723,,78,,,0
109,'1477105',623,,79,,,0
109,'1477106',823,,80,,,0
109,'1477113',2058,,87,,,0
109,'1477114',2000,,88,,,0
109,'1477115',1900,,89,,,0
109,'1477116',1800,,90,,,0
109,'1477117',1702,,91,,,0
109,'1477118',1602,,92,,,0
109,'1477119',1542,,93,,,0
109,'1477120',1642,,94,,,0
109,'1477121',1740,,95,,,0
109,'1477122',1840,,96,,,0
109,'1477123',1940,,97,,,0
109,'1477129',1452,,103,,,0
109,'1477134',2227,,108,,,0
109,'1477135',2158,,109,,,0
109,'1477136',2256,,110,,,0
109,'1477613',840,,113,,,0
109,'1477615',940,,115,,,0
109,'1477616',1040,,116,,,0
109,'1477620',1240,,120,,,0
109,'1477621',1140,,121,,,0
109,'1477623',1340,,123,,,0
109,'1477624',1440,,124,,,0
109,'1477626',1540,,126,,,0
109,'1477627',1640,,127,,,0
109,'1477631',1740,,131,,,0
109,'1477633',1840,,133,,,0
109,'1477634',1940,,134,,,0
109,'1477647',1910,,147,,,0
109,'1477648',810,,148,,,0
109,'1477649',1010,,149,,,0
109,'1477650',1110,,150,,,0
109,'1477651',1210,,151,,,0
109,'1477652',1310,,152,,,0
109,'1477653',1410,,153,,,0
109,'1477654',1510,,154,,,0
109,'1477655',1610,,155,,,0
109,'1477656',1710,,156,,,0
109,'1477657',1810,,157,,,0
109,'1477659',910,,159,,,0
