2019,'1476981',751,,160,,,0
2019,'1476982',821,,161,,,0
2019,'1476983',851,,162,,,0
2019,'1476984',921,,163,,,0
2019,'1476985',951,,164,,,0
2019,'1476986',1021,,165,,,0
2019,'1476987',1051,,166,,,0
2019,'1476988',1121,,167,,,0
2019,'1476989',1151,,168,,,0
2019,'1476990',1221,,169,,,0
2019,'1476991',1306,,170,,,0
2019,'1476992',1336,,171,,,0
2019,'1476993',1406,,172,,,0
2019,'1476994',1436,,173,,,0
2019,'1476995',1506,,174,,,0
2019,'1476996',1536,,175,,,0
2019,'1476997',1606,,176,,,0
2019,'1476998',1921,,177,,,0
2019,'1476999',1651,,178,,,0
2019,'1477000',1721,,179,,,0
2019,'1477001',1751,,180,,,0
2019,'1477002',1821,,181,,,0
2019,'1477003',1851,,182,,,0
2019,'1477147',613,,215,,,0
2019,'1477148',713,,216,,,0
2019,'1477149',813,,217,,,0
2019,'1477150',923,,218,,,0
2019,'1477151',1023,,219,,,0
2019,'1477152',1123,,220,,,0
2019,'1477153',1223,,221,,,0
2019,'1477154',1337,,222,,,0
2019,'1477155',543,,223,,,0
2019,'1477156',643,,224,,,0
2019,'1477157',743,,225,,,0
2019,'1477158',853,,226,,,0
2019,'1477159',953,,227,,,0
2019,'1477160',1053,,228,,,0
2019,'1477161',1153,,229,,,0
2019,'1477162',1302,,230,,,0
2019,'1477163',1412,,231,,,0
2019,'1477173',1522,,241,,,0
2019,'1477174',1632,,242,,,0
2019,'1477175',1712,,243,,,0
2019,'1477176',1825,,244,,,0
2019,'1477177',1925,,245,,,0
2019,'1477178',2040,,246,,,0
2019,'1477179',2140,,247,,,0
2019,'1477187',1447,,255,,,0
2019,'1477188',1557,,256,,,0
2019,'1477189',1755,,257,,,0
2019,'1477190',1855,,258,,,0
2019,'1477191',1955,,259,,,0
2019,'1477192',2110,,260,,,0
2019,'1477193',2210,,261,,,0
2019,'1477200',2240,,268,,,0
2019,'1477201',2312,,269,,,0
2019,'1477769',1151,,273,,,0
2019,'1477770',1721,,274,,,0
2019,'1477771',1851,,275,,,0
2019,'1477772',1821,,276,,,0
2019,'1477773',1751,,277,,,0
2019,'1477774',751,,278,,,0
2019,'1477775',851,,279,,,0
2019,'1477776',1021,,280,,,0
2019,'1477777',951,,281,,,0
2019,'1477778',821,,282,,,0
2019,'1477779',1051,,283,,,0
2019,'1477780',1121,,284,,,0
2019,'1477781',1921,,285,,,0
2019,'1477782',1221,,286,,,0
2019,'1477783',1306,,287,,,0
2019,'1477784',1336,,288,,,0
2019,'1477785',1406,,289,,,0
2019,'1477786',1436,,290,,,0
2019,'1477787',1506,,291,,,0
2019,'1477788',921,,292,,,0
2019,'1477789',1606,,293,,,0
2019,'1477790',1651,,294,,,0
2019,'1477791',1536,,295,,,0
