600,'100009',534,,931,17,,,0,70,,921,17,,,0,18,,949,17,,,0,12,,932,17,,,0,70,,922,17,,,0,17,,950,17,,,0,13,,933,17,,,0,70,,923,17,,,0,39,,924,17,,,0,70,,941,17,,,0,30,,925,17,,,0,70,,942,17,,,0,30,,926,17,,,0,70,,951,17,,,0,30,,927,17,,,0,70,,952,17,,,0,40,,928,17,,,0,75,,953,17,,,0,75,,929,17,,,0,35,,934,17,,,0,75,,930,17,,,0,35,,943,17,,,0,75,,935,17,,,0,80,,944,17,,,0,43,,936,17,,,0,70,,945,17,,,0,30,,937,17,,,0,70,,946,17,,,0,30,,938,17,,,0,86,,947,17,,,0,70,,939,17,,,0,30,,948,17,,,0,70,,940,17,,,0,30,,955,17,,,0,70,,954,17,,,0
600,'100010',741,,956,17,,,0,100,,957,17,,,0,100,,958,17,,,0,100,,959,17,,,0,100,,960,17,,,0,115,,961,17,,,0,100,,962,17,,,0,100,,963,17,,,0,100,,964,17,,,0,155,,965,17,,,0,100,,966,17,,,0,100,,967,17,,,0
600,'100011',741,,2610,17,,,0,100,,2611,17,,,0,100,,2612,17,,,0,100,,2613,17,,,0,100,,2614,17,,,0,115,,2615,17,,,0,100,,2616,17,,,0,100,,2617,17,,,0,100,,2618,17,,,0,155,,2619,17,,,0,100,,2620,17,,,0,100,,2621,17,,,0,100,,2622,17,,,0
600,'100012',741,,2623,17,,,0,100,,2624,17,,,0,100,,2625,17,,,0,100,,2626,17,,,0,100,,2627,17,,,0,115,,2628,17,,,0,100,,2629,17,,,0,100,,2630,17,,,0,100,,2631,17,,,0,155,,2632,17,,,0,100,,2633,17,,,0,100,,2634,17,,,0
600,'100013',534,,2645,17,,,0,70,,2635,17,,,0,18,,2663,17,,,0,12,,2646,17,,,0,70,,2636,17,,,0,17,,2664,17,,,0,13,,2647,17,,,0,70,,2637,17,,,0,39,,2638,17,,,0,70,,2655,17,,,0,30,,2639,17,,,0,70,,2656,17,,,0,30,,2640,17,,,0,70,,2665,17,,,0,30,,2641,17,,,0,70,,2666,17,,,0,40,,2642,17,,,0,75,,2667,17,,,0,75,,2643,17,,,0,35,,2648,17,,,0,75,,2644,17,,,0,35,,2657,17,,,0,75,,2649,17,,,0,80,,2658,17,,,0,43,,2650,17,,,0,70,,2659,17,,,0,30,,2651,17,,,0,70,,2660,17,,,0,30,,2652,17,,,0,86,,2661,17,,,0,70,,2653,17,,,0,30,,2662,17,,,0,70,,2654,17,,,0,30,,2669,17,,,0,70,,2668,17,,,0
600,'100014',534,,2680,17,,,0,70,,2670,17,,,0,18,,2698,17,,,0,12,,2681,17,,,0,70,,2671,17,,,0,17,,2699,17,,,0,13,,2682,17,,,0,70,,2672,17,,,0,39,,2673,17,,,0,70,,2690,17,,,0,30,,2674,17,,,0,70,,2691,17,,,0,30,,2675,17,,,0,70,,2700,17,,,0,30,,2676,17,,,0,70,,2701,17,,,0,40,,2677,17,,,0,75,,2702,17,,,0,75,,2678,17,,,0,35,,2683,17,,,0,75,,2679,17,,,0,35,,2692,17,,,0,75,,2684,17,,,0,80,,2693,17,,,0,43,,2685,17,,,0,70,,2694,17,,,0,30,,2686,17,,,0,70,,2695,17,,,0,30,,2687,17,,,0,86,,2696,17,,,0,70,,2688,17,,,0,30,,2697,17,,,0,70,,2689,17,,,0,30,,2704,17,,,0,70,,2703,17,,,0
600,'100015',741,,2705,17,,,0,100,,2706,17,,,0,100,,2707,17,,,0,100,,2708,17,,,0,100,,2709,17,,,0,115,,2710,17,,,0,100,,2711,17,,,0,100,,2712,17,,,0,100,,2713,17,,,0,155,,2714,17,,,0,100,,2715,17,,,0,100,,2716,17,,,0
5000,'100009',743,,1358,9,0,7 8 9 10 11,0
5000,'100013',743,,3162,9,0,7 8 9 10 11,0
5001,'100009',1447,,1359,18,,,0,57,,1360,15,,,0
5001,'100013',1447,,3163,18,,,0,57,,3164,15,,,0
