2109,'1476961',739,,764,,,0
2109,'1476962',814,,765,,,0
2109,'1476963',849,,766,,,0
2109,'1476964',924,,767,,,0
2109,'1476965',959,,768,,,0
2109,'1476966',1034,,769,,,0
2109,'1476967',1109,,770,,,0
2109,'1476968',1144,,771,,,0
2109,'1476969',1219,,772,,,0
2109,'1476970',1254,,773,,,0
2109,'1476971',1329,,774,,,0
2109,'1476972',1404,,775,,,0
2109,'1476973',1439,,776,,,0
2109,'1476974',1514,,777,,,0
2109,'1476975',1549,,778,,,0
2109,'1476976',1624,,779,,,0
2109,'1476977',1659,,780,,,0
2109,'1476978',1739,,781,,,0
2109,'1476979',1814,,782,,,0
2109,'1476980',1849,,783,,,0
2109,'1477205',634,,784,,,0
2109,'1477206',746,,785,,,0
2109,'1477207',856,,786,,,0
2109,'1477208',1006,,787,,,0
2109,'1477209',1116,,788,,,0
2109,'1477210',1227,,789,,,0
2109,'1477211',1337,,790,,,0
2109,'1477219',1447,,798,,,0
2109,'1477220',1557,,799,,,0
2109,'1477221',1711,,800,,,0
2109,'1477222',1821,,801,,,0
2109,'1477223',1931,,802,,,0
2109,'1477224',2059,,803,,,0
2109,'1477231',601,,810,,,0
2109,'1477232',711,,811,,,0
2109,'1477233',820,,812,,,0
2109,'1477234',931,,813,,,0
2109,'1477235',1041,,814,,,0
2109,'1477236',1151,,815,,,0
2109,'1477237',1302,,816,,,0
2109,'1477238',1412,,817,,,0
2109,'1477239',1522,,818,,,0
2109,'1477240',1632,,819,,,0
2109,'1477241',1746,,820,,,0
2109,'1477242',1858,,821,,,0
2109,'1477243',2010,,822,,,0
2109,'1477244',2129,,823,,,0
2109,'1477259',2259,,838,,,0
2109,'1477260',2229,,839,,,0
2109,'1477264',2159,,843,,,0
2109,'1478077',814,,845,,,0
2109,'1478078',924,,846,,,0
2109,'1478079',1145,,847,,,0
2109,'1478080',1254,,848,,,0
2109,'1478081',1404,,849,,,0
2109,'1478082',1514,,850,,,0
2109,'1478083',1739,,851,,,0
2109,'1478091',739,,859,,,0
2109,'1478092',849,,860,,,0
2109,'1478093',1109,,861,,,0
2109,'1478094',1219,,862,,,0
2109,'1478095',1329,,863,,,0
2109,'1478096',1439,,864,,,0
2109,'1478097',1659,,865,,,0
2109,'1478098',1814,,866,,,0
2109,'1478107',1624,,875,,,0
2109,'1478108',1034,,876,,,0
2109,'1478111',1849,,879,,,0
2109,'1478113',959,,881,,,0
2109,'1478114',1549,,882,,,0
