1000909,'1476779',532,,898,,,0
1000909,'1476780',602,,899,,,0
1000909,'1476781',632,,900,,,0
1000909,'1476782',702,,901,,,0
1000909,'1476783',732,,902,,,0
1000909,'1476784',802,,903,,,0
1000909,'1476785',824,,904,,,0
1000909,'1476786',852,,905,,,0
1000909,'1476787',927,,906,,,0
1000909,'1476788',947,,907,,,0
1000909,'1476789',1017,,908,,,0
1000909,'1476790',1047,,909,,,0
1000909,'1476791',1117,,910,,,0
1000909,'1476792',1147,,911,,,0
1000909,'1476793',1217,,912,,,0
1000909,'1476794',1247,,913,,,0
1000909,'1476795',1317,,914,,,0
1000909,'1476796',1347,,915,,,0
1000909,'1476797',1419,,916,,,0
1000909,'1476798',1449,,917,,,0
1000909,'1476799',1519,,918,,,0
1000909,'1476800',1547,,919,,,0
1000909,'1476801',1619,,920,,,0
1000909,'1476802',1649,,921,,,0
1000909,'1476803',1707,,922,,,0
1000909,'1476804',1752,,923,,,0
1000909,'1476805',1822,,924,,,0
1000909,'1476806',1852,,925,,,0
1000909,'1476807',1922,,926,,,0
1000909,'1476808',1951,,927,,,0
1000909,'1476809',2034,,928,,,0
1000909,'1476810',2119,,929,,,0
1000909,'1476811',2154,,930,,,0
1000909,'1476812',2304,,931,,,0
1000909,'1476813',2229,,932,,,0
1000909,'1476831',746,,933,,,0
1000909,'1476832',826,,934,,,0
1000909,'1476833',906,,935,,,0
1000909,'1476834',946,,936,,,0
1000909,'1476835',1026,,937,,,0
1000909,'1476836',1106,,938,,,0
1000909,'1476837',1146,,939,,,0
1000909,'1476838',1231,,940,,,0
1000909,'1476839',1311,,941,,,0
1000909,'1476840',1352,,942,,,0
1000909,'1476841',1432,,943,,,0
1000909,'1476842',1512,,944,,,0
1000909,'1476843',1552,,945,,,0
1000909,'1476844',1632,,946,,,0
1000909,'1476845',1717,,947,,,0
1000909,'1476846',1757,,948,,,0
1000909,'1476847',1837,,949,,,0
1000909,'1476848',1917,,950,,,0
1000909,'1477594',746,,951,,,0
1000909,'1477595',826,,952,,,0
1000909,'1477596',906,,953,,,0
1000909,'1477597',946,,954,,,0
1000909,'1477598',1026,,955,,,0
1000909,'1477599',1106,,956,,,0
1000909,'1477600',1146,,957,,,0
1000909,'1477601',1231,,958,,,0
1000909,'1477602',1311,,959,,,0
1000909,'1477603',1352,,960,,,0
1000909,'1477604',1432,,961,,,0
1000909,'1477605',1512,,962,,,0
1000909,'1477606',1552,,963,,,0
1000909,'1477607',1632,,964,,,0
1000909,'1477608',1717,,965,,,0
1000909,'1477609',1757,,966,,,0
1000909,'1477610',1837,,967,,,0
1000909,'1477611',1917,,968,,,0
1000909,'1478041',1922,,969,,,0
1000909,'1478042',2304,,970,,,0
1000909,'1478043',1951,,971,,,0
1000909,'1478044',1752,,972,,,0
1000909,'1478045',1822,,973,,,0
1000909,'1478046',2154,,974,,,0
1000909,'1478047',2119,,975,,,0
1000909,'1478048',1852,,976,,,0
1000909,'1478049',2034,,977,,,0
1000909,'1478050',2229,,978,,,0
1000909,'1478051',532,,979,,,0
1000909,'1478052',602,,980,,,0
1000909,'1478053',632,,981,,,0
1000909,'1478054',702,,982,,,0
1000909,'1478055',732,,983,,,0
1000909,'1478056',802,,984,,,0
1000909,'1478057',824,,985,,,0
1000909,'1478058',852,,986,,,0
1000909,'1478059',927,,987,,,0
1000909,'1478060',947,,988,,,0
1000909,'1478061',1017,,989,,,0
1000909,'1478062',1047,,990,,,0
1000909,'1478063',1117,,991,,,0
1000909,'1478064',1147,,992,,,0
1000909,'1478065',1217,,993,,,0
1000909,'1478066',1247,,994,,,0
1000909,'1478067',1317,,995,,,0
1000909,'1478068',1347,,996,,,0
1000909,'1478069',1419,,997,,,0
1000909,'1478070',1449,,998,,,0
1000909,'1478071',1519,,999,,,0
1000909,'1478072',1547,,1000,,,0
1000909,'1478073',1619,,1001,,,0
1000909,'1478074',1649,,1002,,,0
1000909,'1478075',1707,,1003,,,0
