609,'1476872',736,,573,,,0
609,'1476873',836,,574,,,0
609,'1476874',936,,575,,,0
609,'1476875',1036,,576,,,0
609,'1476876',1136,,577,,,0
609,'1476877',1251,,578,,,0
609,'1476878',1351,,579,,,0
609,'1476879',1451,,580,,,0
609,'1476880',1551,,581,,,0
609,'1476881',1706,,582,,,0
609,'1476882',1806,,583,,,0
609,'1476883',1906,,584,,,0
609,'1477404',558,,585,,,0
609,'1477405',658,,586,,,0
609,'1477406',758,,587,,,0
609,'1477407',838,,588,,,0
609,'1477408',938,,589,,,0
609,'1477409',1038,,590,,,0
609,'1477410',1138,,591,,,0
609,'1477411',1247,,592,,,0
609,'1477412',1357,,593,,,0
609,'1477413',1507,,594,,,0
609,'1477414',528,,595,,,0
609,'1477415',628,,596,,,0
609,'1477416',728,,597,,,0
609,'1477417',1432,,598,,,0
609,'1477418',1617,,599,,,0
609,'1477419',1741,,600,,,0
609,'1477420',1841,,601,,,0
609,'1477421',1941,,602,,,0
609,'1477422',2056,,603,,,0
609,'1477423',2156,,604,,,0
609,'1477424',908,,605,,,0
609,'1477425',1008,,606,,,0
609,'1477426',1542,,607,,,0
609,'1477427',1657,,608,,,0
609,'1477428',1811,,609,,,0
609,'1477429',1911,,610,,,0
609,'1477430',2026,,611,,,0
609,'1477431',2126,,612,,,0
609,'1477432',616,,613,,,0
609,'1477433',716,,614,,,0
609,'1477434',1108,,615,,,0
609,'1477435',1208,,616,,,0
609,'1477436',1322,,617,,,0
609,'1477437',2256,,618,,,0
609,'1477438',2226,,619,,,0
609,'1477723',736,,620,,,0
609,'1477724',836,,621,,,0
609,'1477725',936,,622,,,0
609,'1477726',1036,,623,,,0
609,'1477727',1136,,624,,,0
609,'1477728',1251,,625,,,0
609,'1477729',1351,,626,,,0
609,'1477730',1451,,627,,,0
609,'1477731',1551,,628,,,0
609,'1477732',1706,,629,,,0
609,'1477733',1806,,630,,,0
609,'1477734',1906,,631,,,0
5309,'1477514',755,,893,,,0
