509,'1476884',821,,519,,,0
509,'1476885',921,,520,,,0
509,'1476886',1021,,521,,,0
509,'1476887',1121,,522,,,0
509,'1476888',1221,,523,,,0
509,'1476889',1336,,524,,,0
509,'1476890',1436,,525,,,0
509,'1476891',1536,,526,,,0
509,'1476892',1651,,527,,,0
509,'1476893',1751,,528,,,0
509,'1476894',1851,,529,,,0
509,'1477372',613,,530,,,0
509,'1477373',713,,531,,,0
509,'1477374',813,,532,,,0
509,'1477375',853,,533,,,0
509,'1477376',953,,534,,,0
509,'1477377',1053,,535,,,0
509,'1477378',1153,,536,,,0
509,'1477379',1305,,537,,,0
509,'1477380',1415,,538,,,0
509,'1477381',1525,,539,,,0
509,'1477382',1635,,540,,,0
509,'1477383',1715,,541,,,0
509,'1477384',1826,,542,,,0
509,'1477385',1926,,543,,,0
509,'1477386',2041,,544,,,0
509,'1477387',2141,,545,,,0
509,'1477388',643,,546,,,0
509,'1477389',743,,547,,,0
509,'1477390',1450,,548,,,0
509,'1477391',1600,,549,,,0
509,'1477392',1756,,550,,,0
509,'1477393',1856,,551,,,0
509,'1477394',1956,,552,,,0
509,'1477395',2111,,553,,,0
509,'1477396',2211,,554,,,0
509,'1477397',923,,555,,,0
509,'1477398',1340,,556,,,0
509,'1477399',1123,,557,,,0
509,'1477400',1023,,558,,,0
509,'1477401',1223,,559,,,0
509,'1477402',2241,,560,,,0
509,'1477403',2311,,561,,,0
509,'1477735',821,,562,,,0
509,'1477736',921,,563,,,0
509,'1477737',1021,,564,,,0
509,'1477738',1121,,565,,,0
509,'1477739',1221,,566,,,0
509,'1477740',1336,,567,,,0
509,'1477741',1436,,568,,,0
509,'1477742',1536,,569,,,0
509,'1477743',1651,,570,,,0
509,'1477744',1751,,571,,,0
509,'1477745',1851,,572,,,0
