309,'1476918',822,,320,,,0
309,'1476919',922,,321,,,0
309,'1476920',1022,,322,,,0
309,'1476921',1122,,323,,,0
309,'1476922',1222,,324,,,0
309,'1476923',1337,,325,,,0
309,'1476924',1437,,326,,,0
309,'1476925',1537,,327,,,0
309,'1476926',1637,,328,,,0
309,'1476927',1752,,329,,,0
309,'1476928',1852,,330,,,0
309,'1477301',546,,379,,,0
309,'1477302',616,,380,,,0
309,'1477303',646,,381,,,0
309,'1477304',716,,382,,,0
309,'1477305',746,,383,,,0
309,'1477306',816,,384,,,0
309,'1477307',846,,385,,,0
309,'1477308',631,,386,,,0
309,'1477309',826,,387,,,0
309,'1477310',926,,388,,,0
309,'1477311',1026,,389,,,0
309,'1477312',1126,,390,,,0
309,'1477313',1229,,391,,,0
309,'1477314',956,,392,,,0
309,'1477315',1056,,393,,,0
309,'1477316',1156,,394,,,0
309,'1477317',1259,,395,,,0
309,'1477318',1342,,396,,,0
309,'1477319',1417,,397,,,0
309,'1477320',1452,,398,,,0
309,'1477321',1453,,399,,,0
309,'1477322',1506,,400,,,0
309,'1477323',1527,,401,,,0
309,'1477324',1602,,402,,,0
309,'1477325',1607,,403,,,0
309,'1477326',1637,,404,,,0
309,'1477327',1712,,405,,,0
309,'1477328',1752,,406,,,0
309,'1477329',1829,,407,,,0
309,'1477330',1859,,408,,,0
309,'1477331',1929,,409,,,0
309,'1477332',1959,,410,,,0
309,'1477333',2029,,411,,,0
309,'1477334',2114,,412,,,0
309,'1477335',2144,,413,,,0
309,'1477336',2214,,414,,,0
309,'1477337',2244,,415,,,0
309,'1477554',822,,416,,,0
309,'1477555',922,,417,,,0
309,'1477556',1022,,418,,,0
309,'1477557',1122,,419,,,0
309,'1477558',1222,,420,,,0
309,'1477559',1437,,421,,,0
309,'1477560',1537,,422,,,0
309,'1477561',1637,,423,,,0
309,'1477562',1752,,424,,,0
309,'1477563',1852,,425,,,0
309,'1477564',1337,,426,,,0
