200,'100010',743,,1902,43,4,,0,70,,1901,43,4,,0,30,,1880,43,4,,0,70,,1879,43,4,,0,30,,1881,43,4,,0,70,,1882,43,4,,0,30,,1883,43,4,,0,70,,1884,43,4,,0,30,,1885,43,4,,0,70,,1886,43,4,,0,45,,1887,43,4,,0,70,,1888,43,4,,0,30,,1889,43,4,,0,70,,1890,43,4,,0,30,,1891,43,4,,0,70,,1892,43,4,,0,30,,1893,43,4,,0,85,,1894,43,4,,0,70,,1895,43,4,,0,30,,1896,43,4,,0,70,,1897,43,4,,0,30,,1898,43,4,,0,70,,1899,43,4,,0,30,,1900,43,4,,0,70,,1903,43,4,,0
200,'100011',743,,1927,43,4,,0,70,,1926,43,4,,0,30,,1905,43,4,,0,70,,1904,43,4,,0,30,,1906,43,4,,0,70,,1907,43,4,,0,30,,1908,43,4,,0,70,,1909,43,4,,0,30,,1910,43,4,,0,70,,1911,43,4,,0,45,,1912,43,4,,0,70,,1913,43,4,,0,30,,1914,43,4,,0,70,,1915,43,4,,0,30,,1916,43,4,,0,70,,1917,43,4,,0,30,,1918,43,4,,0,85,,1919,43,4,,0,70,,1920,43,4,,0,30,,1921,43,4,,0,70,,1922,43,4,,0,30,,1923,43,4,,0,70,,1924,43,4,,0,30,,1925,43,4,,0
200,'100012',605,,1928,43,4,,0,30,,1937,43,4,,0,70,,1929,43,4,,0,30,,1938,43,4,,0,70,,1930,43,4,,0,40,,1939,43,4,,0,70,,1931,43,4,,0,30,,1940,43,4,,0,70,,1932,43,4,,0,30,,1941,43,4,,0,70,,1933,43,4,,0,30,,1942,43,4,,0,70,,1934,43,4,,0,30,,1943,43,4,,0,85,,1935,43,4,,0,75,,1944,43,4,,0,35,,1936,43,4,,0,75,,1945,43,4,,0,35,,1953,43,4,,0,75,,1946,43,4,,0,75,,1954,43,4,,0,49,,1947,43,4,,0,70,,1948,43,4,,0,30,,1955,43,4,,0,70,,1949,43,4,,0,30,,1956,43,4,,0,85,,1950,43,4,,0,70,,1957,43,4,,0,30,,1951,43,4,,0,70,,1958,43,4,,0,30,,1952,43,4,,0,70,,1959,43,4,,0,32,,1960,43,4,,0
200,'100013',605,,1961,43,4,,0,30,,1970,43,4,,0,70,,1962,43,4,,0,30,,1971,43,4,,0,70,,1963,43,4,,0,40,,1972,43,4,,0,70,,1964,43,4,,0,30,,1973,43,4,,0,70,,1965,43,4,,0,30,,1974,43,4,,0,70,,1966,43,4,,0,30,,1975,43,4,,0,70,,1967,43,4,,0,30,,1976,43,4,,0,85,,1968,43,4,,0,75,,1977,43,4,,0,35,,1969,43,4,,0,75,,1978,43,4,,0,35,,1986,43,4,,0,75,,1979,43,4,,0,75,,1987,43,4,,0,49,,1980,43,4,,0,70,,1981,43,4,,0,30,,1988,43,4,,0,70,,1982,43,4,,0,30,,1989,43,4,,0,85,,1983,43,4,,0,70,,1990,43,4,,0,30,,1984,43,4,,0,70,,1991,43,4,,0,30,,1985,43,4,,0,70,,1992,43,4,,0,32,,1993,43,4,,0
200,'100014',743,,2017,43,4,,0,70,,1994,43,4,,0,30,,1995,43,4,,0,70,,1996,43,4,,0,30,,1997,43,4,,0,70,,1998,43,4,,0,30,,1999,43,4,,0,70,,2000,43,4,,0,30,,2001,43,4,,0,70,,2002,43,4,,0,45,,2003,43,4,,0,70,,2004,43,4,,0,30,,2005,43,4,,0,70,,2006,43,4,,0,30,,2007,43,4,,0,70,,2008,43,4,,0,30,,2009,43,4,,0,85,,2010,43,4,,0,70,,2012,43,4,,0,30,,2013,43,4,,0,70,,2014,43,4,,0,30,,2015,43,4,,0,70,,2016,43,4,,0,30,,2011,43,4,,0
201,'100010',743,,2023,1,0,5 6,0,70,,2027,1,0,5 6,0,30,,2024,1,0,5 6,0,70,,2037,1,0,5 6,0,30,,2026,1,0,5 6,0,70,,2025,1,0,5 6,0,30,,2028,1,0,5 6,0,70,,2029,1,0,5 6,0,30,,2018,1,0,5 6,0,85,,2031,1,0,5 6,0,30,,2032,1,0,5 6,0,70,,2033,1,0,5 6,0,30,,2034,1,0,5 6,0,70,,2035,1,0,5 6,0,30,,2036,1,0,5 6,0,70,,2040,1,0,5 6,0,85,,2038,1,0,5 6,0,30,,2039,1,0,5 6,0,70,,2019,1,0,5 6,0,30,,2022,1,0,5 6,0,70,,2021,1,0,5 6,0,30,,2020,1,0,5 6,0,70,,2030,1,0,5 6,0,30,,2041,1,0,5 6,0
201,'100011',743,,2047,1,0,5 6,0,70,,2051,1,0,5 6,0,30,,2048,1,0,5 6,0,70,,2061,1,0,5 6,0,30,,2050,1,0,5 6,0,70,,2049,1,0,5 6,0,30,,2052,1,0,5 6,0,70,,2053,1,0,5 6,0,30,,2042,1,0,5 6,0,85,,2055,1,0,5 6,0,30,,2056,1,0,5 6,0,70,,2057,1,0,5 6,0,30,,2058,1,0,5 6,0,70,,2059,1,0,5 6,0,30,,2060,1,0,5 6,0,70,,2064,1,0,5 6,0,85,,2062,1,0,5 6,0,30,,2063,1,0,5 6,0,70,,2043,1,0,5 6,0,30,,2046,1,0,5 6,0,70,,2045,1,0,5 6,0,30,,2044,1,0,5 6,0,70,,2054,1,0,5 6,0
201,'100012',535,,2098,1,0,5 6,0,70,,2065,1,0,5 6,0,30,,2073,1,0,5 6,0,70,,2066,1,0,5 6,0,30,,2074,1,0,5 6,0,70,,2067,1,0,5 6,0,40,,2075,1,0,5 6,0,70,,2068,1,0,5 6,0,30,,2076,1,0,5 6,0,70,,2069,1,0,5 6,0,30,,2077,1,0,5 6,0,70,,2070,1,0,5 6,0,30,,2078,1,0,5 6,0,70,,2071,1,0,5 6,0,40,,2096,1,0,5 6,0,75,,2072,1,0,5 6,0,75,,2079,1,0,5 6,0,35,,2086,1,0,5 6,0,75,,2080,1,0,5 6,0,35,,2087,1,0,5 6,0,75,,2081,1,0,5 6,0,80,,2097,1,0,5 6,0,44,,2088,1,0,5 6,0,70,,2082,1,0,5 6,0,30,,2089,1,0,5 6,0,70,,2083,1,0,5 6,0,30,,2090,1,0,5 6,0,85,,2084,1,0,5 6,0,70,,2091,1,0,5 6,0,30,,2085,1,0,5 6,0,70,,2092,1,0,5 6,0,30,,2093,1,0,5 6,0,72,,2094,1,0,5 6,0
201,'100013',535,,2132,1,0,5 6,0,70,,2099,1,0,5 6,0,30,,2107,1,0,5 6,0,70,,2100,1,0,5 6,0,30,,2108,1,0,5 6,0,70,,2101,1,0,5 6,0,40,,2109,1,0,5 6,0,70,,2102,1,0,5 6,0,30,,2110,1,0,5 6,0,70,,2103,1,0,5 6,0,30,,2111,1,0,5 6,0,70,,2104,1,0,5 6,0,30,,2112,1,0,5 6,0,70,,2105,1,0,5 6,0,40,,2130,1,0,5 6,0,75,,2106,1,0,5 6,0,75,,2113,1,0,5 6,0,35,,2120,1,0,5 6,0,75,,2114,1,0,5 6,0,35,,2121,1,0,5 6,0,75,,2115,1,0,5 6,0,80,,2131,1,0,5 6,0,44,,2122,1,0,5 6,0,70,,2116,1,0,5 6,0,30,,2123,1,0,5 6,0,70,,2117,1,0,5 6,0,30,,2124,1,0,5 6,0,85,,2118,1,0,5 6,0,70,,2125,1,0,5 6,0,30,,2119,1,0,5 6,0,70,,2126,1,0,5 6,0,30,,2127,1,0,5 6,0,72,,2128,1,0,5 6,0
201,'100014',743,,2133,1,0,5 6,0,70,,2134,1,0,5 6,0,30,,2135,1,0,5 6,0,70,,2136,1,0,5 6,0,30,,2137,1,0,5 6,0,70,,2138,1,0,5 6,0,30,,2139,1,0,5 6,0,70,,2140,1,0,5 6,0,30,,2141,1,0,5 6,0,85,,2142,1,0,5 6,0,30,,2143,1,0,5 6,0,70,,2144,1,0,5 6,0,30,,2145,1,0,5 6,0,70,,2146,1,0,5 6,0,30,,2147,1,0,5 6,0,70,,2148,1,0,5 6,0,85,,2149,1,0,5 6,0,30,,2151,1,0,5 6,0,70,,2152,1,0,5 6,0,30,,2153,1,0,5 6,0,70,,2154,1,0,5 6,0,30,,2155,1,0,5 6,0,70,,2150,1,0,5 6,0
