109,'1477039',815,,13,0,33,0
109,'1477040',915,,14,0,33,0
109,'1477041',1015,,15,0,33,0
109,'1477042',1115,,16,0,33,0
109,'1477043',1215,,17,0,33,0
109,'1477044',1315,,18,0,33,0
109,'1477045',1415,,19,0,33,0
109,'1477046',1515,,20,0,33,0
109,'1477047',1615,,21,0,33,0
109,'1477048',1715,,22,0,33,0
109,'1477049',1815,,23,0,33,0
109,'1477050',1915,,24,0,33,0
109,'1477051',838,,25,0,33,0
109,'1477052',538,,26,0,33,0
109,'1477053',936,,27,0,33,0
109,'1477054',738,,28,0,33,0
109,'1477055',638,,29,0,33,0
109,'1477061',618,,35,0,33,0
109,'1477062',718,,36,0,33,0
109,'1477063',818,,37,0,33,0
109,'1477064',916,,38,0,33,0
109,'1477065',1016,,39,0,33,0
109,'1477066',1116,,40,0,33,0
109,'1477067',1217,,41,0,33,0
109,'1477068',1317,,42,0,33,0
109,'1477073',1357,,47,0,33,0
109,'1477074',1457,,48,0,33,0
109,'1477075',1557,,49,0,33,0
109,'1477076',1657,,50,0,33,0
109,'1477077',1756,,51,0,33,0
109,'1477078',1856,,52,0,33,0
109,'1477079',1956,,53,0,33,0
109,'1477087',1046,,61,0,33,0
109,'1477088',1146,,62,0,33,0
109,'1477089',1247,,63,0,33,0
109,'1477098',2104,,72,0,33,0
109,'1477099',558,,73,0,33,0
109,'1477100',658,,74,0,33,0
109,'1477101',758,,75,0,33,0
109,'1477102',858,,76,0,33,0
109,'1477107',2034,,81,0,33,0
109,'1477108',1936,,82,0,33,0
109,'1477109',1836,,83,0,33,0
109,'1477110',1736,,84,0,33,0
109,'1477111',1637,,85,0,33,0
109,'1477112',1537,,86,0,33,0
109,'1477124',1916,,98,0,33,0
109,'1477125',1517,,99,0,33,0
109,'1477126',1617,,100,0,33,0
109,'1477127',1716,,101,0,33,0
109,'1477128',1816,,102,0,33,0
109,'1477130',1427,,104,0,33,0
109,'1477131',2134,,105,0,33,0
109,'1477132',2204,,106,0,33,0
109,'1477133',2303,,107,0,33,0
109,'1477137',2233,,111,0,33,0
109,'1477612',815,,112,0,33,0
109,'1477614',915,,114,0,33,0
109,'1477617',1015,,117,0,33,0
109,'1477618',1115,,118,0,33,0
109,'1477619',1215,,119,0,33,0
109,'1477622',1415,,122,0,33,0
109,'1477625',1315,,125,0,33,0
109,'1477628',1615,,128,0,33,0
109,'1477629',1515,,129,0,33,0
109,'1477630',1715,,130,0,33,0
109,'1477632',1815,,132,0,33,0
109,'1477635',1915,,135,0,33,0
109,'1477636',845,,136,0,33,0
109,'1477637',945,,137,0,33,0
109,'1477638',1045,,138,0,33,0
109,'1477639',1145,,139,0,33,0
109,'1477640',1245,,140,0,33,0
109,'1477641',1345,,141,0,33,0
109,'1477642',1445,,142,0,33,0
109,'1477643',1545,,143,0,33,0
109,'1477644',1645,,144,0,33,0
109,'1477645',1745,,145,0,33,0
109,'1477646',1845,,146,0,33,0
109,'1477658',745,,158,0,33,0
