809,'1476849',750,,688,,,0
809,'1476850',850,,689,,,0
809,'1476851',950,,690,,,0
809,'1476852',1050,,691,,,0
809,'1476853',1150,,692,,,0
809,'1476854',1305,,693,,,0
809,'1476855',1405,,694,,,0
809,'1476856',1505,,695,,,0
809,'1476857',1605,,696,,,0
809,'1476858',1720,,697,,,0
809,'1476859',1820,,698,,,0
809,'1476860',1920,,699,,,0
809,'1477473',644,,700,,,0
809,'1477474',744,,701,,,0
809,'1477475',923,,702,,,0
809,'1477476',1023,,703,,,0
809,'1477477',1123,,704,,,0
809,'1477478',1223,,705,,,0
809,'1477479',1340,,706,,,0
809,'1477480',1450,,707,,,0
809,'1477481',1525,,708,,,0
809,'1477482',1635,,709,,,0
809,'1477483',1756,,710,,,0
809,'1477484',1856,,711,,,0
809,'1477485',1956,,712,,,0
809,'1477486',2111,,713,,,0
809,'1477487',2211,,714,,,0
809,'1477488',614,,715,,,0
809,'1477489',714,,716,,,0
809,'1477490',814,,717,,,0
809,'1477491',854,,718,,,0
809,'1477492',1415,,719,,,0
809,'1477493',1600,,720,,,0
809,'1477494',1715,,721,,,0
809,'1477495',1826,,722,,,0
809,'1477496',1926,,723,,,0
809,'1477497',2041,,724,,,0
809,'1477498',2141,,725,,,0
809,'1477499',953,,726,,,0
809,'1477500',1053,,727,,,0
809,'1477501',1153,,728,,,0
809,'1477502',1305,,729,,,0
809,'1477503',2308,,730,,,0
809,'1477504',2240,,731,,,0
809,'1477700',750,,732,,,0
809,'1477701',850,,733,,,0
809,'1477702',950,,734,,,0
809,'1477703',1050,,735,,,0
809,'1477704',1150,,736,,,0
809,'1477705',1305,,737,,,0
809,'1477706',1405,,738,,,0
809,'1477707',1505,,739,,,0
809,'1477708',1605,,740,,,0
809,'1477709',1720,,741,,,0
809,'1477710',1820,,742,,,0
809,'1477711',1920,,743,,,0
