200,'100009',554,,300,3,0,29 30,0,70,,309,3,0,29 30,0,30,,301,3,0,29 30,0,70,,310,3,0,29 30,0,30,,302,3,0,29 30,0,80,,311,3,0,29 30,0,70,,303,3,0,29 30,0,30,,312,3,0,29 30,0,70,,304,3,0,29 30,0,30,,313,3,0,29 30,0,70,,305,3,0,29 30,0,30,,314,3,0,29 30,0,70,,306,3,0,29 30,0,38,,315,3,0,29 30,0,75,,307,3,0,29 30,0,35,,316,3,0,29 30,0,75,,324,3,0,29 30,0,75,,317,3,0,29 30,0,35,,325,3,0,29 30,0,75,,318,3,0,29 30,0,40,,319,3,0,29 30,0,85,,326,3,0,29 30,0,70,,320,3,0,29 30,0,30,,327,3,0,29 30,0,70,,321,3,0,29 30,0,30,,328,3,0,29 30,0,85,,322,3,0,29 30,0,30,,329,3,0,29 30,0,70,,323,3,0,29 30,0,30,,330,3,0,29 30,0,70,,331,3,0,29 30,0,30,,332,3,0,29 30,0
200,'100010',732,,338,3,0,29 30,0,70,,342,3,0,29 30,0,30,,339,3,0,29 30,0,70,,352,3,0,29 30,0,30,,341,3,0,29 30,0,70,,340,3,0,29 30,0,30,,343,3,0,29 30,0,70,,344,3,0,29 30,0,30,,333,3,0,29 30,0,70,,346,3,0,29 30,0,45,,347,3,0,29 30,0,70,,348,3,0,29 30,0,30,,349,3,0,29 30,0,70,,350,3,0,29 30,0,30,,351,3,0,29 30,0,70,,355,3,0,29 30,0,30,,353,3,0,29 30,0,85,,354,3,0,29 30,0,70,,334,3,0,29 30,0,30,,337,3,0,29 30,0,70,,336,3,0,29 30,0,30,,335,3,0,29 30,0,70,,345,3,0,29 30,0
200,'100011',732,,1902,27,0,29 30,0,70,,1901,27,0,29 30,0,30,,1880,27,0,29 30,0,70,,1879,27,0,29 30,0,30,,1881,27,0,29 30,0,70,,1882,27,0,29 30,0,30,,1883,27,0,29 30,0,70,,1884,27,0,29 30,0,30,,1885,27,0,29 30,0,70,,1886,27,0,29 30,0,45,,1887,27,0,29 30,0,70,,1888,27,0,29 30,0,30,,1889,27,0,29 30,0,70,,1890,27,0,29 30,0,30,,1891,27,0,29 30,0,70,,1892,27,0,29 30,0,30,,1893,27,0,29 30,0,85,,1894,27,0,29 30,0,70,,1895,27,0,29 30,0,30,,1896,27,0,29 30,0,70,,1897,27,0,29 30,0,30,,1898,27,0,29 30,0,70,,1899,27,0,29 30,0,30,,1900,27,0,29 30,0,70,,1903,27,0,29 30,0
200,'100012',732,,1927,27,0,29 30,0,70,,1926,27,0,29 30,0,30,,1905,27,0,29 30,0,70,,1904,27,0,29 30,0,30,,1906,27,0,29 30,0,70,,1907,27,0,29 30,0,30,,1908,27,0,29 30,0,70,,1909,27,0,29 30,0,30,,1910,27,0,29 30,0,70,,1911,27,0,29 30,0,45,,1912,27,0,29 30,0,70,,1913,27,0,29 30,0,30,,1914,27,0,29 30,0,70,,1915,27,0,29 30,0,30,,1916,27,0,29 30,0,70,,1917,27,0,29 30,0,30,,1918,27,0,29 30,0,85,,1919,27,0,29 30,0,70,,1920,27,0,29 30,0,30,,1921,27,0,29 30,0,70,,1922,27,0,29 30,0,30,,1923,27,0,29 30,0,70,,1924,27,0,29 30,0,30,,1925,27,0,29 30,0
200,'100013',554,,1928,27,0,29 30,0,70,,1937,27,0,29 30,0,30,,1929,27,0,29 30,0,70,,1938,27,0,29 30,0,30,,1930,27,0,29 30,0,80,,1939,27,0,29 30,0,70,,1931,27,0,29 30,0,30,,1940,27,0,29 30,0,70,,1932,27,0,29 30,0,30,,1941,27,0,29 30,0,70,,1933,27,0,29 30,0,30,,1942,27,0,29 30,0,70,,1934,27,0,29 30,0,30,,1943,27,0,29 30,0,83,,1935,27,0,29 30,0,35,,1944,27,0,29 30,0,75,,1936,27,0,29 30,0,75,,1945,27,0,29 30,0,35,,1953,27,0,29 30,0,75,,1946,27,0,29 30,0,35,,1954,27,0,29 30,0,89,,1947,27,0,29 30,0,71,,1948,27,0,29 30,0,30,,1955,27,0,29 30,0,70,,1949,27,0,29 30,0,30,,1956,27,0,29 30,0,85,,1950,27,0,29 30,0,30,,1957,27,0,29 30,0,70,,1951,27,0,29 30,0,30,,1958,27,0,29 30,0,70,,1952,27,0,29 30,0,30,,1959,27,0,29 30,0,70,,1960,27,0,29 30,0
200,'100014',554,,1961,27,0,29 30,0,70,,1970,27,0,29 30,0,30,,1962,27,0,29 30,0,70,,1971,27,0,29 30,0,30,,1963,27,0,29 30,0,80,,1972,27,0,29 30,0,70,,1964,27,0,29 30,0,30,,1973,27,0,29 30,0,70,,1965,27,0,29 30,0,30,,1974,27,0,29 30,0,70,,1966,27,0,29 30,0,30,,1975,27,0,29 30,0,70,,1967,27,0,29 30,0,30,,1976,27,0,29 30,0,83,,1968,27,0,29 30,0,35,,1977,27,0,29 30,0,75,,1969,27,0,29 30,0,75,,1978,27,0,29 30,0,35,,1986,27,0,29 30,0,75,,1979,27,0,29 30,0,35,,1987,27,0,29 30,0,89,,1980,27,0,29 30,0,71,,1981,27,0,29 30,0,30,,1988,27,0,29 30,0,70,,1982,27,0,29 30,0,30,,1989,27,0,29 30,0,85,,1983,27,0,29 30,0,30,,1990,27,0,29 30,0,70,,1984,27,0,29 30,0,30,,1991,27,0,29 30,0,70,,1985,27,0,29 30,0,30,,1992,27,0,29 30,0,70,,1993,27,0,29 30,0
200,'100015',732,,2017,27,0,29 30,0,70,,1994,27,0,29 30,0,30,,1995,27,0,29 30,0,70,,1996,27,0,29 30,0,30,,1997,27,0,29 30,0,70,,1998,27,0,29 30,0,30,,1999,27,0,29 30,0,70,,2000,27,0,29 30,0,30,,2001,27,0,29 30,0,70,,2002,27,0,29 30,0,45,,2003,27,0,29 30,0,70,,2004,27,0,29 30,0,30,,2005,27,0,29 30,0,70,,2006,27,0,29 30,0,30,,2007,27,0,29 30,0,70,,2008,27,0,29 30,0,30,,2009,27,0,29 30,0,85,,2010,27,0,29 30,0,70,,2012,27,0,29 30,0,30,,2013,27,0,29 30,0,70,,2014,27,0,29 30,0,30,,2015,27,0,29 30,0,70,,2016,27,0,29 30,0,30,,2011,27,0,29 30,0
2101,'100009',554,,1301,3,,,0,73,,1288,3,,,0,77,,1302,3,,,0,35,,1289,3,,,0,74,,1303,3,,,0,36,,1290,3,,,0,75,,1304,3,,,0,35,,1291,3,,,0,75,,1305,3,,,0,75,,1292,3,,,0,35,,1306,3,,,0,75,,1293,3,,,0,35,,1307,3,,,0,75,,1294,3,,,0,75,,1308,3,,,0,35,,1295,3,,,0,75,,1309,3,,,0,35,,1296,3,,,0,75,,1310,3,,,0,80,,1297,3,,,0,35,,1311,3,,,0,75,,1298,3,,,0,37,,1312,3,,,0,73,,1299,3,,,0,79,,1313,3,,,0,48,,1300,3,,,0,70,,1314,3,,,0,30,,1317,3,,,0,70,,1316,3,,,0,30,,1315,3,,,0
2101,'100010',732,,1325,3,,,0,75,,1318,3,,,0,35,,1326,3,,,0,75,,1319,3,,,0,35,,1336,3,,,0,75,,1334,3,,,0,75,,1327,3,,,0,36,,1320,3,,,0,74,,1328,3,,,0,35,,1321,3,,,0,75,,1329,3,,,0,35,,1322,3,,,0,75,,1330,3,,,0,75,,1323,3,,,0,35,,1337,3,,,0,75,,1333,3,,,0,35,,1331,3,,,0,80,,1324,3,,,0,75,,1332,3,,,0,35,,1335,3,,,0
2101,'100011',732,,3048,3,,,0,75,,3041,3,,,0,35,,3049,3,,,0,75,,3042,3,,,0,35,,3059,3,,,0,75,,3057,3,,,0,75,,3050,3,,,0,36,,3043,3,,,0,74,,3051,3,,,0,35,,3044,3,,,0,75,,3052,3,,,0,35,,3045,3,,,0,75,,3053,3,,,0,75,,3046,3,,,0,35,,3060,3,,,0,75,,3056,3,,,0,35,,3054,3,,,0,80,,3047,3,,,0,75,,3055,3,,,0,35,,3058,3,,,0,110,,3061,3,,,0
2101,'100012',732,,3069,3,,,0,75,,3062,3,,,0,35,,3070,3,,,0,75,,3063,3,,,0,35,,3080,3,,,0,75,,3078,3,,,0,75,,3071,3,,,0,36,,3064,3,,,0,74,,3072,3,,,0,35,,3065,3,,,0,75,,3073,3,,,0,35,,3066,3,,,0,75,,3074,3,,,0,75,,3067,3,,,0,35,,3081,3,,,0,75,,3077,3,,,0,35,,3075,3,,,0,80,,3068,3,,,0,75,,3076,3,,,0,35,,3079,3,,,0
2101,'100013',554,,3095,3,,,0,73,,3082,3,,,0,77,,3096,3,,,0,35,,3083,3,,,0,74,,3097,3,,,0,36,,3084,3,,,0,75,,3098,3,,,0,35,,3085,3,,,0,75,,3099,3,,,0,75,,3086,3,,,0,35,,3100,3,,,0,75,,3087,3,,,0,35,,3101,3,,,0,75,,3088,3,,,0,75,,3102,3,,,0,35,,3089,3,,,0,75,,3103,3,,,0,35,,3090,3,,,0,75,,3104,3,,,0,80,,3091,3,,,0,35,,3105,3,,,0,75,,3092,3,,,0,37,,3106,3,,,0,73,,3093,3,,,0,79,,3107,3,,,0,48,,3094,3,,,0,70,,3108,3,,,0,30,,3111,3,,,0,70,,3110,3,,,0,30,,3109,3,,,0
2101,'100014',554,,3125,3,,,0,73,,3112,3,,,0,77,,3126,3,,,0,35,,3113,3,,,0,74,,3127,3,,,0,36,,3114,3,,,0,75,,3128,3,,,0,35,,3115,3,,,0,75,,3129,3,,,0,75,,3116,3,,,0,35,,3130,3,,,0,75,,3117,3,,,0,35,,3131,3,,,0,75,,3118,3,,,0,75,,3132,3,,,0,35,,3119,3,,,0,75,,3133,3,,,0,35,,3120,3,,,0,75,,3134,3,,,0,80,,3121,3,,,0,35,,3135,3,,,0,75,,3122,3,,,0,37,,3136,3,,,0,73,,3123,3,,,0,79,,3137,3,,,0,48,,3124,3,,,0,70,,3138,3,,,0,30,,3141,3,,,0,70,,3140,3,,,0,30,,3139,3,,,0
2101,'100015',732,,3142,3,,,0,75,,3143,3,,,0,35,,3144,3,,,0,75,,3145,3,,,0,35,,3146,3,,,0,75,,3147,3,,,0,75,,3148,3,,,0,35,,3149,3,,,0,75,,3150,3,,,0,35,,3151,3,,,0,75,,3152,3,,,0,35,,3153,3,,,0,75,,3154,3,,,0,75,,3155,3,,,0,35,,3156,3,,,0,75,,3157,3,,,0,35,,3158,3,,,0,80,,3159,3,,,0,75,,3160,3,,,0,35,,3161,3,,,0
