101,'100012',802,,3481,3,,,0,100,,3482,3,,,0,100,,3483,3,,,0,100,,3484,3,,,0,100,,3485,3,,,0,100,,3486,3,,,0,100,,3487,3,,,0,100,,3488,3,,,0,100,,3489,3,,,0,100,,3490,3,,,0,100,,3491,3,,,0,100,,3492,3,,,0
101,'100013',732,,3516,3,,,0,70,,3493,3,,,0,30,,3505,3,,,0,70,,3494,3,,,0,30,,3506,3,,,0,70,,3495,3,,,0,30,,3507,3,,,0,70,,3496,3,,,0,30,,3508,3,,,0,70,,3497,3,,,0,30,,3509,3,,,0,70,,3499,3,,,0,30,,3510,3,,,0,70,,3498,3,,,0,30,,3511,3,,,0,70,,3501,3,,,0,30,,3512,3,,,0,70,,3500,3,,,0,30,,3513,3,,,0,70,,3502,3,,,0,30,,3514,3,,,0,70,,3503,3,,,0,30,,3515,3,,,0,70,,3504,3,,,0
101,'100014',525,,3518,3,,,0,30,,3522,3,,,0,70,,3521,3,,,0,30,,3523,3,,,0,70,,3520,3,,,0,30,,3524,3,,,0,80,,3517,3,,,0,70,,3525,3,,,0,30,,3519,3,,,0,70,,3526,3,,,0,30,,3537,3,,,0,70,,3527,3,,,0,30,,3538,3,,,0,70,,3528,3,,,0,30,,3539,3,,,0,70,,3529,3,,,0,30,,3530,3,,,0,70,,3547,3,,,0,30,,3531,3,,,0,78,,3546,3,,,0,30,,3532,3,,,0,70,,3545,3,,,0,30,,3533,3,,,0,70,,3544,3,,,0,30,,3534,3,,,0,70,,3543,3,,,0,30,,3535,3,,,0,70,,3542,3,,,0,40,,3536,3,,,0,70,,3541,3,,,0,30,,3540,3,,,0,70,,3548,3,,,0,30,,3549,3,,,0,70,,3551,3,,,0,30,,3550,3,,,0
201,'100012',802,,3638,20,,,0,30,,3639,20,,,0,70,,3640,20,,,0,30,,3641,20,,,0,70,,3642,20,,,0,30,,3643,20,,,0,70,,3644,20,,,0,30,,3645,20,,,0,70,,3646,20,,,0,45,,3660,3,,,0,70,,3648,20,,,0,30,,3649,20,,,0,70,,3650,20,,,0,30,,3651,20,,,0,70,,3652,20,,,0,30,,3653,20,,,0,85,,3661,3,,,0,70,,3655,20,,,0,30,,3656,20,,,0,70,,3657,20,,,0,30,,3658,20,,,0,70,,3659,20,,,0,30,,3654,20,,,0
201,'100013',802,,3668,20,,,0,30,,3672,20,,,0,70,,3669,20,,,0,30,,3681,20,,,0,70,,3671,20,,,0,30,,3670,20,,,0,70,,3673,20,,,0,30,,3674,20,,,0,70,,3663,20,,,0,45,,3687,3,,,0,70,,3676,20,,,0,30,,3677,20,,,0,70,,3678,20,,,0,30,,3679,20,,,0,70,,3680,20,,,0,30,,3683,20,,,0,85,,3685,3,,,0,70,,3682,20,,,0,30,,3664,20,,,0,70,,3667,20,,,0,30,,3666,20,,,0,70,,3665,20,,,0,30,,3675,20,,,0
201,'100014',524,,3718,3,,,0,30,,3721,20,,,0,70,,3688,20,,,0,30,,3696,20,,,0,70,,3689,20,,,0,30,,3697,20,,,0,80,,3690,20,,,0,70,,3698,20,,,0,30,,3691,20,,,0,70,,3699,20,,,0,30,,3692,20,,,0,70,,3700,20,,,0,30,,3693,20,,,0,70,,3701,20,,,0,38,,3722,3,,,0,75,,3719,20,,,0,35,,3695,20,,,0,75,,3702,20,,,0,75,,3709,20,,,0,35,,3703,20,,,0,75,,3710,20,,,0,40,,3704,20,,,0,85,,3720,20,,,0,70,,3711,20,,,0,30,,3705,20,,,0,70,,3712,20,,,0,30,,3706,20,,,0,85,,3713,20,,,0,30,,3707,20,,,0,70,,3714,20,,,0,30,,3708,20,,,0,70,,3715,20,,,0,30,,3716,20,,,0,71,,3717,20,,,0
600,'100012',732,,3970,3,,,0,100,,3971,3,,,0,100,,3972,3,,,0,100,,3973,3,,,0,100,,3974,3,,,0,115,,3975,3,,,0,100,,3976,3,,,0,100,,3977,3,,,0,100,,3978,3,,,0,155,,3979,3,,,0,100,,3980,3,,,0,100,,3981,3,,,0
600,'100013',732,,3982,3,,,0,100,,3983,3,,,0,100,,3984,3,,,0,100,,3985,3,,,0,100,,3986,3,,,0,115,,3987,3,,,0,100,,3988,3,,,0,100,,3989,3,,,0,100,,3990,3,,,0,155,,3991,3,,,0,100,,3992,3,,,0,100,,3993,3,,,0
600,'100014',524,,4004,3,,,0,30,,3994,3,,,0,58,,4022,3,,,0,12,,4005,3,,,0,30,,3995,3,,,0,58,,4023,3,,,0,12,,4006,3,,,0,30,,3996,3,,,0,80,,3997,3,,,0,70,,4014,3,,,0,30,,3998,3,,,0,70,,4015,3,,,0,30,,3999,3,,,0,70,,4024,3,,,0,30,,4000,3,,,0,70,,4025,3,,,0,38,,4001,3,,,0,75,,4026,3,,,0,35,,4002,3,,,0,75,,4007,3,,,0,75,,4003,3,,,0,35,,4016,3,,,0,75,,4008,3,,,0,40,,4017,3,,,0,85,,4009,3,,,0,70,,4018,3,,,0,30,,4010,3,,,0,70,,4019,3,,,0,30,,4011,3,,,0,85,,4020,3,,,0,30,,4012,3,,,0,70,,4021,3,,,0,30,,4013,3,,,0,70,,4028,3,,,0,30,,4027,3,,,0
700,'100012',801,,4029,3,0,24 3 25,0,100,,4030,3,0,24 3 25,0,100,,4031,3,0,24 3 25,0,100,,4032,3,0,24 3 25,0,100,,4033,3,0,24 3 25,0,115,,4034,3,0,24 3 25,0,100,,4035,3,0,24 3 25,0,100,,4036,3,0,24 3 25,0,115,,4037,3,0,24 3 25,0,100,,4038,3,0,24 3 25,0,100,,4039,3,0,24 3 25,0
700,'100013',801,,4040,3,0,24 3 25,0,100,,4041,3,0,24 3 25,0,100,,4042,3,0,24 3 25,0,100,,4043,3,0,24 3 25,0,100,,4044,3,0,24 3 25,0,115,,4045,3,0,24 3 25,0,100,,4046,3,0,24 3 25,0,100,,4047,3,0,24 3 25,0,115,,4048,3,0,24 3 25,0,100,,4049,3,0,24 3 25,0,100,,4050,3,0,24 3 25,0
700,'100014',523,,4051,3,0,24 3 25,0,30,,4061,3,0,24 3 25,0,70,,4052,3,0,24 3 25,0,18,,4079,3,0,24 3 25,0,12,,4062,3,0,24 3 25,0,70,,4053,3,0,24 3 25,0,30,,4063,3,0,24 3 25,0,80,,4072,3,0,24 3 25,0,70,,4054,3,0,24 3 25,0,30,,4073,3,0,24 3 25,0,70,,4055,3,0,24 3 25,0,30,,4080,3,0,24 3 25,0,70,,4056,3,0,24 3 25,0,30,,4081,3,0,24 3 25,0,70,,4057,3,0,24 3 25,0,39,,4082,3,0,24 3 25,0,75,,4058,3,0,24 3 25,0,35,,4064,3,0,24 3 25,0,75,,4059,3,0,24 3 25,0,75,,4065,3,0,24 3 25,0,35,,4060,3,0,24 3 25,0,75,,4066,3,0,24 3 25,0,40,,4067,3,0,24 3 25,0,84,,4074,3,0,24 3 25,0,70,,4068,3,0,24 3 25,0,30,,4075,3,0,24 3 25,0,70,,4069,3,0,24 3 25,0,30,,4076,3,0,24 3 25,0,85,,4070,3,0,24 3 25,0,30,,4077,3,0,24 3 25,0,70,,4071,3,0,24 3 25,0,30,,4078,3,0,24 3 25,0,70,,4083,3,0,24 3 25,0,30,,4084,3,0,24 3 25,0
1000900,'100012',733,,4281,4,,,0,80,,4282,4,,,0,40,,4283,4,,,0,80,,4284,4,,,0,80,,4285,4,,,0,40,,4286,4,,,0,80,,4287,4,,,0,85,,4288,4,,,0,40,,4289,4,,,0,81,,4290,4,,,0,80,,4291,4,,,0,40,,4292,4,,,0,80,,4293,4,,,0,80,,4294,4,,,0,85,,4295,4,,,0,40,,4296,4,,,0,80,,4297,4,,,0,80,,4298,4,,,0
1000900,'100013',733,,4299,4,,,0,80,,4300,4,,,0,40,,4301,4,,,0,80,,4302,4,,,0,80,,4303,4,,,0,40,,4304,4,,,0,80,,4305,4,,,0,85,,4306,4,,,0,40,,4307,4,,,0,81,,4308,4,,,0,80,,4309,4,,,0,40,,4310,4,,,0,80,,4311,4,,,0,80,,4312,4,,,0,85,,4313,4,,,0,40,,4314,4,,,0,80,,4315,4,,,0,80,,4316,4,,,0
1000900,'100014',520,,4327,4,,,0,30,,4328,4,,,0,70,,4329,4,,,0,30,,4330,4,,,0,70,,4331,4,,,0,30,,4332,4,,,0,62,,4333,4,,,0,28,,4334,4,,,0,75,,4335,4,,,0,20,,4336,4,,,0,70,,4337,4,,,0,30,,4338,4,,,0,70,,4339,4,,,0,30,,4340,4,,,0,70,,4341,4,,,0,30,,4342,4,,,0,70,,4343,4,,,0,30,,4344,4,,,0,71,,4345,4,,,0,30,,4346,4,,,0,70,,4347,4,,,0,28,,4348,4,,,0,72,,4349,4,,,0,30,,4350,4,,,0,18,,4351,4,,,0,85,,4320,4,,,0,70,,4321,4,,,0,30,,4324,4,,,0,70,,4317,4,,,0,29,,4319,4,,,0,84,,4325,4,,,0,85,,4323,4,,,0,35,,4322,4,,,0,75,,4326,4,,,0,35,,4318,4,,,0
2000900,'100012',753,,4352,4,,,0,80,,4353,4,,,0,80,,4354,4,,,0,40,,4355,4,,,0,80,,4356,4,,,0,80,,4357,4,,,0,40,,4358,4,,,0,80,,4359,4,,,0,85,,4360,4,,,0,40,,4361,4,,,0,81,,4362,4,,,0,80,,4363,4,,,0,85,,4364,4,,,0,40,,4365,4,,,0,80,,4366,4,,,0,80,,4367,4,,,0,40,,4368,4,,,0
2000900,'100013',753,,4369,4,,,0,80,,4370,4,,,0,80,,4371,4,,,0,40,,4372,4,,,0,80,,4373,4,,,0,80,,4374,4,,,0,40,,4375,4,,,0,80,,4376,4,,,0,85,,4377,4,,,0,40,,4378,4,,,0,81,,4379,4,,,0,80,,4380,4,,,0,85,,4381,4,,,0,40,,4382,4,,,0,80,,4383,4,,,0,80,,4384,4,,,0,40,,4385,4,,,0
2000900,'100014',544,,4386,4,,,0,60,,4387,4,,,0,30,,4388,4,,,0,70,,4389,4,,,0,30,,4390,4,,,0,20,,4391,4,,,0,80,,4392,4,,,0,22,,4417,4,,,0,68,,4393,4,,,0,30,,4394,4,,,0,60,,4395,4,,,0,30,,4396,4,,,0,70,,4397,4,,,0,30,,4398,4,,,0,70,,4399,4,,,0,30,,4400,4,,,0,70,,4401,4,,,0,30,,4402,4,,,0,71,,4403,4,,,0,31,,4404,4,,,0,70,,4405,4,,,0,34,,4406,4,,,0,64,,4407,4,,,0,32,,4408,4,,,0,78,,4409,4,,,0,30,,4410,4,,,0,70,,4411,4,,,0,30,,4412,4,,,0,70,,4413,4,,,0,25,,4414,4,,,0,73,,4415,4,,,0,34,,4416,4,,,0,85,,4418,4,,,0,75,,4419,4,,,0,36,,4420,4,,,0
