800,'100009',608,,1117,25,,,0,30,,1102,25,,,0,70,,1118,25,,,0,30,,1103,25,,,0,70,,1119,25,,,0,40,,1120,25,,,0,69,,1104,25,,,0,30,,1128,25,,,0,70,,1105,25,,,0,30,,1129,25,,,0,70,,1106,25,,,0,30,,1130,25,,,0,70,,1107,25,,,0,42,,1131,25,,,0,75,,1108,25,,,0,75,,1121,25,,,0,35,,1109,25,,,0,75,,1110,25,,,0,35,,1122,25,,,0,75,,1111,25,,,0,80,,1123,25,,,0,42,,1112,25,,,0,70,,1124,25,,,0,30,,1113,25,,,0,70,,1125,25,,,0,30,,1114,25,,,0,85,,1126,25,,,0,70,,1115,25,,,0,30,,1127,25,,,0,70,,1116,25,,,0,28,,1133,25,,,0,68,,1132,25,,,0
800,'100010',744,,1134,25,,,0,100,,1135,25,,,0,100,,1136,25,,,0,100,,1137,25,,,0,100,,1138,25,,,0,115,,1139,25,,,0,100,,1140,25,,,0,100,,1141,25,,,0,100,,1142,25,,,0,155,,1143,25,,,0,100,,1144,25,,,0,100,,1145,25,,,0
800,'100011',744,,2819,25,,,0,100,,2820,25,,,0,100,,2821,25,,,0,100,,2822,25,,,0,100,,2823,25,,,0,115,,2824,25,,,0,100,,2825,25,,,0,100,,2826,25,,,0,100,,2827,25,,,0,155,,2828,25,,,0,100,,2829,25,,,0,100,,2830,25,,,0,100,,2831,25,,,0
800,'100012',744,,2832,25,,,0,100,,2833,25,,,0,100,,2834,25,,,0,100,,2835,25,,,0,100,,2836,25,,,0,115,,2837,25,,,0,100,,2838,25,,,0,100,,2839,25,,,0,100,,2840,25,,,0,155,,2841,25,,,0,100,,2842,25,,,0,100,,2843,25,,,0
800,'100013',608,,2859,25,,,0,30,,2844,25,,,0,70,,2860,25,,,0,30,,2845,25,,,0,70,,2861,25,,,0,40,,2862,25,,,0,69,,2846,25,,,0,30,,2870,25,,,0,70,,2847,25,,,0,30,,2871,25,,,0,70,,2848,25,,,0,30,,2872,25,,,0,70,,2849,25,,,0,42,,2873,25,,,0,75,,2850,25,,,0,75,,2863,25,,,0,35,,2851,25,,,0,75,,2852,25,,,0,35,,2864,25,,,0,75,,2853,25,,,0,80,,2865,25,,,0,42,,2854,25,,,0,70,,2866,25,,,0,30,,2855,25,,,0,70,,2867,25,,,0,30,,2856,25,,,0,85,,2868,25,,,0,70,,2857,25,,,0,30,,2869,25,,,0,70,,2858,25,,,0,28,,2875,25,,,0,68,,2874,25,,,0
800,'100014',608,,2891,25,,,0,30,,2876,25,,,0,70,,2892,25,,,0,30,,2877,25,,,0,70,,2893,25,,,0,40,,2894,25,,,0,69,,2878,25,,,0,30,,2902,25,,,0,70,,2879,25,,,0,30,,2903,25,,,0,70,,2880,25,,,0,30,,2904,25,,,0,70,,2881,25,,,0,42,,2905,25,,,0,75,,2882,25,,,0,75,,2895,25,,,0,35,,2883,25,,,0,75,,2884,25,,,0,35,,2896,25,,,0,75,,2885,25,,,0,80,,2897,25,,,0,42,,2886,25,,,0,70,,2898,25,,,0,30,,2887,25,,,0,70,,2899,25,,,0,30,,2888,25,,,0,85,,2900,25,,,0,70,,2889,25,,,0,30,,2901,25,,,0,70,,2890,25,,,0,28,,2907,25,,,0,68,,2906,25,,,0
800,'100015',744,,2908,25,,,0,100,,2909,25,,,0,100,,2910,25,,,0,100,,2911,25,,,0,100,,2912,25,,,0,115,,2913,25,,,0,100,,2914,25,,,0,100,,2915,25,,,0,100,,2916,25,,,0,155,,2917,25,,,0,100,,2918,25,,,0,100,,2919,25,,,0
5000,'100009',757,,1358,24,,,0
5000,'100013',757,,3162,24,,,0
5100,'100009',754,,1361,25,0,5 28,0
5100,'100013',754,,3165,25,0,5 28,0
5300,'100009',820,,1367,37,,,0
5300,'100013',820,,3171,37,,,0
5301,'100009',1552,,1369,30,,,0
5301,'100013',1552,,3173,30,,,0
