609,'1476872',737,,573,,,0
609,'1476873',837,,574,,,0
609,'1476874',937,,575,,,0
609,'1476875',1037,,576,,,0
609,'1476876',1137,,577,,,0
609,'1476877',1252,,578,,,0
609,'1476878',1352,,579,,,0
609,'1476879',1452,,580,,,0
609,'1476880',1552,,581,,,0
609,'1476881',1707,,582,,,0
609,'1476882',1807,,583,,,0
609,'1476883',1907,,584,,,0
609,'1477404',559,,585,,,0
609,'1477405',659,,586,,,0
609,'1477406',759,,587,,,0
609,'1477407',839,,588,,,0
609,'1477408',939,,589,,,0
609,'1477409',1039,,590,,,0
609,'1477410',1139,,591,,,0
609,'1477411',1248,,592,,,0
609,'1477412',1358,,593,,,0
609,'1477413',1508,,594,,,0
609,'1477414',529,,595,,,0
609,'1477415',629,,596,,,0
609,'1477416',729,,597,,,0
609,'1477417',1433,,598,,,0
609,'1477418',1618,,599,,,0
609,'1477419',1742,,600,,,0
609,'1477420',1842,,601,,,0
609,'1477421',1942,,602,,,0
609,'1477422',2057,,603,,,0
609,'1477423',2157,,604,,,0
609,'1477424',909,,605,,,0
609,'1477425',1009,,606,,,0
609,'1477426',1543,,607,,,0
609,'1477427',1658,,608,,,0
609,'1477428',1812,,609,,,0
609,'1477429',1912,,610,,,0
609,'1477430',2027,,611,,,0
609,'1477431',2127,,612,,,0
609,'1477432',617,,613,,,0
609,'1477433',717,,614,,,0
609,'1477434',1109,,615,,,0
609,'1477435',1209,,616,,,0
609,'1477436',1323,,617,,,0
609,'1477437',2257,,618,,,0
609,'1477438',2227,,619,,,0
609,'1477723',737,,620,,,0
609,'1477724',837,,621,,,0
609,'1477725',937,,622,,,0
609,'1477726',1037,,623,,,0
609,'1477727',1137,,624,,,0
609,'1477728',1252,,625,,,0
609,'1477729',1352,,626,,,0
609,'1477730',1452,,627,,,0
609,'1477731',1552,,628,,,0
609,'1477732',1707,,629,,,0
609,'1477733',1807,,630,,,0
609,'1477734',1907,,631,,,0
