2109,'1476961',741,,764,,,0
2109,'1476962',816,,765,,,0
2109,'1476963',851,,766,,,0
2109,'1476964',926,,767,,,0
2109,'1476965',1001,,768,,,0
2109,'1476966',1036,,769,,,0
2109,'1476967',1111,,770,,,0
2109,'1476968',1146,,771,,,0
2109,'1476969',1221,,772,,,0
2109,'1476970',1256,,773,,,0
2109,'1476971',1331,,774,,,0
2109,'1476972',1406,,775,,,0
2109,'1476973',1441,,776,,,0
2109,'1476974',1516,,777,,,0
2109,'1476975',1551,,778,,,0
2109,'1476976',1626,,779,,,0
2109,'1476977',1701,,780,,,0
2109,'1476978',1741,,781,,,0
2109,'1476979',1816,,782,,,0
2109,'1476980',1851,,783,,,0
2109,'1477205',636,,784,,,0
2109,'1477206',748,,785,,,0
2109,'1477207',858,,786,,,0
2109,'1477208',1008,,787,,,0
2109,'1477209',1118,,788,,,0
2109,'1477210',1229,,789,,,0
2109,'1477211',1339,,790,,,0
2109,'1477219',1449,,798,,,0
2109,'1477220',1559,,799,,,0
2109,'1477221',1713,,800,,,0
2109,'1477222',1823,,801,,,0
2109,'1477223',1933,,802,,,0
2109,'1477224',2100,,803,,,0
2109,'1477231',603,,810,,,0
2109,'1477232',713,,811,,,0
2109,'1477233',822,,812,,,0
2109,'1477234',933,,813,,,0
2109,'1477235',1043,,814,,,0
2109,'1477236',1153,,815,,,0
2109,'1477237',1304,,816,,,0
2109,'1477238',1414,,817,,,0
2109,'1477239',1524,,818,,,0
2109,'1477240',1634,,819,,,0
2109,'1477241',1748,,820,,,0
2109,'1477242',1900,,821,,,0
2109,'1477243',2012,,822,,,0
2109,'1477244',2130,,823,,,0
2109,'1477259',2300,,838,,,0
2109,'1477260',2230,,839,,,0
2109,'1477264',2200,,843,,,0
2109,'1478077',816,,845,,,0
2109,'1478078',926,,846,,,0
2109,'1478079',1147,,847,,,0
2109,'1478080',1256,,848,,,0
2109,'1478081',1406,,849,,,0
2109,'1478082',1516,,850,,,0
2109,'1478083',1741,,851,,,0
2109,'1478091',741,,859,,,0
2109,'1478092',851,,860,,,0
2109,'1478093',1111,,861,,,0
2109,'1478094',1221,,862,,,0
2109,'1478095',1331,,863,,,0
2109,'1478096',1441,,864,,,0
2109,'1478097',1701,,865,,,0
2109,'1478098',1816,,866,,,0
2109,'1478107',1626,,875,,,0
2109,'1478108',1036,,876,,,0
2109,'1478111',1851,,879,,,0
2109,'1478113',1001,,881,,,0
2109,'1478114',1551,,882,,,0
