700,'100010',807,,2717,11,0,24 3 25,0,100,,2718,11,0,24 3 25,0,100,,2719,11,0,24 3 25,0,100,,2720,11,0,24 3 25,0,100,,2721,11,0,24 3 25,0,115,,2722,11,0,24 3 25,0,100,,2723,11,0,24 3 25,0,100,,2724,11,0,24 3 25,0,115,,2725,11,0,24 3 25,0,100,,2726,11,0,24 3 25,0,100,,2727,11,0,24 3 25,0,100,,2728,11,0,24 3 25,0
700,'100011',807,,2729,11,0,24 3 25,0,100,,2730,11,0,24 3 25,0,100,,2731,11,0,24 3 25,0,100,,2732,11,0,24 3 25,0,100,,2733,11,0,24 3 25,0,115,,2734,11,0,24 3 25,0,100,,2735,11,0,24 3 25,0,100,,2736,11,0,24 3 25,0,115,,2737,11,0,24 3 25,0,100,,2738,11,0,24 3 25,0,100,,2739,11,0,24 3 25,0
700,'100012',529,,2740,11,0,24 3 25,0,30,,2750,11,0,24 3 25,0,70,,2741,11,0,24 3 25,0,18,,2768,11,0,24 3 25,0,12,,2751,11,0,24 3 25,0,70,,2742,11,0,24 3 25,0,30,,2752,11,0,24 3 25,0,80,,2761,11,0,24 3 25,0,70,,2743,11,0,24 3 25,0,30,,2762,11,0,24 3 25,0,70,,2744,11,0,24 3 25,0,30,,2769,11,0,24 3 25,0,70,,2745,11,0,24 3 25,0,30,,2770,11,0,24 3 25,0,70,,2746,11,0,24 3 25,0,39,,2771,11,0,24 3 25,0,75,,2747,11,0,24 3 25,0,35,,2753,11,0,24 3 25,0,75,,2748,11,0,24 3 25,0,75,,2754,11,0,24 3 25,0,35,,2749,11,0,24 3 25,0,75,,2755,11,0,24 3 25,0,40,,2756,11,0,24 3 25,0,84,,2763,11,0,24 3 25,0,70,,2757,11,0,24 3 25,0,30,,2764,11,0,24 3 25,0,70,,2758,11,0,24 3 25,0,30,,2765,11,0,24 3 25,0,85,,2759,11,0,24 3 25,0,30,,2766,11,0,24 3 25,0,70,,2760,11,0,24 3 25,0,30,,2767,11,0,24 3 25,0,70,,2772,11,0,24 3 25,0,30,,2773,11,0,24 3 25,0
700,'100013',529,,2774,11,0,24 3 25,0,30,,2784,11,0,24 3 25,0,70,,2775,11,0,24 3 25,0,18,,2802,11,0,24 3 25,0,12,,2785,11,0,24 3 25,0,70,,2776,11,0,24 3 25,0,30,,2786,11,0,24 3 25,0,80,,2795,11,0,24 3 25,0,70,,2777,11,0,24 3 25,0,30,,2796,11,0,24 3 25,0,70,,2778,11,0,24 3 25,0,30,,2803,11,0,24 3 25,0,70,,2779,11,0,24 3 25,0,30,,2804,11,0,24 3 25,0,70,,2780,11,0,24 3 25,0,39,,2805,11,0,24 3 25,0,75,,2781,11,0,24 3 25,0,35,,2787,11,0,24 3 25,0,75,,2782,11,0,24 3 25,0,75,,2788,11,0,24 3 25,0,35,,2783,11,0,24 3 25,0,75,,2789,11,0,24 3 25,0,40,,2790,11,0,24 3 25,0,84,,2797,11,0,24 3 25,0,70,,2791,11,0,24 3 25,0,30,,2798,11,0,24 3 25,0,70,,2792,11,0,24 3 25,0,30,,2799,11,0,24 3 25,0,85,,2793,11,0,24 3 25,0,30,,2800,11,0,24 3 25,0,70,,2794,11,0,24 3 25,0,30,,2801,11,0,24 3 25,0,70,,2806,11,0,24 3 25,0,30,,2807,11,0,24 3 25,0
700,'100014',807,,2808,11,0,24 3 25,0,100,,2809,11,0,24 3 25,0,100,,2810,11,0,24 3 25,0,100,,2811,11,0,24 3 25,0,100,,2812,11,0,24 3 25,0,115,,2813,11,0,24 3 25,0,100,,2814,11,0,24 3 25,0,100,,2815,11,0,24 3 25,0,115,,2816,11,0,24 3 25,0,100,,2817,11,0,24 3 25,0,100,,2818,11,0,24 3 25,0
1000900,'100010',739,,3176,12,,,0,80,,3177,12,,,0,40,,3178,12,,,0,80,,3179,12,,,0,80,,3180,12,,,0,40,,3181,12,,,0,80,,3182,12,,,0,85,,3183,12,,,0,80,,3184,12,,,0,41,,3185,12,,,0,80,,3186,12,,,0,80,,3187,12,,,0,40,,3188,12,,,0,80,,3189,12,,,0,85,,3190,12,,,0,40,,3191,12,,,0,80,,3192,12,,,0,80,,3193,12,,,0,40,,3194,12,,,0
1000900,'100011',739,,3195,12,,,0,80,,3196,12,,,0,40,,3197,12,,,0,80,,3198,12,,,0,80,,3199,12,,,0,40,,3200,12,,,0,80,,3201,12,,,0,85,,3202,12,,,0,80,,3203,12,,,0,41,,3204,12,,,0,80,,3205,12,,,0,80,,3206,12,,,0,40,,3207,12,,,0,80,,3208,12,,,0,85,,3209,12,,,0,40,,3210,12,,,0,80,,3211,12,,,0,80,,3212,12,,,0
1000900,'100012',525,,3223,12,,,0,30,,3224,12,,,0,70,,3225,12,,,0,30,,3226,12,,,0,70,,3227,12,,,0,30,,3228,12,,,0,62,,3229,12,,,0,28,,3230,12,,,0,75,,3231,12,,,0,20,,3232,12,,,0,70,,3233,12,,,0,30,,3234,12,,,0,70,,3235,12,,,0,30,,3236,12,,,0,70,,3237,12,,,0,30,,3238,12,,,0,70,,3239,12,,,0,30,,3240,12,,,0,72,,3241,12,,,0,30,,3242,12,,,0,70,,3243,12,,,0,28,,3244,12,,,0,72,,3245,12,,,0,30,,3246,12,,,0,58,,3247,12,,,0,45,,3216,12,,,0,70,,3217,12,,,0,30,,3220,12,,,0,70,,3213,12,,,0,29,,3215,12,,,0,83,,3221,12,,,0,85,,3219,12,,,0,35,,3218,12,,,0,75,,3222,12,,,0,35,,3214,12,,,0
1000900,'100013',525,,3258,12,,,0,30,,3259,12,,,0,70,,3260,12,,,0,30,,3261,12,,,0,70,,3262,12,,,0,30,,3263,12,,,0,62,,3264,12,,,0,28,,3265,12,,,0,75,,3266,12,,,0,20,,3267,12,,,0,70,,3268,12,,,0,30,,3269,12,,,0,70,,3270,12,,,0,30,,3271,12,,,0,70,,3272,12,,,0,30,,3273,12,,,0,70,,3274,12,,,0,30,,3275,12,,,0,72,,3276,12,,,0,30,,3277,12,,,0,70,,3278,12,,,0,28,,3279,12,,,0,72,,3280,12,,,0,30,,3281,12,,,0,58,,3282,12,,,0,45,,3251,12,,,0,70,,3252,12,,,0,30,,3255,12,,,0,70,,3248,12,,,0,29,,3250,12,,,0,83,,3256,12,,,0,85,,3254,12,,,0,35,,3253,12,,,0,75,,3257,12,,,0,35,,3249,12,,,0
1000900,'100014',739,,3283,12,,,0,80,,3284,12,,,0,40,,3285,12,,,0,80,,3286,12,,,0,80,,3287,12,,,0,40,,3288,12,,,0,80,,3289,12,,,0,85,,3290,12,,,0,80,,3291,12,,,0,41,,3292,12,,,0,80,,3293,12,,,0,80,,3294,12,,,0,40,,3295,12,,,0,80,,3296,12,,,0,85,,3297,12,,,0,40,,3298,12,,,0,80,,3299,12,,,0,80,,3300,12,,,0
2000900,'100010',759,,3305,12,0,19 3 20 21 22 23,0,80,,3306,12,0,19 3 20 21 22 23,0,80,,3307,12,0,19 3 20 21 22 23,0,40,,3308,12,0,19 3 20 21 22 23,0,80,,3309,12,0,19 3 20 21 22 23,0,80,,3310,12,0,19 3 20 21 22 23,0,40,,3311,12,0,19 3 20 21 22 23,0,80,,3312,12,0,19 3 20 21 22 23,0,85,,3313,12,0,19 3 20 21 22 23,0,80,,3314,12,0,19 3 20 21 22 23,0,41,,3315,12,0,19 3 20 21 22 23,0,80,,3316,12,0,19 3 20 21 22 23,0,85,,3317,12,0,19 3 20 21 22 23,0,40,,3318,12,0,19 3 20 21 22 23,0,80,,3319,12,0,19 3 20 21 22 23,0,80,,3320,12,0,19 3 20 21 22 23,0,40,,3321,12,0,19 3 20 21 22 23,0,80,,3323,12,0,19 3 20 21 22 23,0,80,,3322,12,0,19 3 20 21 22 23,0
2000900,'100011',759,,3324,12,0,19 3 20 21 22 23,0,80,,3325,12,0,19 3 20 21 22 23,0,80,,3326,12,0,19 3 20 21 22 23,0,40,,3327,12,0,19 3 20 21 22 23,0,80,,3328,12,0,19 3 20 21 22 23,0,80,,3329,12,0,19 3 20 21 22 23,0,40,,3330,12,0,19 3 20 21 22 23,0,80,,3331,12,0,19 3 20 21 22 23,0,85,,3332,12,0,19 3 20 21 22 23,0,80,,3333,12,0,19 3 20 21 22 23,0,41,,3334,12,0,19 3 20 21 22 23,0,80,,3335,12,0,19 3 20 21 22 23,0,85,,3336,12,0,19 3 20 21 22 23,0,40,,3337,12,0,19 3 20 21 22 23,0,80,,3338,12,0,19 3 20 21 22 23,0,80,,3339,12,0,19 3 20 21 22 23,0,40,,3340,12,0,19 3 20 21 22 23,0
2000900,'100012',549,,3341,12,0,19 3 20 21 22 23,0,60,,3342,12,0,19 3 20 21 22 23,0,30,,3343,12,0,19 3 20 21 22 23,0,70,,3344,12,0,19 3 20 21 22 23,0,30,,3345,12,0,19 3 20 21 22 23,0,20,,3346,12,0,19 3 20 21 22 23,0,80,,3347,12,0,19 3 20 21 22 23,0,62,,3372,12,0,19 3 20 21 22 23,0,28,,3348,12,0,19 3 20 21 22 23,0,30,,3349,12,0,19 3 20 21 22 23,0,60,,3350,12,0,19 3 20 21 22 23,0,30,,3351,12,0,19 3 20 21 22 23,0,70,,3352,12,0,19 3 20 21 22 23,0,30,,3353,12,0,19 3 20 21 22 23,0,70,,3354,12,0,19 3 20 21 22 23,0,30,,3355,12,0,19 3 20 21 22 23,0,70,,3356,12,0,19 3 20 21 22 23,0,30,,3357,12,0,19 3 20 21 22 23,0,72,,3358,12,0,19 3 20 21 22 23,0,31,,3359,12,0,19 3 20 21 22 23,0,70,,3360,12,0,19 3 20 21 22 23,0,34,,3361,12,0,19 3 20 21 22 23,0,64,,3362,12,0,19 3 20 21 22 23,0,32,,3363,12,0,19 3 20 21 22 23,0,78,,3364,12,0,19 3 20 21 22 23,0,70,,3365,12,0,19 3 20 21 22 23,0,30,,3366,12,0,19 3 20 21 22 23,0,70,,3367,12,0,19 3 20 21 22 23,0,30,,3368,12,0,19 3 20 21 22 23,0,25,,3369,12,0,19 3 20 21 22 23,0,72,,3370,12,0,19 3 20 21 22 23,0,74,,3371,12,0,19 3 20 21 22 23,0,45,,3373,12,0,19 3 20 21 22 23,0,75,,3374,12,0,19 3 20 21 22 23,0,36,,3375,12,0,19 3 20 21 22 23,0
2000900,'100013',549,,3376,12,0,19 3 20 21 22 23,0,60,,3377,12,0,19 3 20 21 22 23,0,30,,3378,12,0,19 3 20 21 22 23,0,70,,3379,12,0,19 3 20 21 22 23,0,30,,3380,12,0,19 3 20 21 22 23,0,20,,3381,12,0,19 3 20 21 22 23,0,80,,3382,12,0,19 3 20 21 22 23,0,62,,3407,12,0,19 3 20 21 22 23,0,28,,3383,12,0,19 3 20 21 22 23,0,30,,3384,12,0,19 3 20 21 22 23,0,60,,3385,12,0,19 3 20 21 22 23,0,30,,3386,12,0,19 3 20 21 22 23,0,70,,3387,12,0,19 3 20 21 22 23,0,30,,3388,12,0,19 3 20 21 22 23,0,70,,3389,12,0,19 3 20 21 22 23,0,30,,3390,12,0,19 3 20 21 22 23,0,70,,3391,12,0,19 3 20 21 22 23,0,30,,3392,12,0,19 3 20 21 22 23,0,72,,3393,12,0,19 3 20 21 22 23,0,31,,3394,12,0,19 3 20 21 22 23,0,70,,3395,12,0,19 3 20 21 22 23,0,34,,3396,12,0,19 3 20 21 22 23,0,64,,3397,12,0,19 3 20 21 22 23,0,32,,3398,12,0,19 3 20 21 22 23,0,78,,3399,12,0,19 3 20 21 22 23,0,70,,3400,12,0,19 3 20 21 22 23,0,30,,3401,12,0,19 3 20 21 22 23,0,70,,3402,12,0,19 3 20 21 22 23,0,30,,3403,12,0,19 3 20 21 22 23,0,25,,3404,12,0,19 3 20 21 22 23,0,72,,3405,12,0,19 3 20 21 22 23,0,74,,3406,12,0,19 3 20 21 22 23,0,45,,3408,12,0,19 3 20 21 22 23,0,75,,3409,12,0,19 3 20 21 22 23,0,36,,3410,12,0,19 3 20 21 22 23,0
2000900,'100014',759,,3411,12,0,19 3 20 21 22 23,0,80,,3412,12,0,19 3 20 21 22 23,0,80,,3413,12,0,19 3 20 21 22 23,0,40,,3414,12,0,19 3 20 21 22 23,0,80,,3415,12,0,19 3 20 21 22 23,0,80,,3416,12,0,19 3 20 21 22 23,0,40,,3417,12,0,19 3 20 21 22 23,0,80,,3418,12,0,19 3 20 21 22 23,0,85,,3419,12,0,19 3 20 21 22 23,0,80,,3420,12,0,19 3 20 21 22 23,0,41,,3421,12,0,19 3 20 21 22 23,0,80,,3422,12,0,19 3 20 21 22 23,0,85,,3423,12,0,19 3 20 21 22 23,0,40,,3424,12,0,19 3 20 21 22 23,0,80,,3425,12,0,19 3 20 21 22 23,0,80,,3426,12,0,19 3 20 21 22 23,0,40,,3427,12,0,19 3 20 21 22 23,0
