2019,'1476981',742,,160,0,12 13,0
2019,'1476982',812,,161,0,12 13,0
2019,'1476983',842,,162,0,12 13,0
2019,'1476984',912,,163,0,12 13,0
2019,'1476985',942,,164,0,12 13,0
2019,'1476986',1012,,165,0,12 13,0
2019,'1476987',1042,,166,0,12 13,0
2019,'1476988',1112,,167,0,12 13,0
2019,'1476989',1142,,168,0,12 13,0
2019,'1476990',1212,,169,0,12 13,0
2019,'1476991',1257,,170,0,12 13,0
2019,'1476992',1327,,171,0,12 13,0
2019,'1476993',1357,,172,0,12 13,0
2019,'1476994',1427,,173,0,12 13,0
2019,'1476995',1457,,174,0,12 13,0
2019,'1476996',1527,,175,0,12 13,0
2019,'1476997',1557,,176,0,12 13,0
2019,'1476998',1912,,177,0,12 13,0
2019,'1476999',1642,,178,0,12 13,0
2019,'1477000',1712,,179,0,12 13,0
2019,'1477001',1742,,180,0,12 13,0
2019,'1477002',1812,,181,0,12 13,0
2019,'1477003',1842,,182,0,12 13,0
2019,'1477147',604,,215,0,12 13,0
2019,'1477148',704,,216,0,12 13,0
2019,'1477149',804,,217,0,12 13,0
2019,'1477150',914,,218,0,12 13,0
2019,'1477151',1014,,219,0,12 13,0
2019,'1477152',1114,,220,0,12 13,0
2019,'1477153',1214,,221,0,12 13,0
2019,'1477154',1329,,222,0,12 13,0
2019,'1477156',634,,224,0,12 13,0
2019,'1477157',734,,225,0,12 13,0
2019,'1477158',844,,226,0,12 13,0
2019,'1477159',944,,227,0,12 13,0
2019,'1477160',1044,,228,0,12 13,0
2019,'1477161',1144,,229,0,12 13,0
2019,'1477162',1254,,230,0,12 13,0
2019,'1477163',1404,,231,0,12 13,0
2019,'1477173',1514,,241,0,12 13,0
2019,'1477174',1624,,242,0,12 13,0
2019,'1477175',1704,,243,0,12 13,0
2019,'1477176',1818,,244,0,12 13,0
2019,'1477177',1918,,245,0,12 13,0
2019,'1477178',2033,,246,0,12 13,0
2019,'1477179',2133,,247,0,12 13,0
2019,'1477187',1439,,255,0,12 13,0
2019,'1477188',1549,,256,0,12 13,0
2019,'1477189',1748,,257,0,12 13,0
2019,'1477190',1848,,258,0,12 13,0
2019,'1477191',1948,,259,0,12 13,0
2019,'1477192',2103,,260,0,12 13,0
2019,'1477193',2203,,261,0,12 13,0
2019,'1477200',2233,,268,0,12 13,0
2019,'1477201',2305,,269,0,12 13,0
2019,'1477769',1142,,273,0,12 13,0
2019,'1477770',1712,,274,0,12 13,0
2019,'1477771',1842,,275,0,12 13,0
2019,'1477772',1812,,276,0,12 13,0
2019,'1477773',1742,,277,0,12 13,0
2019,'1477774',742,,278,0,12 13,0
2019,'1477775',842,,279,0,12 13,0
2019,'1477776',1012,,280,0,12 13,0
2019,'1477777',942,,281,0,12 13,0
2019,'1477778',812,,282,0,12 13,0
2019,'1477779',1042,,283,0,12 13,0
2019,'1477780',1112,,284,0,12 13,0
2019,'1477781',1912,,285,0,12 13,0
2019,'1477782',1212,,286,0,12 13,0
2019,'1477783',1257,,287,0,12 13,0
2019,'1477784',1327,,288,0,12 13,0
2019,'1477785',1357,,289,0,12 13,0
2019,'1477786',1427,,290,0,12 13,0
2019,'1477787',1457,,291,0,12 13,0
2019,'1477788',912,,292,0,12 13,0
2019,'1477789',1557,,293,0,12 13,0
2019,'1477790',1642,,294,0,12 13,0
2019,'1477791',1527,,295,0,12 13,0
