400,'100009',527,,749,7,0,17 3 15 7 16,0,30,,728,7,0,17 3 15 7 16,0,70,,720,7,0,17 3 15 7 16,0,18,,747,7,0,17 3 15 7 16,0,12,,729,7,0,17 3 15 7 16,0,70,,721,7,0,17 3 15 7 16,0,30,,730,7,0,17 3 15 7 16,0,80,,722,7,0,17 3 15 7 16,0,69,,748,7,0,17 3 15 7 16,0,31,,723,7,0,17 3 15 7 16,0,70,,744,7,0,17 3 15 7 16,0,30,,724,7,0,17 3 15 7 16,0,70,,745,7,0,17 3 15 7 16,0,30,,725,7,0,17 3 15 7 16,0,70,,746,7,0,17 3 15 7 16,0,38,,726,7,0,17 3 15 7 16,0,75,,751,7,0,17 3 15 7 16,0,35,,727,7,0,17 3 15 7 16,0,75,,731,7,0,17 3 15 7 16,0,75,,750,7,0,17 3 15 7 16,0,35,,732,7,0,17 3 15 7 16,0,75,,733,7,0,17 3 15 7 16,0,40,,739,7,0,17 3 15 7 16,0,85,,734,7,0,17 3 15 7 16,0,70,,740,7,0,17 3 15 7 16,0,30,,735,7,0,17 3 15 7 16,0,70,,741,7,0,17 3 15 7 16,0,30,,736,7,0,17 3 15 7 16,0,85,,742,7,0,17 3 15 7 16,0,30,,737,7,0,17 3 15 7 16,0,70,,743,7,0,17 3 15 7 16,0,30,,738,7,0,17 3 15 7 16,0,70,,752,7,0,17 3 15 7 16,0,30,,753,7,0,17 3 15 7 16,0
400,'100010',735,,754,7,0,17 3 15 7 16,0,70,,767,7,0,17 3 15 7 16,0,30,,755,7,0,17 3 15 7 16,0,70,,768,7,0,17 3 15 7 16,0,30,,756,7,0,17 3 15 7 16,0,70,,769,7,0,17 3 15 7 16,0,30,,757,7,0,17 3 15 7 16,0,70,,770,7,0,17 3 15 7 16,0,30,,758,7,0,17 3 15 7 16,0,70,,771,7,0,17 3 15 7 16,0,45,,759,7,0,17 3 15 7 16,0,70,,772,7,0,17 3 15 7 16,0,30,,760,7,0,17 3 15 7 16,0,70,,773,7,0,17 3 15 7 16,0,30,,761,7,0,17 3 15 7 16,0,70,,774,7,0,17 3 15 7 16,0,30,,762,7,0,17 3 15 7 16,0,85,,775,7,0,17 3 15 7 16,0,70,,763,7,0,17 3 15 7 16,0,30,,776,7,0,17 3 15 7 16,0,70,,764,7,0,17 3 15 7 16,0,30,,766,7,0,17 3 15 7 16,0,70,,765,7,0,17 3 15 7 16,0
400,'100011',735,,2373,7,0,17 3 15 7 16,0,70,,2386,7,0,17 3 15 7 16,0,30,,2374,7,0,17 3 15 7 16,0,70,,2387,7,0,17 3 15 7 16,0,30,,2375,7,0,17 3 15 7 16,0,70,,2388,7,0,17 3 15 7 16,0,30,,2376,7,0,17 3 15 7 16,0,70,,2389,7,0,17 3 15 7 16,0,30,,2377,7,0,17 3 15 7 16,0,70,,2390,7,0,17 3 15 7 16,0,45,,2378,7,0,17 3 15 7 16,0,70,,2391,7,0,17 3 15 7 16,0,30,,2379,7,0,17 3 15 7 16,0,70,,2392,7,0,17 3 15 7 16,0,30,,2380,7,0,17 3 15 7 16,0,70,,2393,7,0,17 3 15 7 16,0,30,,2381,7,0,17 3 15 7 16,0,85,,2394,7,0,17 3 15 7 16,0,70,,2382,7,0,17 3 15 7 16,0,30,,2395,7,0,17 3 15 7 16,0,70,,2383,7,0,17 3 15 7 16,0,30,,2385,7,0,17 3 15 7 16,0,70,,2384,7,0,17 3 15 7 16,0,30,,2396,7,0,17 3 15 7 16,0,70,,2397,7,0,17 3 15 7 16,0
400,'100012',735,,2398,7,0,17 3 15 7 16,0,70,,2411,7,0,17 3 15 7 16,0,30,,2399,7,0,17 3 15 7 16,0,70,,2412,7,0,17 3 15 7 16,0,30,,2400,7,0,17 3 15 7 16,0,70,,2413,7,0,17 3 15 7 16,0,30,,2401,7,0,17 3 15 7 16,0,70,,2414,7,0,17 3 15 7 16,0,30,,2402,7,0,17 3 15 7 16,0,70,,2415,7,0,17 3 15 7 16,0,45,,2403,7,0,17 3 15 7 16,0,70,,2416,7,0,17 3 15 7 16,0,30,,2404,7,0,17 3 15 7 16,0,70,,2417,7,0,17 3 15 7 16,0,30,,2405,7,0,17 3 15 7 16,0,70,,2418,7,0,17 3 15 7 16,0,30,,2406,7,0,17 3 15 7 16,0,85,,2419,7,0,17 3 15 7 16,0,70,,2407,7,0,17 3 15 7 16,0,30,,2420,7,0,17 3 15 7 16,0,70,,2408,7,0,17 3 15 7 16,0,30,,2410,7,0,17 3 15 7 16,0,70,,2409,7,0,17 3 15 7 16,0
400,'100013',527,,2450,7,0,17 3 15 7 16,0,30,,2429,7,0,17 3 15 7 16,0,70,,2421,7,0,17 3 15 7 16,0,18,,2448,7,0,17 3 15 7 16,0,12,,2430,7,0,17 3 15 7 16,0,70,,2422,7,0,17 3 15 7 16,0,30,,2431,7,0,17 3 15 7 16,0,80,,2423,7,0,17 3 15 7 16,0,69,,2449,7,0,17 3 15 7 16,0,31,,2424,7,0,17 3 15 7 16,0,70,,2445,7,0,17 3 15 7 16,0,30,,2425,7,0,17 3 15 7 16,0,70,,2446,7,0,17 3 15 7 16,0,30,,2426,7,0,17 3 15 7 16,0,70,,2447,7,0,17 3 15 7 16,0,38,,2427,7,0,17 3 15 7 16,0,75,,2452,7,0,17 3 15 7 16,0,35,,2428,7,0,17 3 15 7 16,0,75,,2432,7,0,17 3 15 7 16,0,75,,2451,7,0,17 3 15 7 16,0,35,,2433,7,0,17 3 15 7 16,0,75,,2434,7,0,17 3 15 7 16,0,40,,2440,7,0,17 3 15 7 16,0,85,,2435,7,0,17 3 15 7 16,0,70,,2441,7,0,17 3 15 7 16,0,30,,2436,7,0,17 3 15 7 16,0,70,,2442,7,0,17 3 15 7 16,0,30,,2437,7,0,17 3 15 7 16,0,85,,2443,7,0,17 3 15 7 16,0,30,,2438,7,0,17 3 15 7 16,0,70,,2444,7,0,17 3 15 7 16,0,30,,2439,7,0,17 3 15 7 16,0,70,,2453,7,0,17 3 15 7 16,0,30,,2454,7,0,17 3 15 7 16,0
400,'100014',527,,2484,7,0,17 3 15 7 16,0,30,,2463,7,0,17 3 15 7 16,0,70,,2455,7,0,17 3 15 7 16,0,18,,2482,7,0,17 3 15 7 16,0,12,,2464,7,0,17 3 15 7 16,0,70,,2456,7,0,17 3 15 7 16,0,30,,2465,7,0,17 3 15 7 16,0,80,,2457,7,0,17 3 15 7 16,0,69,,2483,7,0,17 3 15 7 16,0,31,,2458,7,0,17 3 15 7 16,0,70,,2479,7,0,17 3 15 7 16,0,30,,2459,7,0,17 3 15 7 16,0,70,,2480,7,0,17 3 15 7 16,0,30,,2460,7,0,17 3 15 7 16,0,70,,2481,7,0,17 3 15 7 16,0,38,,2461,7,0,17 3 15 7 16,0,75,,2486,7,0,17 3 15 7 16,0,35,,2462,7,0,17 3 15 7 16,0,75,,2466,7,0,17 3 15 7 16,0,75,,2485,7,0,17 3 15 7 16,0,35,,2467,7,0,17 3 15 7 16,0,75,,2468,7,0,17 3 15 7 16,0,40,,2474,7,0,17 3 15 7 16,0,85,,2469,7,0,17 3 15 7 16,0,70,,2475,7,0,17 3 15 7 16,0,30,,2470,7,0,17 3 15 7 16,0,70,,2476,7,0,17 3 15 7 16,0,30,,2471,7,0,17 3 15 7 16,0,85,,2477,7,0,17 3 15 7 16,0,30,,2472,7,0,17 3 15 7 16,0,70,,2478,7,0,17 3 15 7 16,0,30,,2473,7,0,17 3 15 7 16,0,70,,2487,7,0,17 3 15 7 16,0,30,,2488,7,0,17 3 15 7 16,0
400,'100015',735,,2489,7,0,17 3 15 7 16,0,70,,2490,7,0,17 3 15 7 16,0,30,,2491,7,0,17 3 15 7 16,0,70,,2492,7,0,17 3 15 7 16,0,30,,2493,7,0,17 3 15 7 16,0,70,,2494,7,0,17 3 15 7 16,0,30,,2495,7,0,17 3 15 7 16,0,70,,2496,7,0,17 3 15 7 16,0,30,,2497,7,0,17 3 15 7 16,0,70,,2498,7,0,17 3 15 7 16,0,45,,2499,7,0,17 3 15 7 16,0,70,,2500,7,0,17 3 15 7 16,0,30,,2501,7,0,17 3 15 7 16,0,70,,2502,7,0,17 3 15 7 16,0,30,,2503,7,0,17 3 15 7 16,0,70,,2504,7,0,17 3 15 7 16,0,30,,2505,7,0,17 3 15 7 16,0,85,,2507,7,0,17 3 15 7 16,0,70,,2508,7,0,17 3 15 7 16,0,30,,2509,7,0,17 3 15 7 16,0,70,,2510,7,0,17 3 15 7 16,0,30,,2511,7,0,17 3 15 7 16,0,70,,2506,7,0,17 3 15 7 16,0
5201,'100009',735,,1365,7,0,7 8 9,0
5201,'100013',735,,3169,7,0,7 8 9,0
5400,'100009',726,,1370,7,0,7 18,0
5400,'100013',726,,3174,7,0,7 18,0
