309,'1476929',1705,,331,,,0
309,'1476930',1805,,332,,,0
309,'1476931',1905,,333,,,0
309,'1476932',734,,334,,,0
309,'1476933',834,,335,,,0
309,'1476934',934,,336,,,0
309,'1476935',1035,,337,,,0
309,'1476936',1135,,338,,,0
309,'1476937',1250,,339,,,0
309,'1476938',1350,,340,,,0
309,'1476939',1450,,341,,,0
309,'1476940',1550,,342,,,0
309,'1477265',527,,343,,,0
309,'1477266',557,,344,,,0
309,'1477267',627,,345,,,0
309,'1477268',657,,346,,,0
309,'1477269',727,,347,,,0
309,'1477270',737,,348,,,0
309,'1477271',837,,349,,,0
309,'1477272',937,,350,,,0
309,'1477273',1037,,351,,,0
309,'1477274',1137,,352,,,0
309,'1477275',757,,353,,,0
309,'1477276',907,,354,,,0
309,'1477277',1007,,355,,,0
309,'1477278',1107,,356,,,0
309,'1477279',1207,,357,,,0
309,'1477280',1245,,358,,,0
309,'1477281',1320,,359,,,0
309,'1477282',1355,,360,,,0
309,'1477283',1409,,361,,,0
309,'1477284',1430,,362,,,0
309,'1477285',1505,,363,,,0
309,'1477286',1540,,364,,,0
309,'1477287',1615,,365,,,0
309,'1477288',1655,,366,,,0
309,'1477289',1740,,367,,,0
309,'1477290',1810,,368,,,0
309,'1477291',1840,,369,,,0
309,'1477292',1910,,370,,,0
309,'1477293',1940,,371,,,0
309,'1477294',2025,,372,,,0
309,'1477295',2055,,373,,,0
309,'1477296',2125,,374,,,0
309,'1477297',2155,,375,,,0
309,'1477298',2225,,376,,,0
309,'1477299',2255,,377,,,0
309,'1477300',1510,,378,,,0
309,'1477565',1805,,427,,,0
309,'1477566',1905,,428,,,0
309,'1477567',1705,,429,,,0
309,'1477568',734,,430,,,0
309,'1477569',834,,431,,,0
309,'1477570',934,,432,,,0
309,'1477571',1035,,433,,,0
309,'1477572',1135,,434,,,0
309,'1477573',1250,,435,,,0
309,'1477574',1350,,436,,,0
309,'1477575',1450,,437,,,0
309,'1477576',1550,,438,,,0
