5400,'100009',757,,1370,51,0,7 18,0
5400,'100013',757,,3174,51,0,7 18,0
5401,'100009',1445,,1371,8,0,7 18,0
5401,'100013',1445,,3175,8,0,7 18,0
2000900,'100009',557,,1550,16,,,0,60,,1551,16,,,0,30,,1552,16,,,0,70,,1553,16,,,0,30,,1554,16,,,0,60,,1555,16,,,0,40,,1556,16,,,0,62,,1581,16,,,0,28,,1557,16,,,0,70,,1558,16,,,0,20,,1559,16,,,0,30,,1560,16,,,0,70,,1561,16,,,0,30,,1562,16,,,0,70,,1563,16,,,0,30,,1564,16,,,0,70,,1565,16,,,0,30,,1566,16,,,0,72,,1567,16,,,0,71,,1568,16,,,0,30,,1569,16,,,0,74,,1570,16,,,0,24,,1571,16,,,0,72,,1572,16,,,0,38,,1573,16,,,0,70,,1574,16,,,0,30,,1575,16,,,0,70,,1576,16,,,0,30,,1577,16,,,0,65,,1578,16,,,0,32,,1579,16,,,0,74,,1580,16,,,0,45,,1582,16,,,0,75,,1583,16,,,0,76,,1584,16,,,0
2000900,'100010',807,,1585,16,,,0,40,,1586,16,,,0,80,,1587,16,,,0,80,,1588,16,,,0,40,,1589,16,,,0,80,,1590,16,,,0,80,,1591,16,,,0,40,,1592,16,,,0,85,,1593,16,,,0,80,,1594,16,,,0,41,,1595,16,,,0,80,,1596,16,,,0,85,,1597,16,,,0,40,,1598,16,,,0,80,,1599,16,,,0,80,,1600,16,,,0,40,,1601,16,,,0
2000900,'100011',807,,3305,16,,,0,40,,3306,16,,,0,80,,3307,16,,,0,80,,3308,16,,,0,40,,3309,16,,,0,80,,3310,16,,,0,80,,3311,16,,,0,40,,3312,16,,,0,85,,3313,16,,,0,80,,3314,16,,,0,41,,3315,16,,,0,80,,3316,16,,,0,85,,3317,16,,,0,40,,3318,16,,,0,80,,3319,16,,,0,80,,3320,16,,,0,40,,3321,16,,,0,80,,3323,16,,,0,80,,3322,16,,,0
2000900,'100012',807,,3324,16,,,0,40,,3325,16,,,0,80,,3326,16,,,0,80,,3327,16,,,0,40,,3328,16,,,0,80,,3329,16,,,0,80,,3330,16,,,0,40,,3331,16,,,0,85,,3332,16,,,0,80,,3333,16,,,0,41,,3334,16,,,0,80,,3335,16,,,0,85,,3336,16,,,0,40,,3337,16,,,0,80,,3338,16,,,0,80,,3339,16,,,0,40,,3340,16,,,0
2000900,'100013',557,,3341,16,,,0,60,,3342,16,,,0,30,,3343,16,,,0,70,,3344,16,,,0,30,,3345,16,,,0,60,,3346,16,,,0,40,,3347,16,,,0,62,,3372,16,,,0,28,,3348,16,,,0,70,,3349,16,,,0,20,,3350,16,,,0,30,,3351,16,,,0,70,,3352,16,,,0,30,,3353,16,,,0,70,,3354,16,,,0,30,,3355,16,,,0,70,,3356,16,,,0,30,,3357,16,,,0,72,,3358,16,,,0,71,,3359,16,,,0,30,,3360,16,,,0,74,,3361,16,,,0,24,,3362,16,,,0,72,,3363,16,,,0,38,,3364,16,,,0,70,,3365,16,,,0,30,,3366,16,,,0,70,,3367,16,,,0,30,,3368,16,,,0,65,,3369,16,,,0,32,,3370,16,,,0,74,,3371,16,,,0,45,,3373,16,,,0,75,,3374,16,,,0,76,,3375,16,,,0
2000900,'100014',557,,3376,16,,,0,60,,3377,16,,,0,30,,3378,16,,,0,70,,3379,16,,,0,30,,3380,16,,,0,60,,3381,16,,,0,40,,3382,16,,,0,62,,3407,16,,,0,28,,3383,16,,,0,70,,3384,16,,,0,20,,3385,16,,,0,30,,3386,16,,,0,70,,3387,16,,,0,30,,3388,16,,,0,70,,3389,16,,,0,30,,3390,16,,,0,70,,3391,16,,,0,30,,3392,16,,,0,72,,3393,16,,,0,71,,3394,16,,,0,30,,3395,16,,,0,74,,3396,16,,,0,24,,3397,16,,,0,72,,3398,16,,,0,38,,3399,16,,,0,70,,3400,16,,,0,30,,3401,16,,,0,70,,3402,16,,,0,30,,3403,16,,,0,65,,3404,16,,,0,32,,3405,16,,,0,74,,3406,16,,,0,45,,3408,16,,,0,75,,3409,16,,,0,76,,3410,16,,,0
2000900,'100015',807,,3411,16,,,0,40,,3412,16,,,0,80,,3413,16,,,0,80,,3414,16,,,0,40,,3415,16,,,0,80,,3416,16,,,0,80,,3417,16,,,0,40,,3418,16,,,0,85,,3419,16,,,0,80,,3420,16,,,0,41,,3421,16,,,0,80,,3422,16,,,0,85,,3423,16,,,0,40,,3424,16,,,0,80,,3425,16,,,0,80,,3426,16,,,0,40,,3427,16,,,0
