200,'100012',730,2,3574,25,,,0,70,42,3552,25,,,0,30,2,3553,25,,,0,70,42,3554,25,,,0,30,2,3555,25,,,0,70,42,3556,25,,,0,30,2,3557,25,,,0,70,42,3558,25,,,0,30,2,3559,25,,,0,70,42,3560,25,,,0,28,,3561,25,4,,0,17,,3575,1,0,5 31,0,70,2,3562,25,,,0,30,2,3563,25,,,0,70,2,3564,25,,,0,30,2,3565,25,,,0,70,2,3566,25,,,0,30,2,3567,25,,,0,68,,3577,25,4,,0,17,,3576,1,0,5 31,0,70,42,3569,25,,,0,30,2,3570,25,,,0,70,42,3571,25,,,0,30,2,3572,25,,,0,70,42,3573,25,,,0,30,2,3568,25,,,0
200,'100013',730,2,3599,25,,,0,70,42,3598,25,,,0,30,2,3579,25,,,0,70,42,3578,25,,,0,30,2,3580,25,,,0,70,42,3581,25,,,0,30,2,3582,25,,,0,70,42,3583,25,,,0,30,2,3584,25,,,0,70,42,3585,25,,,0,28,,3602,25,4,,0,17,,3603,1,0,5 31,0,70,2,3586,25,,,0,30,2,3587,25,,,0,70,2,3588,25,,,0,30,2,3589,25,,,0,70,2,3590,25,,,0,30,2,3591,25,,,0,68,,3600,25,4,,0,17,,3601,1,0,5 31,0,70,42,3592,25,,,0,30,2,3593,25,,,0,70,42,3594,25,,,0,30,2,3595,25,,,0,70,42,3596,25,,,0,30,2,3597,25,,,0
200,'100014',552,2,3604,25,,,0,70,2,3613,25,,,0,30,2,3605,25,,,0,70,2,3614,25,,,0,30,2,3606,25,,,0,80,12,3615,25,,,0,70,2,3607,25,,,0,30,2,3616,25,,,0,70,2,3608,25,,,0,30,2,3617,25,,,0,70,2,3609,25,,,0,30,2,3618,25,,,0,70,2,3610,25,,,0,28,,3619,25,4,,0,10,,3637,1,0,5 31,0,75,2,3611,25,,,0,35,2,3620,25,,,0,75,2,3612,25,,,0,75,42,3621,25,,,0,35,2,3629,25,,,0,75,2,3622,25,,,0,35,2,3630,25,,,0,89,11,3623,25,,,0,71,2,3624,25,,,0,30,2,3631,25,,,0,70,2,3625,25,,,0,30,2,3632,25,,,0,85,17,3626,25,,,0,30,2,3633,25,,,0,70,2,3627,25,,,0,30,2,3634,25,,,0,70,2,3628,25,,,0,30,2,3635,25,,,0,70,2,3636,25,,,0
201,'100012',800,42,3638,18,,,0,30,2,3639,18,,,0,70,42,3640,18,,,0,30,2,3641,18,,,0,70,42,3642,18,,,0,30,2,3643,18,,,0,70,42,3644,18,,,0,30,2,3645,18,,,0,70,42,3646,18,,,0,28,,3647,18,4,,0,17,,3660,1,,,0,70,2,3648,18,,,0,30,2,3649,18,,,0,70,2,3650,18,,,0,30,2,3651,18,,,0,70,2,3652,18,,,0,30,2,3653,18,,,0,68,,3662,18,4,,0,17,,3661,1,,,0,70,42,3655,18,,,0,30,2,3656,18,,,0,70,42,3657,18,,,0,30,2,3658,18,,,0,70,42,3659,18,,,0,30,2,3654,18,,,0
201,'100013',800,42,3668,18,,,0,30,2,3672,18,,,0,70,42,3669,18,,,0,30,2,3681,18,,,0,70,42,3671,18,,,0,30,2,3670,18,,,0,70,42,3673,18,,,0,30,2,3674,18,,,0,70,42,3663,18,,,0,28,,3686,18,4,,0,17,,3687,1,,,0,70,2,3676,18,,,0,30,2,3677,18,,,0,70,2,3678,18,,,0,30,2,3679,18,,,0,70,2,3680,18,,,0,30,2,3683,18,,,0,68,,3684,18,4,,0,17,,3685,1,,,0,70,42,3682,18,,,0,30,2,3664,18,,,0,70,42,3667,18,,,0,30,2,3666,18,,,0,70,42,3665,18,,,0,30,2,3675,18,,,0
201,'100014',522,,3718,1,,,0,30,2,3721,18,,,0,70,2,3688,18,,,0,30,2,3696,18,,,0,70,2,3689,18,,,0,30,2,3697,18,,,0,80,12,3690,18,,,0,70,2,3698,18,,,0,30,2,3691,18,,,0,70,2,3699,18,,,0,30,2,3692,18,,,0,70,2,3700,18,,,0,30,2,3693,18,,,0,70,2,3701,18,,,0,28,,3694,18,4,,0,10,,3722,1,,,0,75,6,3719,18,,,0,35,6,3695,18,,,0,75,6,3702,18,,,0,75,46,3709,18,,,0,35,6,3703,18,,,0,75,6,3710,18,,,0,40,11,3704,18,,,0,85,17,3720,18,,,0,70,3,3711,18,,,0,30,3,3705,18,,,0,70,3,3712,18,,,0,30,3,3706,18,,,0,85,18,3713,18,,,0,30,3,3707,18,,,0,70,3,3714,18,,,0,30,3,3708,18,,,0,70,3,3715,18,,,0,30,3,3716,18,,,0,71,2,3717,18,,,0
600,'100012',730,,3970,1,,,0,28,,3970,39,4,,0,72,,3971,1,,,0,28,,3971,39,4,,0,72,,3972,1,,,0,28,,3972,39,4,,0,72,,3973,1,,,0,28,,3973,39,4,,0,72,,3974,1,,,0,28,,3974,39,4,,0,87,,3975,1,,,0,68,,3975,39,4,,0,32,,3976,1,,,0,68,,3976,39,4,,0,32,,3977,1,,,0,68,,3977,39,4,,0,32,,3978,1,,,0,68,,3978,39,4,,0,87,,3979,1,,,0,28,,3979,39,4,,0,72,,3980,1,,,0,28,,3980,39,4,,0,72,,3981,1,,,0,28,,3981,39,4,,0
600,'100013',730,,3982,1,,,0,28,,3982,39,4,,0,72,,3983,1,,,0,28,,3983,39,4,,0,72,,3984,1,,,0,28,,3984,39,4,,0,72,,3985,1,,,0,28,,3985,39,4,,0,72,,3986,1,,,0,28,,3986,39,4,,0,87,,3987,1,,,0,68,,3987,39,4,,0,32,,3988,1,,,0,68,,3988,39,4,,0,32,,3989,1,,,0,68,,3989,39,4,,0,32,,3990,1,,,0,68,,3990,39,4,,0,87,,3991,1,,,0,28,,3991,39,4,,0,72,,3992,1,,,0,28,,3992,39,4,,0,72,,3993,1,,,0,28,,3993,39,4,,0
600,'100014',522,,4004,1,,,0,28,,4004,39,4,,0,2,,3994,1,,,0,58,,4022,1,,,0,10,,3994,39,4,,0,2,,4005,1,,,0,16,,4022,39,4,,0,12,,4005,39,4,,0,2,,3995,1,,,0,58,,4023,1,,,0,10,,3995,39,4,,0,2,,4006,1,,,0,16,,4023,39,4,,0,12,,4006,39,4,,0,2,,3996,1,,,0,68,,3996,39,4,,0,12,,3997,1,,,0,27,,3997,39,4,,0,43,,4014,1,,,0,27,,4014,39,4,,0,3,,3998,1,,,0,27,,3998,39,4,,0,43,,4015,1,,,0,27,,4015,39,4,,0,3,,3999,1,,,0,27,,3999,39,4,,0,43,,4024,1,,,0,27,,4024,39,4,,0,3,,4000,1,,,0,27,,4000,39,4,,0,43,,4025,1,,,0,27,,4025,39,4,,0,11,,4001,1,,,0,73,,4001,39,4,,0,2,,4026,1,,,0,33,,4026,39,4,,0,2,,4002,1,,,0,73,,4002,39,4,,0,2,,4007,1,,,0,33,,4007,39,4,,0,42,,4003,1,,,0,33,,4003,39,4,,0,2,,4016,1,,,0,73,,4016,39,4,,0,2,,4008,1,,,0,33,,4008,39,4,,0,7,,4017,1,,,0,73,,4017,39,4,,0,12,,4009,1,,,0,68,,4009,39,4,,0,2,,4018,1,,,0,28,,4018,39,4,,0,2,,4010,1,,,0,68,,4010,39,4,,0,2,,4019,1,,,0,28,,4019,39,4,,0,2,,4011,1,,,0,68,,4011,39,4,,0,17,,4020,1,,,0,28,,4020,39,4,,0,2,,4012,1,,,0,68,,4012,39,4,,0,2,,4021,1,,,0,28,,4021,39,4,,0,2,,4013,1,,,0,68,,4013,39,4,,0,2,,4028,1,,,0,28,,4028,39,4,,0,2,,4027,1,,,0,68,,4027,39,4,,0
700,'100012',800,,4029,1,0,24 3 25,0,28,,4029,44,4,,0,72,,4030,1,0,24 3 25,0,28,,4030,44,4,,0,72,,4031,1,0,24 3 25,0,28,,4031,44,4,,0,72,,4032,1,0,24 3 25,0,28,,4032,44,4,,0,72,,4033,1,0,24 3 25,0,28,,4033,44,4,,0,87,,4034,1,0,24 3 25,0,28,,4034,44,4,,0,72,,4035,1,0,24 3 25,0,28,,4035,44,4,,0,72,,4036,1,0,24 3 25,0,28,,4036,44,4,,0,87,,4037,1,0,24 3 25,0,28,,4037,44,4,,0,72,,4038,1,0,24 3 25,0,28,,4038,44,4,,0,72,,4039,1,0,24 3 25,0,28,,4039,44,4,,0
700,'100013',800,,4040,1,0,24 3 25,0,28,,4040,44,4,,0,72,,4041,1,0,24 3 25,0,28,,4041,44,4,,0,72,,4042,1,0,24 3 25,0,28,,4042,44,4,,0,72,,4043,1,0,24 3 25,0,28,,4043,44,4,,0,72,,4044,1,0,24 3 25,0,28,,4044,44,4,,0,87,,4045,1,0,24 3 25,0,28,,4045,44,4,,0,72,,4046,1,0,24 3 25,0,28,,4046,44,4,,0,72,,4047,1,0,24 3 25,0,28,,4047,44,4,,0,87,,4048,1,0,24 3 25,0,28,,4048,44,4,,0,72,,4049,1,0,24 3 25,0,28,,4049,44,4,,0,72,,4050,1,0,24 3 25,0,28,,4050,44,4,,0
700,'100014',522,,4051,1,0,24 3 25,0,28,,4051,44,4,,0,2,,4061,1,0,24 3 25,0,68,,4061,44,4,,0,2,,4052,1,0,24 3 25,0,18,,4079,1,0,24 3 25,0,10,,4052,44,4,,0,2,,4062,1,0,24 3 25,0,56,,4079,44,4,,0,12,,4062,44,4,,0,2,,4053,1,0,24 3 25,0,28,,4053,44,4,,0,2,,4063,1,0,24 3 25,0,68,,4063,44,4,,0,12,,4072,1,0,24 3 25,0,68,,4072,44,4,,0,2,,4054,1,0,24 3 25,0,28,,4054,44,4,,0,2,,4073,1,0,24 3 25,0,68,,4073,44,4,,0,2,,4055,1,0,24 3 25,0,28,,4055,44,4,,0,2,,4080,1,0,24 3 25,0,68,,4080,44,4,,0,2,,4056,1,0,24 3 25,0,28,,4056,44,4,,0,2,,4081,1,0,24 3 25,0,68,,4081,44,4,,0,2,,4057,1,0,24 3 25,0,28,,4057,44,4,,0,10,,4082,1,0,24 3 25,0,73,,4082,44,4,,0,2,,4058,1,0,24 3 25,0,33,,4058,44,4,,0,2,,4064,1,0,24 3 25,0,73,,4064,44,4,,0,2,,4059,1,0,24 3 25,0,33,,4059,44,4,,0,42,,4065,1,0,24 3 25,0,33,,4065,44,4,,0,2,,4060,1,0,24 3 25,0,73,,4060,44,4,,0,2,,4066,1,0,24 3 25,0,33,,4066,44,4,,0,7,,4067,1,0,24 3 25,0,73,,4067,44,4,,0,12,,4074,1,0,24 3 25,0,68,,4074,44,4,,0,2,,4068,1,0,24 3 25,0,28,,4068,44,4,,0,2,,4075,1,0,24 3 25,0,68,,4075,44,4,,0,2,,4069,1,0,24 3 25,0,28,,4069,44,4,,0,2,,4076,1,0,24 3 25,0,68,,4076,44,4,,0,17,,4070,1,0,24 3 25,0,28,,4070,44,4,,0,2,,4077,1,0,24 3 25,0,68,,4077,44,4,,0,2,,4071,1,0,24 3 25,0,28,,4071,44,4,,0,2,,4078,1,0,24 3 25,0,68,,4078,44,4,,0,2,,4083,1,0,24 3 25,0,28,,4083,44,4,,0,2,,4084,1,0,24 3 25,0,68,,4084,44,4,,0
