800,'100009',604,,1117,20,0,14 3 15 7 16,0,30,,1102,20,0,14 3 15 7 16,0,70,,1118,20,0,14 3 15 7 16,0,30,,1103,20,0,14 3 15 7 16,0,70,,1119,20,0,14 3 15 7 16,0,40,,1120,20,0,14 3 15 7 16,0,69,,1104,20,0,14 3 15 7 16,0,30,,1128,20,0,14 3 15 7 16,0,70,,1105,20,0,14 3 15 7 16,0,30,,1129,20,0,14 3 15 7 16,0,70,,1106,20,0,14 3 15 7 16,0,30,,1130,20,0,14 3 15 7 16,0,70,,1107,20,0,14 3 15 7 16,0,41,,1131,20,0,14 3 15 7 16,0,75,,1108,20,0,14 3 15 7 16,0,75,,1121,20,0,14 3 15 7 16,0,35,,1109,20,0,14 3 15 7 16,0,75,,1110,20,0,14 3 15 7 16,0,35,,1122,20,0,14 3 15 7 16,0,75,,1111,20,0,14 3 15 7 16,0,80,,1123,20,0,14 3 15 7 16,0,43,,1112,20,0,14 3 15 7 16,0,70,,1124,20,0,14 3 15 7 16,0,30,,1113,20,0,14 3 15 7 16,0,70,,1125,20,0,14 3 15 7 16,0,30,,1114,20,0,14 3 15 7 16,0,85,,1126,20,0,14 3 15 7 16,0,70,,1115,20,0,14 3 15 7 16,0,30,,1127,20,0,14 3 15 7 16,0,70,,1116,20,0,14 3 15 7 16,0,28,,1133,20,0,14 3 15 7 16,0,28,,1132,20,0,14 3 15 7 16,0
800,'100010',741,,1134,20,0,14 3 15 7 16,0,100,,1135,20,0,14 3 15 7 16,0,100,,1136,20,0,14 3 15 7 16,0,100,,1137,20,0,14 3 15 7 16,0,100,,1138,20,0,14 3 15 7 16,0,115,,1139,20,0,14 3 15 7 16,0,100,,1140,20,0,14 3 15 7 16,0,100,,1141,20,0,14 3 15 7 16,0,100,,1142,20,0,14 3 15 7 16,0,155,,1143,20,0,14 3 15 7 16,0,100,,1144,20,0,14 3 15 7 16,0,100,,1145,20,0,14 3 15 7 16,0
800,'100011',741,,2819,20,0,14 3 15 7 16,0,100,,2820,20,0,14 3 15 7 16,0,100,,2821,20,0,14 3 15 7 16,0,100,,2822,20,0,14 3 15 7 16,0,100,,2823,20,0,14 3 15 7 16,0,115,,2824,20,0,14 3 15 7 16,0,100,,2825,20,0,14 3 15 7 16,0,100,,2826,20,0,14 3 15 7 16,0,100,,2827,20,0,14 3 15 7 16,0,155,,2828,20,0,14 3 15 7 16,0,100,,2829,20,0,14 3 15 7 16,0,100,,2830,20,0,14 3 15 7 16,0,100,,2831,20,0,14 3 15 7 16,0
800,'100012',741,,2832,20,0,14 3 15 7 16,0,100,,2833,20,0,14 3 15 7 16,0,100,,2834,20,0,14 3 15 7 16,0,100,,2835,20,0,14 3 15 7 16,0,100,,2836,20,0,14 3 15 7 16,0,115,,2837,20,0,14 3 15 7 16,0,100,,2838,20,0,14 3 15 7 16,0,100,,2839,20,0,14 3 15 7 16,0,100,,2840,20,0,14 3 15 7 16,0,155,,2841,20,0,14 3 15 7 16,0,100,,2842,20,0,14 3 15 7 16,0,100,,2843,20,0,14 3 15 7 16,0
800,'100013',604,,2859,20,0,14 3 15 7 16,0,30,,2844,20,0,14 3 15 7 16,0,70,,2860,20,0,14 3 15 7 16,0,30,,2845,20,0,14 3 15 7 16,0,70,,2861,20,0,14 3 15 7 16,0,40,,2862,20,0,14 3 15 7 16,0,69,,2846,20,0,14 3 15 7 16,0,30,,2870,20,0,14 3 15 7 16,0,70,,2847,20,0,14 3 15 7 16,0,30,,2871,20,0,14 3 15 7 16,0,70,,2848,20,0,14 3 15 7 16,0,30,,2872,20,0,14 3 15 7 16,0,70,,2849,20,0,14 3 15 7 16,0,41,,2873,20,0,14 3 15 7 16,0,75,,2850,20,0,14 3 15 7 16,0,75,,2863,20,0,14 3 15 7 16,0,35,,2851,20,0,14 3 15 7 16,0,75,,2852,20,0,14 3 15 7 16,0,35,,2864,20,0,14 3 15 7 16,0,75,,2853,20,0,14 3 15 7 16,0,80,,2865,20,0,14 3 15 7 16,0,43,,2854,20,0,14 3 15 7 16,0,70,,2866,20,0,14 3 15 7 16,0,30,,2855,20,0,14 3 15 7 16,0,70,,2867,20,0,14 3 15 7 16,0,30,,2856,20,0,14 3 15 7 16,0,85,,2868,20,0,14 3 15 7 16,0,70,,2857,20,0,14 3 15 7 16,0,30,,2869,20,0,14 3 15 7 16,0,70,,2858,20,0,14 3 15 7 16,0,28,,2875,20,0,14 3 15 7 16,0,28,,2874,20,0,14 3 15 7 16,0
800,'100014',604,,2891,20,0,14 3 15 7 16,0,30,,2876,20,0,14 3 15 7 16,0,70,,2892,20,0,14 3 15 7 16,0,30,,2877,20,0,14 3 15 7 16,0,70,,2893,20,0,14 3 15 7 16,0,40,,2894,20,0,14 3 15 7 16,0,69,,2878,20,0,14 3 15 7 16,0,30,,2902,20,0,14 3 15 7 16,0,70,,2879,20,0,14 3 15 7 16,0,30,,2903,20,0,14 3 15 7 16,0,70,,2880,20,0,14 3 15 7 16,0,30,,2904,20,0,14 3 15 7 16,0,70,,2881,20,0,14 3 15 7 16,0,41,,2905,20,0,14 3 15 7 16,0,75,,2882,20,0,14 3 15 7 16,0,75,,2895,20,0,14 3 15 7 16,0,35,,2883,20,0,14 3 15 7 16,0,75,,2884,20,0,14 3 15 7 16,0,35,,2896,20,0,14 3 15 7 16,0,75,,2885,20,0,14 3 15 7 16,0,80,,2897,20,0,14 3 15 7 16,0,43,,2886,20,0,14 3 15 7 16,0,70,,2898,20,0,14 3 15 7 16,0,30,,2887,20,0,14 3 15 7 16,0,70,,2899,20,0,14 3 15 7 16,0,30,,2888,20,0,14 3 15 7 16,0,85,,2900,20,0,14 3 15 7 16,0,70,,2889,20,0,14 3 15 7 16,0,30,,2901,20,0,14 3 15 7 16,0,70,,2890,20,0,14 3 15 7 16,0,28,,2907,20,0,14 3 15 7 16,0,28,,2906,20,0,14 3 15 7 16,0
800,'100015',741,,2908,20,0,14 3 15 7 16,0,100,,2909,20,0,14 3 15 7 16,0,100,,2910,20,0,14 3 15 7 16,0,100,,2911,20,0,14 3 15 7 16,0,100,,2912,20,0,14 3 15 7 16,0,115,,2913,20,0,14 3 15 7 16,0,100,,2914,20,0,14 3 15 7 16,0,100,,2915,20,0,14 3 15 7 16,0,100,,2916,20,0,14 3 15 7 16,0,155,,2917,20,0,14 3 15 7 16,0,100,,2918,20,0,14 3 15 7 16,0,100,,2919,20,0,14 3 15 7 16,0
5000,'100009',751,,1358,18,0,7 8 9 10 11,0
5000,'100013',751,,3162,18,0,7 8 9 10 11,0
5100,'100009',749,,1361,19,0,7 8 9 10 11,0
5100,'100013',749,,3165,19,0,7 8 9 10 11,0
5300,'100009',828,,1367,52,,,0
5300,'100013',828,,3171,52,,,0
1005301,'100009',1503,,1514,10,,,0
1005301,'100013',1503,,3303,10,,,0
1005301,'100014',1503,,3304,10,,,0
