700,'100009',529,,1014,12,0,24 3 25,0,30,,1024,12,0,24 3 25,0,70,,1015,12,0,24 3 25,0,18,,1042,12,0,24 3 25,0,12,,1025,12,0,24 3 25,0,70,,1016,12,0,24 3 25,0,30,,1026,12,0,24 3 25,0,80,,1035,12,0,24 3 25,0,70,,1017,12,0,24 3 25,0,30,,1036,12,0,24 3 25,0,70,,1018,12,0,24 3 25,0,30,,1043,12,0,24 3 25,0,70,,1019,12,0,24 3 25,0,30,,1044,12,0,24 3 25,0,70,,1020,12,0,24 3 25,0,40,,1045,12,0,24 3 25,0,75,,1021,12,0,24 3 25,0,35,,1027,12,0,24 3 25,0,75,,1022,12,0,24 3 25,0,75,,1028,12,0,24 3 25,0,35,,1023,12,0,24 3 25,0,75,,1029,12,0,24 3 25,0,40,,1030,12,0,24 3 25,0,83,,1037,12,0,24 3 25,0,70,,1031,12,0,24 3 25,0,30,,1038,12,0,24 3 25,0,70,,1032,12,0,24 3 25,0,30,,1039,12,0,24 3 25,0,85,,1033,12,0,24 3 25,0,30,,1040,12,0,24 3 25,0,70,,1034,12,0,24 3 25,0,30,,1041,12,0,24 3 25,0,70,,1046,12,0,24 3 25,0,30,,1047,12,0,24 3 25,0
700,'100010',807,,1048,12,0,24 3 25,0,100,,1049,12,0,24 3 25,0,100,,1050,12,0,24 3 25,0,100,,1051,12,0,24 3 25,0,100,,1052,12,0,24 3 25,0,115,,1053,12,0,24 3 25,0,100,,1054,12,0,24 3 25,0,100,,1055,12,0,24 3 25,0,115,,1056,12,0,24 3 25,0,100,,1057,12,0,24 3 25,0,100,,1058,12,0,24 3 25,0
700,'100011',807,,2717,12,0,24 3 25,0,100,,2718,12,0,24 3 25,0,100,,2719,12,0,24 3 25,0,100,,2720,12,0,24 3 25,0,100,,2721,12,0,24 3 25,0,115,,2722,12,0,24 3 25,0,100,,2723,12,0,24 3 25,0,100,,2724,12,0,24 3 25,0,115,,2725,12,0,24 3 25,0,100,,2726,12,0,24 3 25,0,100,,2727,12,0,24 3 25,0,100,,2728,12,0,24 3 25,0
700,'100012',807,,2729,12,0,24 3 25,0,100,,2730,12,0,24 3 25,0,100,,2731,12,0,24 3 25,0,100,,2732,12,0,24 3 25,0,100,,2733,12,0,24 3 25,0,115,,2734,12,0,24 3 25,0,100,,2735,12,0,24 3 25,0,100,,2736,12,0,24 3 25,0,115,,2737,12,0,24 3 25,0,100,,2738,12,0,24 3 25,0,100,,2739,12,0,24 3 25,0
700,'100013',529,,2740,12,0,24 3 25,0,30,,2750,12,0,24 3 25,0,70,,2741,12,0,24 3 25,0,18,,2768,12,0,24 3 25,0,12,,2751,12,0,24 3 25,0,70,,2742,12,0,24 3 25,0,30,,2752,12,0,24 3 25,0,80,,2761,12,0,24 3 25,0,70,,2743,12,0,24 3 25,0,30,,2762,12,0,24 3 25,0,70,,2744,12,0,24 3 25,0,30,,2769,12,0,24 3 25,0,70,,2745,12,0,24 3 25,0,30,,2770,12,0,24 3 25,0,70,,2746,12,0,24 3 25,0,40,,2771,12,0,24 3 25,0,75,,2747,12,0,24 3 25,0,35,,2753,12,0,24 3 25,0,75,,2748,12,0,24 3 25,0,75,,2754,12,0,24 3 25,0,35,,2749,12,0,24 3 25,0,75,,2755,12,0,24 3 25,0,40,,2756,12,0,24 3 25,0,83,,2763,12,0,24 3 25,0,70,,2757,12,0,24 3 25,0,30,,2764,12,0,24 3 25,0,70,,2758,12,0,24 3 25,0,30,,2765,12,0,24 3 25,0,85,,2759,12,0,24 3 25,0,30,,2766,12,0,24 3 25,0,70,,2760,12,0,24 3 25,0,30,,2767,12,0,24 3 25,0,70,,2772,12,0,24 3 25,0,30,,2773,12,0,24 3 25,0
700,'100014',529,,2774,12,0,24 3 25,0,30,,2784,12,0,24 3 25,0,70,,2775,12,0,24 3 25,0,18,,2802,12,0,24 3 25,0,12,,2785,12,0,24 3 25,0,70,,2776,12,0,24 3 25,0,30,,2786,12,0,24 3 25,0,80,,2795,12,0,24 3 25,0,70,,2777,12,0,24 3 25,0,30,,2796,12,0,24 3 25,0,70,,2778,12,0,24 3 25,0,30,,2803,12,0,24 3 25,0,70,,2779,12,0,24 3 25,0,30,,2804,12,0,24 3 25,0,70,,2780,12,0,24 3 25,0,40,,2805,12,0,24 3 25,0,75,,2781,12,0,24 3 25,0,35,,2787,12,0,24 3 25,0,75,,2782,12,0,24 3 25,0,75,,2788,12,0,24 3 25,0,35,,2783,12,0,24 3 25,0,75,,2789,12,0,24 3 25,0,40,,2790,12,0,24 3 25,0,83,,2797,12,0,24 3 25,0,70,,2791,12,0,24 3 25,0,30,,2798,12,0,24 3 25,0,70,,2792,12,0,24 3 25,0,30,,2799,12,0,24 3 25,0,85,,2793,12,0,24 3 25,0,30,,2800,12,0,24 3 25,0,70,,2794,12,0,24 3 25,0,30,,2801,12,0,24 3 25,0,70,,2806,12,0,24 3 25,0,30,,2807,12,0,24 3 25,0
700,'100015',807,,2808,12,0,24 3 25,0,100,,2809,12,0,24 3 25,0,100,,2810,12,0,24 3 25,0,100,,2811,12,0,24 3 25,0,100,,2812,12,0,24 3 25,0,115,,2813,12,0,24 3 25,0,100,,2814,12,0,24 3 25,0,100,,2815,12,0,24 3 25,0,115,,2816,12,0,24 3 25,0,100,,2817,12,0,24 3 25,0,100,,2818,12,0,24 3 25,0
800,'100009',559,,1117,11,0,14 3 15 7 16,0,70,,1102,11,0,14 3 15 7 16,0,30,,1118,11,0,14 3 15 7 16,0,70,,1103,11,0,14 3 15 7 16,0,30,,1119,11,0,14 3 15 7 16,0,80,,1120,11,0,14 3 15 7 16,0,69,,1104,11,0,14 3 15 7 16,0,30,,1128,11,0,14 3 15 7 16,0,70,,1105,11,0,14 3 15 7 16,0,30,,1129,11,0,14 3 15 7 16,0,70,,1106,11,0,14 3 15 7 16,0,30,,1130,11,0,14 3 15 7 16,0,70,,1107,11,0,14 3 15 7 16,0,40,,1131,11,0,14 3 15 7 16,0,75,,1108,11,0,14 3 15 7 16,0,35,,1121,11,0,14 3 15 7 16,0,75,,1109,11,0,14 3 15 7 16,0,75,,1110,11,0,14 3 15 7 16,0,35,,1122,11,0,14 3 15 7 16,0,75,,1111,11,0,14 3 15 7 16,0,40,,1123,11,0,14 3 15 7 16,0,84,,1112,11,0,14 3 15 7 16,0,70,,1124,11,0,14 3 15 7 16,0,30,,1113,11,0,14 3 15 7 16,0,70,,1125,11,0,14 3 15 7 16,0,30,,1114,11,0,14 3 15 7 16,0,85,,1126,11,0,14 3 15 7 16,0,30,,1115,11,0,14 3 15 7 16,0,70,,1127,11,0,14 3 15 7 16,0,30,,1116,11,0,14 3 15 7 16,0,69,,1133,11,0,14 3 15 7 16,0,28,,1132,11,0,14 3 15 7 16,0
800,'100010',737,,1134,11,0,14 3 15 7 16,0,100,,1135,11,0,14 3 15 7 16,0,100,,1136,11,0,14 3 15 7 16,0,100,,1137,11,0,14 3 15 7 16,0,100,,1138,11,0,14 3 15 7 16,0,115,,1139,11,0,14 3 15 7 16,0,100,,1140,11,0,14 3 15 7 16,0,100,,1141,11,0,14 3 15 7 16,0,100,,1142,11,0,14 3 15 7 16,0,155,,1143,11,0,14 3 15 7 16,0,100,,1144,11,0,14 3 15 7 16,0,100,,1145,11,0,14 3 15 7 16,0
800,'100011',737,,2819,11,0,14 3 15 7 16,0,100,,2820,11,0,14 3 15 7 16,0,100,,2821,11,0,14 3 15 7 16,0,100,,2822,11,0,14 3 15 7 16,0,100,,2823,11,0,14 3 15 7 16,0,115,,2824,11,0,14 3 15 7 16,0,100,,2825,11,0,14 3 15 7 16,0,100,,2826,11,0,14 3 15 7 16,0,100,,2827,11,0,14 3 15 7 16,0,155,,2828,11,0,14 3 15 7 16,0,100,,2829,11,0,14 3 15 7 16,0,100,,2830,11,0,14 3 15 7 16,0,100,,2831,11,0,14 3 15 7 16,0
800,'100012',737,,2832,11,0,14 3 15 7 16,0,100,,2833,11,0,14 3 15 7 16,0,100,,2834,11,0,14 3 15 7 16,0,100,,2835,11,0,14 3 15 7 16,0,100,,2836,11,0,14 3 15 7 16,0,115,,2837,11,0,14 3 15 7 16,0,100,,2838,11,0,14 3 15 7 16,0,100,,2839,11,0,14 3 15 7 16,0,100,,2840,11,0,14 3 15 7 16,0,155,,2841,11,0,14 3 15 7 16,0,100,,2842,11,0,14 3 15 7 16,0,100,,2843,11,0,14 3 15 7 16,0
800,'100013',559,,2859,11,0,14 3 15 7 16,0,70,,2844,11,0,14 3 15 7 16,0,30,,2860,11,0,14 3 15 7 16,0,70,,2845,11,0,14 3 15 7 16,0,30,,2861,11,0,14 3 15 7 16,0,80,,2862,11,0,14 3 15 7 16,0,69,,2846,11,0,14 3 15 7 16,0,30,,2870,11,0,14 3 15 7 16,0,70,,2847,11,0,14 3 15 7 16,0,30,,2871,11,0,14 3 15 7 16,0,70,,2848,11,0,14 3 15 7 16,0,30,,2872,11,0,14 3 15 7 16,0,70,,2849,11,0,14 3 15 7 16,0,40,,2873,11,0,14 3 15 7 16,0,75,,2850,11,0,14 3 15 7 16,0,35,,2863,11,0,14 3 15 7 16,0,75,,2851,11,0,14 3 15 7 16,0,75,,2852,11,0,14 3 15 7 16,0,35,,2864,11,0,14 3 15 7 16,0,75,,2853,11,0,14 3 15 7 16,0,40,,2865,11,0,14 3 15 7 16,0,84,,2854,11,0,14 3 15 7 16,0,70,,2866,11,0,14 3 15 7 16,0,30,,2855,11,0,14 3 15 7 16,0,70,,2867,11,0,14 3 15 7 16,0,30,,2856,11,0,14 3 15 7 16,0,85,,2868,11,0,14 3 15 7 16,0,30,,2857,11,0,14 3 15 7 16,0,70,,2869,11,0,14 3 15 7 16,0,30,,2858,11,0,14 3 15 7 16,0,69,,2875,11,0,14 3 15 7 16,0,28,,2874,11,0,14 3 15 7 16,0
800,'100014',559,,2891,11,0,14 3 15 7 16,0,70,,2876,11,0,14 3 15 7 16,0,30,,2892,11,0,14 3 15 7 16,0,70,,2877,11,0,14 3 15 7 16,0,30,,2893,11,0,14 3 15 7 16,0,80,,2894,11,0,14 3 15 7 16,0,69,,2878,11,0,14 3 15 7 16,0,30,,2902,11,0,14 3 15 7 16,0,70,,2879,11,0,14 3 15 7 16,0,30,,2903,11,0,14 3 15 7 16,0,70,,2880,11,0,14 3 15 7 16,0,30,,2904,11,0,14 3 15 7 16,0,70,,2881,11,0,14 3 15 7 16,0,40,,2905,11,0,14 3 15 7 16,0,75,,2882,11,0,14 3 15 7 16,0,35,,2895,11,0,14 3 15 7 16,0,75,,2883,11,0,14 3 15 7 16,0,75,,2884,11,0,14 3 15 7 16,0,35,,2896,11,0,14 3 15 7 16,0,75,,2885,11,0,14 3 15 7 16,0,40,,2897,11,0,14 3 15 7 16,0,84,,2886,11,0,14 3 15 7 16,0,70,,2898,11,0,14 3 15 7 16,0,30,,2887,11,0,14 3 15 7 16,0,70,,2899,11,0,14 3 15 7 16,0,30,,2888,11,0,14 3 15 7 16,0,85,,2900,11,0,14 3 15 7 16,0,30,,2889,11,0,14 3 15 7 16,0,70,,2901,11,0,14 3 15 7 16,0,30,,2890,11,0,14 3 15 7 16,0,69,,2907,11,0,14 3 15 7 16,0,28,,2906,11,0,14 3 15 7 16,0
800,'100015',737,,2908,11,0,14 3 15 7 16,0,100,,2909,11,0,14 3 15 7 16,0,100,,2910,11,0,14 3 15 7 16,0,100,,2911,11,0,14 3 15 7 16,0,100,,2912,11,0,14 3 15 7 16,0,115,,2913,11,0,14 3 15 7 16,0,100,,2914,11,0,14 3 15 7 16,0,100,,2915,11,0,14 3 15 7 16,0,100,,2916,11,0,14 3 15 7 16,0,155,,2917,11,0,14 3 15 7 16,0,100,,2918,11,0,14 3 15 7 16,0,100,,2919,11,0,14 3 15 7 16,0
