600,'100009',546,,931,33,,,0,70,,921,33,,,0,18,,949,33,,,0,12,,932,33,,,0,70,,922,33,,,0,17,,950,33,,,0,13,,933,33,,,0,70,,923,33,,,0,39,,924,33,,,0,70,,941,33,,,0,30,,925,33,,,0,70,,942,33,,,0,30,,926,33,,,0,70,,951,33,,,0,30,,927,33,,,0,70,,952,33,,,0,83,,928,33,,,0,35,,953,33,,,0,75,,929,33,,,0,35,,934,33,,,0,75,,930,33,,,0,75,,943,33,,,0,35,,935,33,,,0,80,,944,33,,,0,40,,936,33,,,0,70,,945,33,,,0,30,,937,33,,,0,70,,946,33,,,0,30,,938,33,,,0,86,,947,33,,,0,70,,939,33,,,0,30,,948,33,,,0,70,,940,33,,,0,30,,955,33,,,0,70,,954,33,,,0
600,'100010',753,,956,33,,,0,100,,957,33,,,0,100,,958,33,,,0,100,,959,33,,,0,100,,960,33,,,0,155,,961,33,,,0,100,,962,33,,,0,100,,963,33,,,0,100,,964,33,,,0,115,,965,33,,,0,100,,966,33,,,0,100,,967,33,,,0
600,'100011',753,,2610,33,,,0,100,,2611,33,,,0,100,,2612,33,,,0,100,,2613,33,,,0,100,,2614,33,,,0,155,,2615,33,,,0,100,,2616,33,,,0,100,,2617,33,,,0,100,,2618,33,,,0,115,,2619,33,,,0,100,,2620,33,,,0,100,,2621,33,,,0,100,,2622,33,,,0
600,'100012',753,,2623,33,,,0,100,,2624,33,,,0,100,,2625,33,,,0,100,,2626,33,,,0,100,,2627,33,,,0,155,,2628,33,,,0,100,,2629,33,,,0,100,,2630,33,,,0,100,,2631,33,,,0,115,,2632,33,,,0,100,,2633,33,,,0,100,,2634,33,,,0
600,'100013',546,,2645,33,,,0,70,,2635,33,,,0,18,,2663,33,,,0,12,,2646,33,,,0,70,,2636,33,,,0,17,,2664,33,,,0,13,,2647,33,,,0,70,,2637,33,,,0,39,,2638,33,,,0,70,,2655,33,,,0,30,,2639,33,,,0,70,,2656,33,,,0,30,,2640,33,,,0,70,,2665,33,,,0,30,,2641,33,,,0,70,,2666,33,,,0,83,,2642,33,,,0,35,,2667,33,,,0,75,,2643,33,,,0,35,,2648,33,,,0,75,,2644,33,,,0,75,,2657,33,,,0,35,,2649,33,,,0,80,,2658,33,,,0,40,,2650,33,,,0,70,,2659,33,,,0,30,,2651,33,,,0,70,,2660,33,,,0,30,,2652,33,,,0,86,,2661,33,,,0,70,,2653,33,,,0,30,,2662,33,,,0,70,,2654,33,,,0,30,,2669,33,,,0,70,,2668,33,,,0
600,'100014',546,,2680,33,,,0,70,,2670,33,,,0,18,,2698,33,,,0,12,,2681,33,,,0,70,,2671,33,,,0,17,,2699,33,,,0,13,,2682,33,,,0,70,,2672,33,,,0,39,,2673,33,,,0,70,,2690,33,,,0,30,,2674,33,,,0,70,,2691,33,,,0,30,,2675,33,,,0,70,,2700,33,,,0,30,,2676,33,,,0,70,,2701,33,,,0,83,,2677,33,,,0,35,,2702,33,,,0,75,,2678,33,,,0,35,,2683,33,,,0,75,,2679,33,,,0,75,,2692,33,,,0,35,,2684,33,,,0,80,,2693,33,,,0,40,,2685,33,,,0,70,,2694,33,,,0,30,,2686,33,,,0,70,,2695,33,,,0,30,,2687,33,,,0,86,,2696,33,,,0,70,,2688,33,,,0,30,,2697,33,,,0,70,,2689,33,,,0,30,,2704,33,,,0,70,,2703,33,,,0
600,'100015',753,,2705,33,,,0,100,,2706,33,,,0,100,,2707,33,,,0,100,,2708,33,,,0,100,,2709,33,,,0,155,,2710,33,,,0,100,,2711,33,,,0,100,,2712,33,,,0,100,,2713,33,,,0,115,,2714,33,,,0,100,,2715,33,,,0,100,,2716,33,,,0
5301,'100009',1602,,1369,49,,,0
5301,'100013',1602,,3173,49,,,0
1005300,'100009',807,,1513,28,,,0
1005300,'100013',807,,3301,28,,,0
1005300,'100014',807,,3302,28,,,0
