2109,'1476961',750,,764,,,0
2109,'1476962',825,,765,,,0
2109,'1476963',900,,766,,,0
2109,'1476964',935,,767,,,0
2109,'1476965',1010,,768,,,0
2109,'1476966',1045,,769,,,0
2109,'1476967',1120,,770,,,0
2109,'1476968',1155,,771,,,0
2109,'1476969',1230,,772,,,0
2109,'1476970',1305,,773,,,0
2109,'1476971',1340,,774,,,0
2109,'1476972',1415,,775,,,0
2109,'1476973',1450,,776,,,0
2109,'1476974',1525,,777,,,0
2109,'1476975',1600,,778,,,0
2109,'1476976',1635,,779,,,0
2109,'1476977',1710,,780,,,0
2109,'1476978',1750,,781,,,0
2109,'1476979',1825,,782,,,0
2109,'1476980',1900,,783,,,0
2109,'1477205',645,,784,,,0
2109,'1477206',757,,785,,,0
2109,'1477207',907,,786,,,0
2109,'1477208',1017,,787,,,0
2109,'1477209',1127,,788,,,0
2109,'1477210',1238,,789,,,0
2109,'1477211',1348,,790,,,0
2109,'1477219',1458,,798,,,0
2109,'1477220',1608,,799,,,0
2109,'1477221',1722,,800,,,0
2109,'1477222',1832,,801,,,0
2109,'1477223',1942,,802,,,0
2109,'1477224',2107,,803,,,0
2109,'1477231',612,,810,,,0
2109,'1477232',722,,811,,,0
2109,'1477233',831,,812,,,0
2109,'1477234',942,,813,,,0
2109,'1477235',1052,,814,,,0
2109,'1477236',1202,,815,,,0
2109,'1477237',1313,,816,,,0
2109,'1477238',1423,,817,,,0
2109,'1477239',1533,,818,,,0
2109,'1477240',1643,,819,,,0
2109,'1477241',1757,,820,,,0
2109,'1477242',1909,,821,,,0
2109,'1477243',2021,,822,,,0
2109,'1477244',2137,,823,,,0
2109,'1477259',2307,,838,,,0
2109,'1477260',2237,,839,,,0
2109,'1477264',2207,,843,,,0
2109,'1478077',825,,845,,,0
2109,'1478078',935,,846,,,0
2109,'1478079',1156,,847,,,0
2109,'1478080',1305,,848,,,0
2109,'1478081',1415,,849,,,0
2109,'1478082',1525,,850,,,0
2109,'1478083',1750,,851,,,0
2109,'1478091',750,,859,,,0
2109,'1478092',900,,860,,,0
2109,'1478093',1120,,861,,,0
2109,'1478094',1230,,862,,,0
2109,'1478095',1340,,863,,,0
2109,'1478096',1450,,864,,,0
2109,'1478097',1710,,865,,,0
2109,'1478098',1825,,866,,,0
2109,'1478107',1635,,875,,,0
2109,'1478108',1045,,876,,,0
2109,'1478111',1900,,879,,,0
2109,'1478113',1010,,881,,,0
2109,'1478114',1600,,882,,,0
