700,'100009',539,,1014,28,,,0,70,,1024,28,,,0,30,,1015,28,,,0,18,,1042,28,,,0,52,,1025,28,,,0,30,,1016,28,,,0,70,,1026,28,,,0,40,,1035,28,,,0,70,,1017,28,,,0,30,,1036,28,,,0,70,,1018,28,,,0,30,,1043,28,,,0,70,,1019,28,,,0,30,,1044,28,,,0,70,,1020,28,,,0,81,,1045,28,,,0,35,,1021,28,,,0,75,,1027,28,,,0,35,,1022,28,,,0,75,,1028,28,,,0,35,,1023,28,,,0,75,,1029,28,,,0,80,,1030,28,,,0,42,,1037,28,,,0,70,,1031,28,,,0,30,,1038,28,,,0,70,,1032,28,,,0,30,,1039,28,,,0,86,,1033,28,,,0,70,,1040,28,,,0,30,,1034,28,,,0,70,,1041,28,,,0,30,,1046,28,,,0,70,,1047,28,,,0
700,'100010',816,,1048,28,,,0,100,,1049,28,,,0,100,,1050,28,,,0,100,,1051,28,,,0,100,,1052,28,,,0,115,,1053,28,,,0,100,,1054,28,,,0,100,,1055,28,,,0,115,,1056,28,,,0,100,,1057,28,,,0,100,,1058,28,,,0
700,'100011',816,,2717,28,,,0,100,,2718,28,,,0,100,,2719,28,,,0,100,,2720,28,,,0,100,,2721,28,,,0,115,,2722,28,,,0,100,,2723,28,,,0,100,,2724,28,,,0,115,,2725,28,,,0,100,,2726,28,,,0,100,,2727,28,,,0,100,,2728,28,,,0
700,'100012',816,,2729,28,,,0,100,,2730,28,,,0,100,,2731,28,,,0,100,,2732,28,,,0,100,,2733,28,,,0,115,,2734,28,,,0,100,,2735,28,,,0,100,,2736,28,,,0,115,,2737,28,,,0,100,,2738,28,,,0,100,,2739,28,,,0
700,'100013',539,,2740,28,,,0,70,,2750,28,,,0,30,,2741,28,,,0,18,,2768,28,,,0,52,,2751,28,,,0,30,,2742,28,,,0,70,,2752,28,,,0,40,,2761,28,,,0,70,,2743,28,,,0,30,,2762,28,,,0,70,,2744,28,,,0,30,,2769,28,,,0,70,,2745,28,,,0,30,,2770,28,,,0,70,,2746,28,,,0,81,,2771,28,,,0,35,,2747,28,,,0,75,,2753,28,,,0,35,,2748,28,,,0,75,,2754,28,,,0,35,,2749,28,,,0,75,,2755,28,,,0,80,,2756,28,,,0,42,,2763,28,,,0,70,,2757,28,,,0,30,,2764,28,,,0,70,,2758,28,,,0,30,,2765,28,,,0,86,,2759,28,,,0,70,,2766,28,,,0,30,,2760,28,,,0,70,,2767,28,,,0,30,,2772,28,,,0,70,,2773,28,,,0
700,'100014',539,,2774,28,,,0,70,,2784,28,,,0,30,,2775,28,,,0,18,,2802,28,,,0,52,,2785,28,,,0,30,,2776,28,,,0,70,,2786,28,,,0,40,,2795,28,,,0,70,,2777,28,,,0,30,,2796,28,,,0,70,,2778,28,,,0,30,,2803,28,,,0,70,,2779,28,,,0,30,,2804,28,,,0,70,,2780,28,,,0,81,,2805,28,,,0,35,,2781,28,,,0,75,,2787,28,,,0,35,,2782,28,,,0,75,,2788,28,,,0,35,,2783,28,,,0,75,,2789,28,,,0,80,,2790,28,,,0,42,,2797,28,,,0,70,,2791,28,,,0,30,,2798,28,,,0,70,,2792,28,,,0,30,,2799,28,,,0,86,,2793,28,,,0,70,,2800,28,,,0,30,,2794,28,,,0,70,,2801,28,,,0,30,,2806,28,,,0,70,,2807,28,,,0
700,'100015',816,,2808,28,,,0,100,,2809,28,,,0,100,,2810,28,,,0,100,,2811,28,,,0,100,,2812,28,,,0,115,,2813,28,,,0,100,,2814,28,,,0,100,,2815,28,,,0,115,,2816,28,,,0,100,,2817,28,,,0,100,,2818,28,,,0
5100,'100009',744,,1361,12,0,7 8 9 10 11,0
5100,'100013',744,,3165,12,0,7 8 9 10 11,0
5101,'100009',1445,,1363,19,0,5 28,0,75,,1362,34,0,26 3 27,0
5101,'100013',1445,,3167,19,0,5 28,0,75,,3166,34,0,26 3 27,0
