800,'100009',603,,1117,16,0,14 3 15 7 16,0,30,,1102,16,0,14 3 15 7 16,0,70,,1118,16,0,14 3 15 7 16,0,30,,1103,16,0,14 3 15 7 16,0,70,,1119,16,0,14 3 15 7 16,0,40,,1120,16,0,14 3 15 7 16,0,69,,1104,16,0,14 3 15 7 16,0,30,,1128,16,0,14 3 15 7 16,0,70,,1105,16,0,14 3 15 7 16,0,30,,1129,16,0,14 3 15 7 16,0,70,,1106,16,0,14 3 15 7 16,0,30,,1130,16,0,14 3 15 7 16,0,70,,1107,16,0,14 3 15 7 16,0,40,,1131,16,0,14 3 15 7 16,0,75,,1108,16,0,14 3 15 7 16,0,75,,1121,16,0,14 3 15 7 16,0,35,,1109,16,0,14 3 15 7 16,0,75,,1110,16,0,14 3 15 7 16,0,35,,1122,16,0,14 3 15 7 16,0,75,,1111,16,0,14 3 15 7 16,0,80,,1123,16,0,14 3 15 7 16,0,44,,1112,16,0,14 3 15 7 16,0,70,,1124,16,0,14 3 15 7 16,0,30,,1113,16,0,14 3 15 7 16,0,70,,1125,16,0,14 3 15 7 16,0,30,,1114,16,0,14 3 15 7 16,0,85,,1126,16,0,14 3 15 7 16,0,70,,1115,16,0,14 3 15 7 16,0,30,,1127,16,0,14 3 15 7 16,0,70,,1116,16,0,14 3 15 7 16,0,28,,1133,16,0,14 3 15 7 16,0,28,,1132,16,0,14 3 15 7 16,0
800,'100010',739,,1134,16,0,14 3 15 7 16,0,100,,1135,16,0,14 3 15 7 16,0,100,,1136,16,0,14 3 15 7 16,0,100,,1137,16,0,14 3 15 7 16,0,100,,1138,16,0,14 3 15 7 16,0,115,,1139,16,0,14 3 15 7 16,0,100,,1140,16,0,14 3 15 7 16,0,100,,1141,16,0,14 3 15 7 16,0,100,,1142,16,0,14 3 15 7 16,0,155,,1143,16,0,14 3 15 7 16,0,100,,1144,16,0,14 3 15 7 16,0,100,,1145,16,0,14 3 15 7 16,0
800,'100011',739,,2819,16,0,14 3 15 7 16,0,100,,2820,16,0,14 3 15 7 16,0,100,,2821,16,0,14 3 15 7 16,0,100,,2822,16,0,14 3 15 7 16,0,100,,2823,16,0,14 3 15 7 16,0,115,,2824,16,0,14 3 15 7 16,0,100,,2825,16,0,14 3 15 7 16,0,100,,2826,16,0,14 3 15 7 16,0,100,,2827,16,0,14 3 15 7 16,0,155,,2828,16,0,14 3 15 7 16,0,100,,2829,16,0,14 3 15 7 16,0,100,,2830,16,0,14 3 15 7 16,0,100,,2831,16,0,14 3 15 7 16,0
800,'100012',739,,2832,16,0,14 3 15 7 16,0,100,,2833,16,0,14 3 15 7 16,0,100,,2834,16,0,14 3 15 7 16,0,100,,2835,16,0,14 3 15 7 16,0,100,,2836,16,0,14 3 15 7 16,0,115,,2837,16,0,14 3 15 7 16,0,100,,2838,16,0,14 3 15 7 16,0,100,,2839,16,0,14 3 15 7 16,0,100,,2840,16,0,14 3 15 7 16,0,155,,2841,16,0,14 3 15 7 16,0,100,,2842,16,0,14 3 15 7 16,0,100,,2843,16,0,14 3 15 7 16,0
800,'100013',603,,2859,16,0,14 3 15 7 16,0,30,,2844,16,0,14 3 15 7 16,0,70,,2860,16,0,14 3 15 7 16,0,30,,2845,16,0,14 3 15 7 16,0,70,,2861,16,0,14 3 15 7 16,0,40,,2862,16,0,14 3 15 7 16,0,69,,2846,16,0,14 3 15 7 16,0,30,,2870,16,0,14 3 15 7 16,0,70,,2847,16,0,14 3 15 7 16,0,30,,2871,16,0,14 3 15 7 16,0,70,,2848,16,0,14 3 15 7 16,0,30,,2872,16,0,14 3 15 7 16,0,70,,2849,16,0,14 3 15 7 16,0,40,,2873,16,0,14 3 15 7 16,0,75,,2850,16,0,14 3 15 7 16,0,75,,2863,16,0,14 3 15 7 16,0,35,,2851,16,0,14 3 15 7 16,0,75,,2852,16,0,14 3 15 7 16,0,35,,2864,16,0,14 3 15 7 16,0,75,,2853,16,0,14 3 15 7 16,0,80,,2865,16,0,14 3 15 7 16,0,44,,2854,16,0,14 3 15 7 16,0,70,,2866,16,0,14 3 15 7 16,0,30,,2855,16,0,14 3 15 7 16,0,70,,2867,16,0,14 3 15 7 16,0,30,,2856,16,0,14 3 15 7 16,0,85,,2868,16,0,14 3 15 7 16,0,70,,2857,16,0,14 3 15 7 16,0,30,,2869,16,0,14 3 15 7 16,0,70,,2858,16,0,14 3 15 7 16,0,28,,2875,16,0,14 3 15 7 16,0,28,,2874,16,0,14 3 15 7 16,0
800,'100014',603,,2891,16,0,14 3 15 7 16,0,30,,2876,16,0,14 3 15 7 16,0,70,,2892,16,0,14 3 15 7 16,0,30,,2877,16,0,14 3 15 7 16,0,70,,2893,16,0,14 3 15 7 16,0,40,,2894,16,0,14 3 15 7 16,0,69,,2878,16,0,14 3 15 7 16,0,30,,2902,16,0,14 3 15 7 16,0,70,,2879,16,0,14 3 15 7 16,0,30,,2903,16,0,14 3 15 7 16,0,70,,2880,16,0,14 3 15 7 16,0,30,,2904,16,0,14 3 15 7 16,0,70,,2881,16,0,14 3 15 7 16,0,40,,2905,16,0,14 3 15 7 16,0,75,,2882,16,0,14 3 15 7 16,0,75,,2895,16,0,14 3 15 7 16,0,35,,2883,16,0,14 3 15 7 16,0,75,,2884,16,0,14 3 15 7 16,0,35,,2896,16,0,14 3 15 7 16,0,75,,2885,16,0,14 3 15 7 16,0,80,,2897,16,0,14 3 15 7 16,0,44,,2886,16,0,14 3 15 7 16,0,70,,2898,16,0,14 3 15 7 16,0,30,,2887,16,0,14 3 15 7 16,0,70,,2899,16,0,14 3 15 7 16,0,30,,2888,16,0,14 3 15 7 16,0,85,,2900,16,0,14 3 15 7 16,0,70,,2889,16,0,14 3 15 7 16,0,30,,2901,16,0,14 3 15 7 16,0,70,,2890,16,0,14 3 15 7 16,0,28,,2907,16,0,14 3 15 7 16,0,28,,2906,16,0,14 3 15 7 16,0
800,'100015',739,,2908,16,0,14 3 15 7 16,0,100,,2909,16,0,14 3 15 7 16,0,100,,2910,16,0,14 3 15 7 16,0,100,,2911,16,0,14 3 15 7 16,0,100,,2912,16,0,14 3 15 7 16,0,115,,2913,16,0,14 3 15 7 16,0,100,,2914,16,0,14 3 15 7 16,0,100,,2915,16,0,14 3 15 7 16,0,100,,2916,16,0,14 3 15 7 16,0,155,,2917,16,0,14 3 15 7 16,0,100,,2918,16,0,14 3 15 7 16,0,100,,2919,16,0,14 3 15 7 16,0
5000,'100009',749,,1358,14,0,7 8 9 10 11,0
5000,'100013',749,,3162,14,0,7 8 9 10 11,0
5100,'100009',747,,1361,15,0,7 8 9 10 11,0
5100,'100013',747,,3165,15,0,7 8 9 10 11,0
5101,'100009',1503,,1362,11,0,7 8 9 10 11,0
5101,'100013',1503,,3166,11,0,7 8 9 10 11,0
5300,'100009',826,,1367,48,,,0
5300,'100013',826,,3171,48,,,0
1005301,'100009',1501,,1514,6,,,0
1005301,'100013',1501,,3303,6,,,0
1005301,'100014',1501,,3304,6,,,0
