400,'100009',532,,749,16,0,17 3 15 7 16,0,70,,728,16,0,17 3 15 7 16,0,30,,720,16,0,17 3 15 7 16,0,18,,747,16,0,17 3 15 7 16,0,52,,729,16,0,17 3 15 7 16,0,30,,721,16,0,17 3 15 7 16,0,70,,730,16,0,17 3 15 7 16,0,40,,722,16,0,17 3 15 7 16,0,69,,748,16,0,17 3 15 7 16,0,31,,723,16,0,17 3 15 7 16,0,70,,744,16,0,17 3 15 7 16,0,30,,724,16,0,17 3 15 7 16,0,70,,745,16,0,17 3 15 7 16,0,30,,725,16,0,17 3 15 7 16,0,70,,746,16,0,17 3 15 7 16,0,38,,726,16,0,17 3 15 7 16,0,75,,751,16,0,17 3 15 7 16,0,75,,727,16,0,17 3 15 7 16,0,35,,731,16,0,17 3 15 7 16,0,75,,750,16,0,17 3 15 7 16,0,35,,732,16,0,17 3 15 7 16,0,75,,733,16,0,17 3 15 7 16,0,80,,739,16,0,17 3 15 7 16,0,45,,734,16,0,17 3 15 7 16,0,70,,740,16,0,17 3 15 7 16,0,30,,735,16,0,17 3 15 7 16,0,70,,741,16,0,17 3 15 7 16,0,30,,736,16,0,17 3 15 7 16,0,85,,742,16,0,17 3 15 7 16,0,70,,737,16,0,17 3 15 7 16,0,30,,743,16,0,17 3 15 7 16,0,70,,738,16,0,17 3 15 7 16,0,30,,752,16,0,17 3 15 7 16,0,70,,753,16,0,17 3 15 7 16,0
400,'100010',740,,754,16,0,17 3 15 7 16,0,70,,767,16,0,17 3 15 7 16,0,30,,755,16,0,17 3 15 7 16,0,70,,768,16,0,17 3 15 7 16,0,30,,756,16,0,17 3 15 7 16,0,70,,769,16,0,17 3 15 7 16,0,30,,757,16,0,17 3 15 7 16,0,70,,770,16,0,17 3 15 7 16,0,30,,758,16,0,17 3 15 7 16,0,70,,771,16,0,17 3 15 7 16,0,45,,759,16,0,17 3 15 7 16,0,70,,772,16,0,17 3 15 7 16,0,30,,760,16,0,17 3 15 7 16,0,70,,773,16,0,17 3 15 7 16,0,30,,761,16,0,17 3 15 7 16,0,70,,774,16,0,17 3 15 7 16,0,30,,762,16,0,17 3 15 7 16,0,85,,775,16,0,17 3 15 7 16,0,70,,763,16,0,17 3 15 7 16,0,30,,776,16,0,17 3 15 7 16,0,70,,764,16,0,17 3 15 7 16,0,30,,766,16,0,17 3 15 7 16,0,70,,765,16,0,17 3 15 7 16,0
400,'100011',740,,2373,16,0,17 3 15 7 16,0,70,,2386,16,0,17 3 15 7 16,0,30,,2374,16,0,17 3 15 7 16,0,70,,2387,16,0,17 3 15 7 16,0,30,,2375,16,0,17 3 15 7 16,0,70,,2388,16,0,17 3 15 7 16,0,30,,2376,16,0,17 3 15 7 16,0,70,,2389,16,0,17 3 15 7 16,0,30,,2377,16,0,17 3 15 7 16,0,70,,2390,16,0,17 3 15 7 16,0,45,,2378,16,0,17 3 15 7 16,0,70,,2391,16,0,17 3 15 7 16,0,30,,2379,16,0,17 3 15 7 16,0,70,,2392,16,0,17 3 15 7 16,0,30,,2380,16,0,17 3 15 7 16,0,70,,2393,16,0,17 3 15 7 16,0,30,,2381,16,0,17 3 15 7 16,0,85,,2394,16,0,17 3 15 7 16,0,70,,2382,16,0,17 3 15 7 16,0,30,,2395,16,0,17 3 15 7 16,0,70,,2383,16,0,17 3 15 7 16,0,30,,2385,16,0,17 3 15 7 16,0,70,,2384,16,0,17 3 15 7 16,0,30,,2396,16,0,17 3 15 7 16,0,70,,2397,16,0,17 3 15 7 16,0
400,'100012',740,,2398,16,0,17 3 15 7 16,0,70,,2411,16,0,17 3 15 7 16,0,30,,2399,16,0,17 3 15 7 16,0,70,,2412,16,0,17 3 15 7 16,0,30,,2400,16,0,17 3 15 7 16,0,70,,2413,16,0,17 3 15 7 16,0,30,,2401,16,0,17 3 15 7 16,0,70,,2414,16,0,17 3 15 7 16,0,30,,2402,16,0,17 3 15 7 16,0,70,,2415,16,0,17 3 15 7 16,0,45,,2403,16,0,17 3 15 7 16,0,70,,2416,16,0,17 3 15 7 16,0,30,,2404,16,0,17 3 15 7 16,0,70,,2417,16,0,17 3 15 7 16,0,30,,2405,16,0,17 3 15 7 16,0,70,,2418,16,0,17 3 15 7 16,0,30,,2406,16,0,17 3 15 7 16,0,85,,2419,16,0,17 3 15 7 16,0,70,,2407,16,0,17 3 15 7 16,0,30,,2420,16,0,17 3 15 7 16,0,70,,2408,16,0,17 3 15 7 16,0,30,,2410,16,0,17 3 15 7 16,0,70,,2409,16,0,17 3 15 7 16,0
400,'100013',532,,2450,16,0,17 3 15 7 16,0,70,,2429,16,0,17 3 15 7 16,0,30,,2421,16,0,17 3 15 7 16,0,18,,2448,16,0,17 3 15 7 16,0,52,,2430,16,0,17 3 15 7 16,0,30,,2422,16,0,17 3 15 7 16,0,70,,2431,16,0,17 3 15 7 16,0,40,,2423,16,0,17 3 15 7 16,0,69,,2449,16,0,17 3 15 7 16,0,31,,2424,16,0,17 3 15 7 16,0,70,,2445,16,0,17 3 15 7 16,0,30,,2425,16,0,17 3 15 7 16,0,70,,2446,16,0,17 3 15 7 16,0,30,,2426,16,0,17 3 15 7 16,0,70,,2447,16,0,17 3 15 7 16,0,38,,2427,16,0,17 3 15 7 16,0,75,,2452,16,0,17 3 15 7 16,0,75,,2428,16,0,17 3 15 7 16,0,35,,2432,16,0,17 3 15 7 16,0,75,,2451,16,0,17 3 15 7 16,0,35,,2433,16,0,17 3 15 7 16,0,75,,2434,16,0,17 3 15 7 16,0,80,,2440,16,0,17 3 15 7 16,0,45,,2435,16,0,17 3 15 7 16,0,70,,2441,16,0,17 3 15 7 16,0,30,,2436,16,0,17 3 15 7 16,0,70,,2442,16,0,17 3 15 7 16,0,30,,2437,16,0,17 3 15 7 16,0,85,,2443,16,0,17 3 15 7 16,0,70,,2438,16,0,17 3 15 7 16,0,30,,2444,16,0,17 3 15 7 16,0,70,,2439,16,0,17 3 15 7 16,0,30,,2453,16,0,17 3 15 7 16,0,70,,2454,16,0,17 3 15 7 16,0
400,'100014',532,,2484,16,0,17 3 15 7 16,0,70,,2463,16,0,17 3 15 7 16,0,30,,2455,16,0,17 3 15 7 16,0,18,,2482,16,0,17 3 15 7 16,0,52,,2464,16,0,17 3 15 7 16,0,30,,2456,16,0,17 3 15 7 16,0,70,,2465,16,0,17 3 15 7 16,0,40,,2457,16,0,17 3 15 7 16,0,69,,2483,16,0,17 3 15 7 16,0,31,,2458,16,0,17 3 15 7 16,0,70,,2479,16,0,17 3 15 7 16,0,30,,2459,16,0,17 3 15 7 16,0,70,,2480,16,0,17 3 15 7 16,0,30,,2460,16,0,17 3 15 7 16,0,70,,2481,16,0,17 3 15 7 16,0,38,,2461,16,0,17 3 15 7 16,0,75,,2486,16,0,17 3 15 7 16,0,75,,2462,16,0,17 3 15 7 16,0,35,,2466,16,0,17 3 15 7 16,0,75,,2485,16,0,17 3 15 7 16,0,35,,2467,16,0,17 3 15 7 16,0,75,,2468,16,0,17 3 15 7 16,0,80,,2474,16,0,17 3 15 7 16,0,45,,2469,16,0,17 3 15 7 16,0,70,,2475,16,0,17 3 15 7 16,0,30,,2470,16,0,17 3 15 7 16,0,70,,2476,16,0,17 3 15 7 16,0,30,,2471,16,0,17 3 15 7 16,0,85,,2477,16,0,17 3 15 7 16,0,70,,2472,16,0,17 3 15 7 16,0,30,,2478,16,0,17 3 15 7 16,0,70,,2473,16,0,17 3 15 7 16,0,30,,2487,16,0,17 3 15 7 16,0,70,,2488,16,0,17 3 15 7 16,0
400,'100015',740,,2489,16,0,17 3 15 7 16,0,70,,2490,16,0,17 3 15 7 16,0,30,,2491,16,0,17 3 15 7 16,0,70,,2492,16,0,17 3 15 7 16,0,30,,2493,16,0,17 3 15 7 16,0,70,,2494,16,0,17 3 15 7 16,0,30,,2495,16,0,17 3 15 7 16,0,70,,2496,16,0,17 3 15 7 16,0,30,,2497,16,0,17 3 15 7 16,0,70,,2498,16,0,17 3 15 7 16,0,45,,2499,16,0,17 3 15 7 16,0,70,,2500,16,0,17 3 15 7 16,0,30,,2501,16,0,17 3 15 7 16,0,70,,2502,16,0,17 3 15 7 16,0,30,,2503,16,0,17 3 15 7 16,0,70,,2504,16,0,17 3 15 7 16,0,30,,2505,16,0,17 3 15 7 16,0,85,,2507,16,0,17 3 15 7 16,0,70,,2508,16,0,17 3 15 7 16,0,30,,2509,16,0,17 3 15 7 16,0,70,,2510,16,0,17 3 15 7 16,0,30,,2511,16,0,17 3 15 7 16,0,70,,2506,16,0,17 3 15 7 16,0
5201,'100009',746,,1365,30,0,7 8 9,0
5201,'100013',746,,3169,30,0,7 8 9,0
5400,'100009',740,,1370,30,0,7 18,0
5400,'100013',740,,3174,30,0,7 18,0
