400,'100009',544,,749,34,,,0,70,,728,34,,,0,30,,720,34,,,0,57,,747,34,,,0,13,,729,34,,,0,30,,721,34,,,0,70,,730,34,,,0,40,,722,34,,,0,69,,748,34,,,0,31,,723,34,,,0,70,,744,34,,,0,30,,724,34,,,0,70,,745,34,,,0,30,,725,34,,,0,70,,746,34,,,0,79,,726,34,,,0,35,,751,34,,,0,75,,727,34,,,0,35,,731,34,,,0,75,,750,34,,,0,35,,732,34,,,0,75,,733,34,,,0,80,,739,34,,,0,43,,734,34,,,0,70,,740,34,,,0,30,,735,34,,,0,70,,741,34,,,0,30,,736,34,,,0,85,,742,34,,,0,70,,737,34,,,0,30,,743,34,,,0,70,,738,34,,,0,30,,752,34,,,0,70,,753,34,,,0
400,'100010',751,,754,34,,,0,70,,767,34,,,0,30,,755,34,,,0,70,,768,34,,,0,30,,756,34,,,0,70,,769,34,,,0,30,,757,34,,,0,70,,770,34,,,0,30,,758,34,,,0,70,,771,34,,,0,85,,759,34,,,0,30,,772,34,,,0,70,,760,34,,,0,30,,773,34,,,0,70,,761,34,,,0,30,,774,34,,,0,70,,762,34,,,0,45,,775,34,,,0,70,,763,34,,,0,30,,776,34,,,0,70,,764,34,,,0,30,,766,34,,,0,70,,765,34,,,0
400,'100011',751,,2373,34,,,0,70,,2386,34,,,0,30,,2374,34,,,0,70,,2387,34,,,0,30,,2375,34,,,0,70,,2388,34,,,0,30,,2376,34,,,0,70,,2389,34,,,0,30,,2377,34,,,0,70,,2390,34,,,0,85,,2378,34,,,0,30,,2391,34,,,0,70,,2379,34,,,0,30,,2392,34,,,0,70,,2380,34,,,0,30,,2393,34,,,0,70,,2381,34,,,0,45,,2394,34,,,0,70,,2382,34,,,0,30,,2395,34,,,0,70,,2383,34,,,0,30,,2385,34,,,0,70,,2384,34,,,0,30,,2396,34,,,0,70,,2397,34,,,0
400,'100012',751,,2398,34,,,0,70,,2411,34,,,0,30,,2399,34,,,0,70,,2412,34,,,0,30,,2400,34,,,0,70,,2413,34,,,0,30,,2401,34,,,0,70,,2414,34,,,0,30,,2402,34,,,0,70,,2415,34,,,0,85,,2403,34,,,0,30,,2416,34,,,0,70,,2404,34,,,0,30,,2417,34,,,0,70,,2405,34,,,0,30,,2418,34,,,0,70,,2406,34,,,0,45,,2419,34,,,0,70,,2407,34,,,0,30,,2420,34,,,0,70,,2408,34,,,0,30,,2410,34,,,0,70,,2409,34,,,0
400,'100013',544,,2450,34,,,0,70,,2429,34,,,0,30,,2421,34,,,0,57,,2448,34,,,0,13,,2430,34,,,0,30,,2422,34,,,0,70,,2431,34,,,0,40,,2423,34,,,0,69,,2449,34,,,0,31,,2424,34,,,0,70,,2445,34,,,0,30,,2425,34,,,0,70,,2446,34,,,0,30,,2426,34,,,0,70,,2447,34,,,0,79,,2427,34,,,0,35,,2452,34,,,0,75,,2428,34,,,0,35,,2432,34,,,0,75,,2451,34,,,0,35,,2433,34,,,0,75,,2434,34,,,0,80,,2440,34,,,0,43,,2435,34,,,0,70,,2441,34,,,0,30,,2436,34,,,0,70,,2442,34,,,0,30,,2437,34,,,0,85,,2443,34,,,0,70,,2438,34,,,0,30,,2444,34,,,0,70,,2439,34,,,0,30,,2453,34,,,0,70,,2454,34,,,0
400,'100014',544,,2484,34,,,0,70,,2463,34,,,0,30,,2455,34,,,0,57,,2482,34,,,0,13,,2464,34,,,0,30,,2456,34,,,0,70,,2465,34,,,0,40,,2457,34,,,0,69,,2483,34,,,0,31,,2458,34,,,0,70,,2479,34,,,0,30,,2459,34,,,0,70,,2480,34,,,0,30,,2460,34,,,0,70,,2481,34,,,0,79,,2461,34,,,0,35,,2486,34,,,0,75,,2462,34,,,0,35,,2466,34,,,0,75,,2485,34,,,0,35,,2467,34,,,0,75,,2468,34,,,0,80,,2474,34,,,0,43,,2469,34,,,0,70,,2475,34,,,0,30,,2470,34,,,0,70,,2476,34,,,0,30,,2471,34,,,0,85,,2477,34,,,0,70,,2472,34,,,0,30,,2478,34,,,0,70,,2473,34,,,0,30,,2487,34,,,0,70,,2488,34,,,0
400,'100015',751,,2489,34,,,0,70,,2490,34,,,0,30,,2491,34,,,0,70,,2492,34,,,0,30,,2493,34,,,0,70,,2494,34,,,0,30,,2495,34,,,0,70,,2496,34,,,0,30,,2497,34,,,0,70,,2498,34,,,0,85,,2499,34,,,0,30,,2500,34,,,0,70,,2501,34,,,0,30,,2502,34,,,0,70,,2503,34,,,0,30,,2504,34,,,0,70,,2505,34,,,0,45,,2507,34,,,0,70,,2508,34,,,0,30,,2509,34,,,0,70,,2510,34,,,0,30,,2511,34,,,0,70,,2506,34,,,0
5201,'100009',1534,,1366,21,0,5 6,0
5201,'100013',1534,,3170,21,0,5 6,0
5401,'100009',1453,,1371,18,0,7 18,0
5401,'100013',1453,,3175,18,0,7 18,0
