2019,'1476981',744,,160,,,0
2019,'1476982',814,,161,,,0
2019,'1476983',844,,162,,,0
2019,'1476984',914,,163,,,0
2019,'1476985',944,,164,,,0
2019,'1476986',1014,,165,,,0
2019,'1476987',1044,,166,,,0
2019,'1476988',1114,,167,,,0
2019,'1476989',1144,,168,,,0
2019,'1476990',1214,,169,,,0
2019,'1476991',1259,,170,,,0
2019,'1476992',1329,,171,,,0
2019,'1476993',1359,,172,,,0
2019,'1476994',1429,,173,,,0
2019,'1476995',1459,,174,,,0
2019,'1476996',1529,,175,,,0
2019,'1476997',1559,,176,,,0
2019,'1476998',1914,,177,,,0
2019,'1476999',1644,,178,,,0
2019,'1477000',1714,,179,,,0
2019,'1477001',1744,,180,,,0
2019,'1477002',1814,,181,,,0
2019,'1477003',1844,,182,,,0
2019,'1477147',606,,215,,,0
2019,'1477148',706,,216,,,0
2019,'1477149',806,,217,,,0
2019,'1477150',916,,218,,,0
2019,'1477151',1016,,219,,,0
2019,'1477152',1116,,220,,,0
2019,'1477153',1216,,221,,,0
2019,'1477154',1331,,222,,,0
2019,'1477156',636,,224,,,0
2019,'1477157',736,,225,,,0
2019,'1477158',846,,226,,,0
2019,'1477159',946,,227,,,0
2019,'1477160',1046,,228,,,0
2019,'1477161',1146,,229,,,0
2019,'1477162',1256,,230,,,0
2019,'1477163',1406,,231,,,0
2019,'1477173',1516,,241,,,0
2019,'1477174',1626,,242,,,0
2019,'1477175',1706,,243,,,0
2019,'1477176',1820,,244,,,0
2019,'1477177',1920,,245,,,0
2019,'1477178',2035,,246,,,0
2019,'1477179',2135,,247,,,0
2019,'1477187',1441,,255,,,0
2019,'1477188',1551,,256,,,0
2019,'1477189',1750,,257,,,0
2019,'1477190',1850,,258,,,0
2019,'1477191',1950,,259,,,0
2019,'1477192',2105,,260,,,0
2019,'1477193',2205,,261,,,0
2019,'1477200',2235,,268,,,0
2019,'1477201',2307,,269,,,0
2019,'1477769',1144,,273,,,0
2019,'1477770',1714,,274,,,0
2019,'1477771',1844,,275,,,0
2019,'1477772',1814,,276,,,0
2019,'1477773',1744,,277,,,0
2019,'1477774',744,,278,,,0
2019,'1477775',844,,279,,,0
2019,'1477776',1014,,280,,,0
2019,'1477777',944,,281,,,0
2019,'1477778',814,,282,,,0
2019,'1477779',1044,,283,,,0
2019,'1477780',1114,,284,,,0
2019,'1477781',1914,,285,,,0
2019,'1477782',1214,,286,,,0
2019,'1477783',1259,,287,,,0
2019,'1477784',1329,,288,,,0
2019,'1477785',1359,,289,,,0
2019,'1477786',1429,,290,,,0
2019,'1477787',1459,,291,,,0
2019,'1477788',914,,292,,,0
2019,'1477789',1559,,293,,,0
2019,'1477790',1644,,294,,,0
2019,'1477791',1529,,295,,,0
