2019,'1476981',736,,160,0,12 13,0
2019,'1476982',806,,161,0,12 13,0
2019,'1476983',836,,162,0,12 13,0
2019,'1476984',906,,163,0,12 13,0
2019,'1476985',936,,164,0,12 13,0
2019,'1476986',1006,,165,0,12 13,0
2019,'1476987',1036,,166,0,12 13,0
2019,'1476988',1106,,167,0,12 13,0
2019,'1476989',1136,,168,0,12 13,0
2019,'1476990',1206,,169,0,12 13,0
2019,'1476991',1251,,170,0,12 13,0
2019,'1476992',1321,,171,0,12 13,0
2019,'1476993',1351,,172,0,12 13,0
2019,'1476994',1421,,173,0,12 13,0
2019,'1476995',1451,,174,0,12 13,0
2019,'1476996',1521,,175,0,12 13,0
2019,'1476997',1551,,176,0,12 13,0
2019,'1476998',1906,,177,0,12 13,0
2019,'1476999',1636,,178,0,12 13,0
2019,'1477000',1706,,179,0,12 13,0
2019,'1477001',1736,,180,0,12 13,0
2019,'1477002',1806,,181,0,12 13,0
2019,'1477003',1836,,182,0,12 13,0
2019,'1477147',558,,215,0,12 13,0
2019,'1477148',658,,216,0,12 13,0
2019,'1477149',758,,217,0,12 13,0
2019,'1477150',908,,218,0,12 13,0
2019,'1477151',1008,,219,0,12 13,0
2019,'1477152',1108,,220,0,12 13,0
2019,'1477153',1208,,221,0,12 13,0
2019,'1477154',1322,,222,0,12 13,0
2019,'1477156',628,,224,0,12 13,0
2019,'1477157',728,,225,0,12 13,0
2019,'1477158',838,,226,0,12 13,0
2019,'1477159',938,,227,0,12 13,0
2019,'1477160',1038,,228,0,12 13,0
2019,'1477161',1138,,229,0,12 13,0
2019,'1477162',1247,,230,0,12 13,0
2019,'1477163',1357,,231,0,12 13,0
2019,'1477173',1507,,241,0,12 13,0
2019,'1477174',1617,,242,0,12 13,0
2019,'1477175',1657,,243,0,12 13,0
2019,'1477176',1812,,244,0,12 13,0
2019,'1477177',1912,,245,0,12 13,0
2019,'1477178',2027,,246,0,12 13,0
2019,'1477179',2127,,247,0,12 13,0
2019,'1477187',1432,,255,0,12 13,0
2019,'1477188',1542,,256,0,12 13,0
2019,'1477189',1742,,257,0,12 13,0
2019,'1477190',1842,,258,0,12 13,0
2019,'1477191',1942,,259,0,12 13,0
2019,'1477192',2057,,260,0,12 13,0
2019,'1477193',2157,,261,0,12 13,0
2019,'1477200',2227,,268,0,12 13,0
2019,'1477201',2257,,269,0,12 13,0
2019,'1477769',1136,,273,0,12 13,0
2019,'1477770',1706,,274,0,12 13,0
2019,'1477771',1836,,275,0,12 13,0
2019,'1477772',1806,,276,0,12 13,0
2019,'1477773',1736,,277,0,12 13,0
2019,'1477774',736,,278,0,12 13,0
2019,'1477775',836,,279,0,12 13,0
2019,'1477776',1006,,280,0,12 13,0
2019,'1477777',936,,281,0,12 13,0
2019,'1477778',806,,282,0,12 13,0
2019,'1477779',1036,,283,0,12 13,0
2019,'1477780',1106,,284,0,12 13,0
2019,'1477781',1906,,285,0,12 13,0
2019,'1477782',1206,,286,0,12 13,0
2019,'1477783',1251,,287,0,12 13,0
2019,'1477784',1321,,288,0,12 13,0
2019,'1477785',1351,,289,0,12 13,0
2019,'1477786',1421,,290,0,12 13,0
2019,'1477787',1451,,291,0,12 13,0
2019,'1477788',906,,292,0,12 13,0
2019,'1477789',1551,,293,0,12 13,0
2019,'1477790',1636,,294,0,12 13,0
2019,'1477791',1521,,295,0,12 13,0
