300,'100009',525,,531,4,0,15 7 16 3 17,0,30,,532,4,0,15 7 16 3 17,0,55,,538,4,0,15 7 16 3 17,0,15,,533,4,0,15 7 16 3 17,0,30,,534,4,0,15 7 16 3 17,0,70,,535,4,0,15 7 16 3 17,0,30,,536,4,0,15 7 16 3 17,0,50,,539,4,0,15 7 16 3 17,0,20,,537,4,0,15 7 16 3 17,0,80,,540,4,0,15 7 16 3 17,0,30,,544,4,0,15 7 16 3 17,0,70,,541,4,0,15 7 16 3 17,0,30,,545,4,0,15 7 16 3 17,0,70,,542,4,0,15 7 16 3 17,0,30,,546,4,0,15 7 16 3 17,0,71,,543,4,0,15 7 16 3 17,0,30,,547,4,0,15 7 16 3 17,0,83,,548,4,0,15 7 16 3 17,0,35,,549,4,0,15 7 16 3 17,0,75,,550,4,0,15 7 16 3 17,0,1,,551,4,0,15 7 16 3 17,0,13,,552,4,0,15 7 16 3 17,0,61,,553,4,0,15 7 16 3 17,0,35,,554,4,0,15 7 16 3 17,0,5,,555,4,0,15 7 16 3 17,0,70,,556,4,0,15 7 16 3 17,0,35,,557,4,0,15 7 16 3 17,0,80,,558,4,0,15 7 16 3 17,0,79,,559,4,0,15 7 16 3 17,0,30,,560,4,0,15 7 16 3 17,0,70,,561,4,0,15 7 16 3 17,0,30,,562,4,0,15 7 16 3 17,0,70,,563,4,0,15 7 16 3 17,0,45,,564,4,0,15 7 16 3 17,0,70,,565,4,0,15 7 16 3 17,0,30,,566,4,0,15 7 16 3 17,0,70,,567,4,0,15 7 16 3 17,0
300,'100010',801,,568,4,0,15 7 16 3 17,0,100,,569,4,0,15 7 16 3 17,0,100,,570,4,0,15 7 16 3 17,0,100,,571,4,0,15 7 16 3 17,0,100,,572,4,0,15 7 16 3 17,0,115,,578,4,0,15 7 16 3 17,0,100,,573,4,0,15 7 16 3 17,0,100,,574,4,0,15 7 16 3 17,0,100,,575,4,0,15 7 16 3 17,0,115,,576,4,0,15 7 16 3 17,0,100,,577,4,0,15 7 16 3 17,0
300,'100011',801,,2156,4,0,15 7 16 3 17,0,100,,2157,4,0,15 7 16 3 17,0,100,,2158,4,0,15 7 16 3 17,0,100,,2159,4,0,15 7 16 3 17,0,100,,2160,4,0,15 7 16 3 17,0,115,,2166,4,0,15 7 16 3 17,0,100,,2161,4,0,15 7 16 3 17,0,100,,2162,4,0,15 7 16 3 17,0,100,,2163,4,0,15 7 16 3 17,0,115,,2164,4,0,15 7 16 3 17,0,100,,2165,4,0,15 7 16 3 17,0,100,,2167,4,0,15 7 16 3 17,0
300,'100012',801,,2168,4,0,15 7 16 3 17,0,100,,2169,4,0,15 7 16 3 17,0,100,,2170,4,0,15 7 16 3 17,0,100,,2171,4,0,15 7 16 3 17,0,100,,2172,4,0,15 7 16 3 17,0,115,,2178,4,0,15 7 16 3 17,0,100,,2173,4,0,15 7 16 3 17,0,100,,2174,4,0,15 7 16 3 17,0,100,,2175,4,0,15 7 16 3 17,0,115,,2176,4,0,15 7 16 3 17,0,100,,2177,4,0,15 7 16 3 17,0
300,'100013',525,,2179,4,0,15 7 16 3 17,0,30,,2180,4,0,15 7 16 3 17,0,55,,2186,4,0,15 7 16 3 17,0,15,,2181,4,0,15 7 16 3 17,0,30,,2182,4,0,15 7 16 3 17,0,70,,2183,4,0,15 7 16 3 17,0,30,,2184,4,0,15 7 16 3 17,0,50,,2187,4,0,15 7 16 3 17,0,20,,2185,4,0,15 7 16 3 17,0,80,,2188,4,0,15 7 16 3 17,0,30,,2192,4,0,15 7 16 3 17,0,70,,2189,4,0,15 7 16 3 17,0,30,,2193,4,0,15 7 16 3 17,0,70,,2190,4,0,15 7 16 3 17,0,30,,2194,4,0,15 7 16 3 17,0,71,,2191,4,0,15 7 16 3 17,0,30,,2195,4,0,15 7 16 3 17,0,83,,2196,4,0,15 7 16 3 17,0,35,,2197,4,0,15 7 16 3 17,0,75,,2198,4,0,15 7 16 3 17,0,1,,2199,4,0,15 7 16 3 17,0,13,,2200,4,0,15 7 16 3 17,0,61,,2201,4,0,15 7 16 3 17,0,35,,2202,4,0,15 7 16 3 17,0,5,,2203,4,0,15 7 16 3 17,0,70,,2204,4,0,15 7 16 3 17,0,35,,2205,4,0,15 7 16 3 17,0,80,,2206,4,0,15 7 16 3 17,0,79,,2207,4,0,15 7 16 3 17,0,30,,2208,4,0,15 7 16 3 17,0,70,,2209,4,0,15 7 16 3 17,0,30,,2210,4,0,15 7 16 3 17,0,70,,2211,4,0,15 7 16 3 17,0,45,,2212,4,0,15 7 16 3 17,0,70,,2213,4,0,15 7 16 3 17,0,30,,2214,4,0,15 7 16 3 17,0,70,,2215,4,0,15 7 16 3 17,0
300,'100014',525,,2216,4,0,15 7 16 3 17,0,30,,2217,4,0,15 7 16 3 17,0,55,,2223,4,0,15 7 16 3 17,0,15,,2218,4,0,15 7 16 3 17,0,30,,2219,4,0,15 7 16 3 17,0,70,,2220,4,0,15 7 16 3 17,0,30,,2221,4,0,15 7 16 3 17,0,50,,2224,4,0,15 7 16 3 17,0,20,,2222,4,0,15 7 16 3 17,0,80,,2225,4,0,15 7 16 3 17,0,30,,2229,4,0,15 7 16 3 17,0,70,,2226,4,0,15 7 16 3 17,0,30,,2230,4,0,15 7 16 3 17,0,70,,2227,4,0,15 7 16 3 17,0,30,,2231,4,0,15 7 16 3 17,0,71,,2228,4,0,15 7 16 3 17,0,30,,2232,4,0,15 7 16 3 17,0,83,,2233,4,0,15 7 16 3 17,0,35,,2234,4,0,15 7 16 3 17,0,75,,2235,4,0,15 7 16 3 17,0,1,,2236,4,0,15 7 16 3 17,0,13,,2237,4,0,15 7 16 3 17,0,61,,2238,4,0,15 7 16 3 17,0,35,,2239,4,0,15 7 16 3 17,0,5,,2240,4,0,15 7 16 3 17,0,70,,2241,4,0,15 7 16 3 17,0,35,,2242,4,0,15 7 16 3 17,0,80,,2243,4,0,15 7 16 3 17,0,79,,2244,4,0,15 7 16 3 17,0,30,,2245,4,0,15 7 16 3 17,0,70,,2246,4,0,15 7 16 3 17,0,30,,2247,4,0,15 7 16 3 17,0,70,,2248,4,0,15 7 16 3 17,0,45,,2249,4,0,15 7 16 3 17,0,70,,2250,4,0,15 7 16 3 17,0,30,,2251,4,0,15 7 16 3 17,0,70,,2252,4,0,15 7 16 3 17,0
300,'100015',801,,2253,4,0,15 7 16 3 17,0,100,,2254,4,0,15 7 16 3 17,0,100,,2255,4,0,15 7 16 3 17,0,100,,2256,4,0,15 7 16 3 17,0,100,,2257,4,0,15 7 16 3 17,0,115,,2258,4,0,15 7 16 3 17,0,100,,2259,4,0,15 7 16 3 17,0,100,,2260,4,0,15 7 16 3 17,0,100,,2261,4,0,15 7 16 3 17,0,115,,2262,4,0,15 7 16 3 17,0,100,,2263,4,0,15 7 16 3 17,0
5300,'100009',817,,1367,31,,,0
5300,'100013',817,,3171,31,,,0
5301,'100009',1549,,1369,24,,,0
5301,'100013',1549,,3173,24,,,0
1005300,'100009',754,,1513,6,,,0
1005300,'100013',754,,3301,6,,,0
1005300,'100014',754,,3302,6,,,0
1005301,'100009',1514,,1514,18,,,0
1005301,'100013',1514,,3303,18,,,0
1005301,'100014',1514,,3304,18,,,0
