400,'100009',525,,715,4,0,17 3 15 7 16,0,30,,694,4,0,17 3 15 7 16,0,70,,686,4,0,17 3 15 7 16,0,18,,713,4,0,17 3 15 7 16,0,12,,695,4,0,17 3 15 7 16,0,70,,687,4,0,17 3 15 7 16,0,30,,696,4,0,17 3 15 7 16,0,80,,688,4,0,17 3 15 7 16,0,70,,714,4,0,17 3 15 7 16,0,30,,689,4,0,17 3 15 7 16,0,70,,710,4,0,17 3 15 7 16,0,30,,690,4,0,17 3 15 7 16,0,70,,711,4,0,17 3 15 7 16,0,30,,691,4,0,17 3 15 7 16,0,70,,712,4,0,17 3 15 7 16,0,38,,692,4,0,17 3 15 7 16,0,75,,717,4,0,17 3 15 7 16,0,35,,693,4,0,17 3 15 7 16,0,75,,697,4,0,17 3 15 7 16,0,75,,716,4,0,17 3 15 7 16,0,35,,698,4,0,17 3 15 7 16,0,75,,699,4,0,17 3 15 7 16,0,40,,705,4,0,17 3 15 7 16,0,85,,700,4,0,17 3 15 7 16,0,70,,706,4,0,17 3 15 7 16,0,30,,701,4,0,17 3 15 7 16,0,70,,707,4,0,17 3 15 7 16,0,30,,702,4,0,17 3 15 7 16,0,85,,708,4,0,17 3 15 7 16,0,30,,703,4,0,17 3 15 7 16,0,70,,709,4,0,17 3 15 7 16,0,30,,704,4,0,17 3 15 7 16,0,70,,718,4,0,17 3 15 7 16,0,30,,719,4,0,17 3 15 7 16,0
400,'100010',525,,749,4,0,17 3 15 7 16,0,30,,728,4,0,17 3 15 7 16,0,70,,720,4,0,17 3 15 7 16,0,18,,747,4,0,17 3 15 7 16,0,12,,729,4,0,17 3 15 7 16,0,70,,721,4,0,17 3 15 7 16,0,30,,730,4,0,17 3 15 7 16,0,80,,722,4,0,17 3 15 7 16,0,70,,748,4,0,17 3 15 7 16,0,30,,723,4,0,17 3 15 7 16,0,70,,744,4,0,17 3 15 7 16,0,30,,724,4,0,17 3 15 7 16,0,70,,745,4,0,17 3 15 7 16,0,30,,725,4,0,17 3 15 7 16,0,70,,746,4,0,17 3 15 7 16,0,38,,726,4,0,17 3 15 7 16,0,75,,751,4,0,17 3 15 7 16,0,35,,727,4,0,17 3 15 7 16,0,75,,731,4,0,17 3 15 7 16,0,75,,750,4,0,17 3 15 7 16,0,35,,732,4,0,17 3 15 7 16,0,75,,733,4,0,17 3 15 7 16,0,40,,739,4,0,17 3 15 7 16,0,85,,734,4,0,17 3 15 7 16,0,70,,740,4,0,17 3 15 7 16,0,30,,735,4,0,17 3 15 7 16,0,70,,741,4,0,17 3 15 7 16,0,30,,736,4,0,17 3 15 7 16,0,85,,742,4,0,17 3 15 7 16,0,30,,737,4,0,17 3 15 7 16,0,70,,743,4,0,17 3 15 7 16,0,30,,738,4,0,17 3 15 7 16,0,70,,752,4,0,17 3 15 7 16,0,30,,753,4,0,17 3 15 7 16,0
400,'100012',733,,754,4,0,17 3 15 7 16,0,70,,767,4,0,17 3 15 7 16,0,30,,755,4,0,17 3 15 7 16,0,70,,768,4,0,17 3 15 7 16,0,30,,756,4,0,17 3 15 7 16,0,70,,769,4,0,17 3 15 7 16,0,30,,757,4,0,17 3 15 7 16,0,70,,770,4,0,17 3 15 7 16,0,30,,758,4,0,17 3 15 7 16,0,70,,771,4,0,17 3 15 7 16,0,45,,759,4,0,17 3 15 7 16,0,70,,772,4,0,17 3 15 7 16,0,30,,760,4,0,17 3 15 7 16,0,70,,773,4,0,17 3 15 7 16,0,30,,761,4,0,17 3 15 7 16,0,70,,774,4,0,17 3 15 7 16,0,30,,762,4,0,17 3 15 7 16,0,85,,775,4,0,17 3 15 7 16,0,70,,763,4,0,17 3 15 7 16,0,30,,776,4,0,17 3 15 7 16,0,70,,764,4,0,17 3 15 7 16,0,30,,766,4,0,17 3 15 7 16,0,70,,765,4,0,17 3 15 7 16,0
400,'100013',733,,777,4,0,17 3 15 7 16,0,70,,778,4,0,17 3 15 7 16,0,30,,779,4,0,17 3 15 7 16,0,70,,780,4,0,17 3 15 7 16,0,30,,781,4,0,17 3 15 7 16,0,70,,782,4,0,17 3 15 7 16,0,30,,783,4,0,17 3 15 7 16,0,70,,784,4,0,17 3 15 7 16,0,30,,785,4,0,17 3 15 7 16,0,70,,786,4,0,17 3 15 7 16,0,45,,787,4,0,17 3 15 7 16,0,70,,788,4,0,17 3 15 7 16,0,30,,789,4,0,17 3 15 7 16,0,70,,790,4,0,17 3 15 7 16,0,30,,791,4,0,17 3 15 7 16,0,70,,792,4,0,17 3 15 7 16,0,30,,793,4,0,17 3 15 7 16,0,85,,795,4,0,17 3 15 7 16,0,70,,796,4,0,17 3 15 7 16,0,30,,797,4,0,17 3 15 7 16,0,70,,798,4,0,17 3 15 7 16,0,30,,799,4,0,17 3 15 7 16,0,70,,794,4,0,17 3 15 7 16,0
800,'100009',555,,1085,4,0,14 3 15 7 16,0,70,,1070,4,0,14 3 15 7 16,0,30,,1086,4,0,14 3 15 7 16,0,70,,1071,4,0,14 3 15 7 16,0,30,,1087,4,0,14 3 15 7 16,0,80,,1088,4,0,14 3 15 7 16,0,69,,1072,4,0,14 3 15 7 16,0,30,,1096,4,0,14 3 15 7 16,0,70,,1073,4,0,14 3 15 7 16,0,30,,1097,4,0,14 3 15 7 16,0,70,,1074,4,0,14 3 15 7 16,0,30,,1098,4,0,14 3 15 7 16,0,70,,1075,4,0,14 3 15 7 16,0,39,,1099,4,0,14 3 15 7 16,0,75,,1076,4,0,14 3 15 7 16,0,35,,1089,4,0,14 3 15 7 16,0,75,,1077,4,0,14 3 15 7 16,0,75,,1078,4,0,14 3 15 7 16,0,35,,1090,4,0,14 3 15 7 16,0,75,,1079,4,0,14 3 15 7 16,0,40,,1091,4,0,14 3 15 7 16,0,85,,1080,4,0,14 3 15 7 16,0,70,,1092,4,0,14 3 15 7 16,0,30,,1081,4,0,14 3 15 7 16,0,70,,1093,4,0,14 3 15 7 16,0,30,,1082,4,0,14 3 15 7 16,0,85,,1094,4,0,14 3 15 7 16,0,30,,1083,4,0,14 3 15 7 16,0,70,,1095,4,0,14 3 15 7 16,0,30,,1084,4,0,14 3 15 7 16,0,69,,1101,4,0,14 3 15 7 16,0,28,,1100,4,0,14 3 15 7 16,0
800,'100010',555,,1117,4,0,14 3 15 7 16,0,70,,1102,4,0,14 3 15 7 16,0,30,,1118,4,0,14 3 15 7 16,0,70,,1103,4,0,14 3 15 7 16,0,30,,1119,4,0,14 3 15 7 16,0,80,,1120,4,0,14 3 15 7 16,0,69,,1104,4,0,14 3 15 7 16,0,30,,1128,4,0,14 3 15 7 16,0,70,,1105,4,0,14 3 15 7 16,0,30,,1129,4,0,14 3 15 7 16,0,70,,1106,4,0,14 3 15 7 16,0,30,,1130,4,0,14 3 15 7 16,0,70,,1107,4,0,14 3 15 7 16,0,39,,1131,4,0,14 3 15 7 16,0,75,,1108,4,0,14 3 15 7 16,0,35,,1121,4,0,14 3 15 7 16,0,75,,1109,4,0,14 3 15 7 16,0,75,,1110,4,0,14 3 15 7 16,0,35,,1122,4,0,14 3 15 7 16,0,75,,1111,4,0,14 3 15 7 16,0,40,,1123,4,0,14 3 15 7 16,0,85,,1112,4,0,14 3 15 7 16,0,70,,1124,4,0,14 3 15 7 16,0,30,,1113,4,0,14 3 15 7 16,0,70,,1125,4,0,14 3 15 7 16,0,30,,1114,4,0,14 3 15 7 16,0,85,,1126,4,0,14 3 15 7 16,0,30,,1115,4,0,14 3 15 7 16,0,70,,1127,4,0,14 3 15 7 16,0,30,,1116,4,0,14 3 15 7 16,0,69,,1133,4,0,14 3 15 7 16,0,28,,1132,4,0,14 3 15 7 16,0
800,'100012',733,,1134,4,0,14 3 15 7 16,0,100,,1135,4,0,14 3 15 7 16,0,100,,1136,4,0,14 3 15 7 16,0,100,,1137,4,0,14 3 15 7 16,0,100,,1138,4,0,14 3 15 7 16,0,115,,1139,4,0,14 3 15 7 16,0,100,,1140,4,0,14 3 15 7 16,0,100,,1141,4,0,14 3 15 7 16,0,100,,1142,4,0,14 3 15 7 16,0,155,,1143,4,0,14 3 15 7 16,0,100,,1144,4,0,14 3 15 7 16,0,100,,1145,4,0,14 3 15 7 16,0
800,'100013',733,,1146,4,0,14 3 15 7 16,0,100,,1147,4,0,14 3 15 7 16,0,100,,1148,4,0,14 3 15 7 16,0,100,,1149,4,0,14 3 15 7 16,0,100,,1150,4,0,14 3 15 7 16,0,115,,1151,4,0,14 3 15 7 16,0,100,,1152,4,0,14 3 15 7 16,0,100,,1153,4,0,14 3 15 7 16,0,100,,1154,4,0,14 3 15 7 16,0,155,,1155,4,0,14 3 15 7 16,0,100,,1156,4,0,14 3 15 7 16,0,100,,1157,4,0,14 3 15 7 16,0
5201,'100010',733,,1365,4,0,7 8 9,0
5400,'100010',724,,1370,4,0,7 18,0
