100,'100012',849,,3411,24,,,0,100,,3412,24,,,0,100,,3413,24,,,0,100,,3414,24,,,0,100,,3415,24,,,0,100,,3416,24,,,0,100,,3417,24,,,0,100,,3418,24,,,0,100,,3419,24,,,0,100,,3420,24,,,0,100,,3421,24,,,0,100,,3422,24,,,0
100,'100013',819,,3436,24,,,0,30,,3423,24,,,0,70,,3446,24,,,0,30,,3424,24,,,0,70,,3437,24,,,0,30,,3425,24,,,0,70,,3438,24,,,0,30,,3427,24,,,0,70,,3439,24,,,0,30,,3426,24,,,0,70,,3440,24,,,0,30,,3428,24,,,0,70,,3441,24,,,0,30,,3429,24,,,0,70,,3442,24,,,0,30,,3430,24,,,0,70,,3443,24,,,0,30,,3431,24,,,0,70,,3444,24,,,0,30,,3432,24,,,0,70,,3445,24,,,0,30,,3433,24,,,0,70,,3435,24,,,0,30,,3434,24,,,0
100,'100014',611,,3447,24,,,0,30,,3452,24,,,0,70,,3448,24,,,0,30,,3465,24,,,0,70,,3449,24,,,0,30,,3453,24,,,0,80,,3450,24,,,0,28,,3466,24,,,0,70,,3451,24,,,0,30,,3454,24,,,0,70,,3463,24,,,0,30,,3467,24,,,0,70,,3464,24,,,0,31,,3455,24,,,0,70,,3462,24,,,0,30,,3468,24,,,0,70,,3456,24,,,0,80,,3477,24,,,0,20,,3470,24,,,0,38,,3476,24,,,0,70,,3469,24,,,0,30,,3475,24,,,0,70,,3457,24,,,0,28,,3474,24,,,0,70,,3458,24,,,0,30,,3473,24,,,0,70,,3459,24,,,0,30,,3472,24,,,0,80,,3460,24,,,0,70,,3471,24,,,0,30,,3461,24,,,0,70,,3479,24,,,0,28,,3478,24,,,0,69,,3480,24,,,0
200,'100012',724,,3574,22,0,5 6,0,30,,3552,22,0,5 6,0,70,,3553,22,0,5 6,0,30,,3554,22,0,5 6,0,70,,3555,22,0,5 6,0,30,,3556,22,0,5 6,0,70,,3557,22,0,5 6,0,30,,3558,22,0,5 6,0,70,,3559,22,0,5 6,0,30,,3560,22,0,5 6,0,70,,3561,22,0,5 31,0,85,,3562,22,0,5 6,0,30,,3563,22,0,5 6,0,70,,3564,22,0,5 6,0,30,,3565,22,0,5 6,0,70,,3566,22,0,5 6,0,30,,3567,22,0,5 6,0,70,,3577,22,0,5 31,0,45,,3569,22,0,5 6,0,70,,3570,22,0,5 6,0,30,,3571,22,0,5 6,0,70,,3572,22,0,5 6,0,30,,3573,22,0,5 6,0,70,,3568,22,0,5 6,0
200,'100013',724,,3599,22,0,5 6,0,30,,3598,22,0,5 6,0,70,,3579,22,0,5 6,0,30,,3578,22,0,5 6,0,70,,3580,22,0,5 6,0,30,,3581,22,0,5 6,0,70,,3582,22,0,5 6,0,30,,3583,22,0,5 6,0,70,,3584,22,0,5 6,0,30,,3585,22,0,5 6,0,70,,3602,22,0,5 31,0,85,,3586,22,0,5 6,0,30,,3587,22,0,5 6,0,70,,3588,22,0,5 6,0,30,,3589,22,0,5 6,0,70,,3590,22,0,5 6,0,30,,3591,22,0,5 6,0,70,,3600,22,0,5 31,0,45,,3592,22,0,5 6,0,70,,3593,22,0,5 6,0,30,,3594,22,0,5 6,0,70,,3595,22,0,5 6,0,30,,3596,22,0,5 6,0,70,,3597,22,0,5 6,0
200,'100014',546,,3604,22,0,5 6,0,70,,3613,22,0,5 6,0,30,,3605,22,0,5 6,0,70,,3614,22,0,5 6,0,30,,3606,22,0,5 6,0,70,,3615,22,0,5 6,0,40,,3607,22,0,5 6,0,70,,3616,22,0,5 6,0,30,,3608,22,0,5 6,0,70,,3617,22,0,5 6,0,30,,3609,22,0,5 6,0,70,,3618,22,0,5 6,0,30,,3610,22,0,5 6,0,70,,3619,22,0,5 31,0,83,,3611,22,0,5 6,0,35,,3620,22,0,5 6,0,75,,3612,22,0,5 6,0,35,,3621,22,0,5 6,0,75,,3629,22,0,5 6,0,75,,3622,22,0,5 6,0,35,,3630,22,0,5 6,0,80,,3623,22,0,5 6,0,40,,3624,22,0,5 6,0,70,,3631,22,0,5 6,0,30,,3625,22,0,5 6,0,70,,3632,22,0,5 6,0,30,,3626,22,0,5 6,0,85,,3633,22,0,5 6,0,70,,3627,22,0,5 6,0,30,,3634,22,0,5 6,0,70,,3628,22,0,5 6,0,30,,3635,22,0,5 6,0,70,,3636,22,0,5 6,0
600,'100012',755,,3970,36,,,0,100,,3971,36,,,0,100,,3972,36,,,0,100,,3973,36,,,0,100,,3974,36,,,0,155,,3975,36,,,0,100,,3976,36,,,0,100,,3977,36,,,0,100,,3978,36,,,0,115,,3979,36,,,0,100,,3980,36,,,0,100,,3981,36,,,0
600,'100013',755,,3982,36,,,0,100,,3983,36,,,0,100,,3984,36,,,0,100,,3985,36,,,0,100,,3986,36,,,0,155,,3987,36,,,0,100,,3988,36,,,0,100,,3989,36,,,0,100,,3990,36,,,0,115,,3991,36,,,0,100,,3992,36,,,0,100,,3993,36,,,0
600,'100014',547,,4004,36,,,0,70,,3994,36,,,0,18,,4022,36,,,0,12,,4005,36,,,0,70,,3995,36,,,0,18,,4023,36,,,0,12,,4006,36,,,0,70,,3996,36,,,0,39,,3997,36,,,0,70,,4014,36,,,0,30,,3998,36,,,0,70,,4015,36,,,0,30,,3999,36,,,0,70,,4024,36,,,0,30,,4000,36,,,0,70,,4025,36,,,0,83,,4001,36,,,0,35,,4026,36,,,0,75,,4002,36,,,0,35,,4007,36,,,0,75,,4003,36,,,0,75,,4016,36,,,0,35,,4008,36,,,0,80,,4017,36,,,0,81,,4009,36,,,0,30,,4018,36,,,0,70,,4010,36,,,0,30,,4019,36,,,0,70,,4011,36,,,0,45,,4020,36,,,0,70,,4012,36,,,0,30,,4021,36,,,0,70,,4013,36,,,0,30,,4028,36,,,0,70,,4027,36,,,0
700,'100012',825,,4029,41,,,0,100,,4030,41,,,0,100,,4031,41,,,0,100,,4032,41,,,0,100,,4033,41,,,0,115,,4034,41,,,0,100,,4035,41,,,0,100,,4036,41,,,0,115,,4037,41,,,0,100,,4038,41,,,0,100,,4039,41,,,0
700,'100013',825,,4040,41,,,0,100,,4041,41,,,0,100,,4042,41,,,0,100,,4043,41,,,0,100,,4044,41,,,0,115,,4045,41,,,0,100,,4046,41,,,0,100,,4047,41,,,0,115,,4048,41,,,0,100,,4049,41,,,0,100,,4050,41,,,0
700,'100014',547,,4051,41,,,0,70,,4061,41,,,0,30,,4052,41,,,0,58,,4079,41,,,0,12,,4062,41,,,0,30,,4053,41,,,0,70,,4063,41,,,0,40,,4072,41,,,0,70,,4054,41,,,0,30,,4073,41,,,0,70,,4055,41,,,0,30,,4080,41,,,0,70,,4056,41,,,0,30,,4081,41,,,0,70,,4057,41,,,0,83,,4082,41,,,0,35,,4058,41,,,0,75,,4064,41,,,0,35,,4059,41,,,0,75,,4065,41,,,0,75,,4060,41,,,0,35,,4066,41,,,0,80,,4067,41,,,0,80,,4074,41,,,0,30,,4068,41,,,0,70,,4075,41,,,0,30,,4069,41,,,0,70,,4076,41,,,0,46,,4070,41,,,0,70,,4077,41,,,0,30,,4071,41,,,0,70,,4078,41,,,0,30,,4083,41,,,0,70,,4084,41,,,0
1000900,'100012',800,,4281,34,,,0,40,,4282,34,,,0,80,,4283,34,,,0,80,,4284,34,,,0,40,,4285,34,,,0,81,,4286,34,,,0,80,,4287,34,,,0,45,,4288,34,,,0,80,,4289,34,,,0,81,,4290,34,,,0,40,,4291,34,,,0,80,,4292,34,,,0,80,,4293,34,,,0,40,,4294,34,,,0,85,,4295,34,,,0,80,,4296,34,,,0,40,,4297,34,,,0,80,,4298,34,,,0
1000900,'100013',800,,4299,34,,,0,40,,4300,34,,,0,80,,4301,34,,,0,80,,4302,34,,,0,40,,4303,34,,,0,81,,4304,34,,,0,80,,4305,34,,,0,45,,4306,34,,,0,80,,4307,34,,,0,81,,4308,34,,,0,40,,4309,34,,,0,80,,4310,34,,,0,80,,4311,34,,,0,40,,4312,34,,,0,85,,4313,34,,,0,80,,4314,34,,,0,40,,4315,34,,,0,80,,4316,34,,,0
1000900,'100014',547,,4327,34,,,0,70,,4328,34,,,0,30,,4329,34,,,0,70,,4330,34,,,0,30,,4331,34,,,0,70,,4332,34,,,0,22,,4333,34,,,0,68,,4334,34,,,0,35,,4335,34,,,0,60,,4336,34,,,0,30,,4337,34,,,0,70,,4338,34,,,0,30,,4339,34,,,0,70,,4340,34,,,0,30,,4341,34,,,0,70,,4342,34,,,0,30,,4343,34,,,0,70,,4344,34,,,0,34,,4345,34,,,0,70,,4346,34,,,0,34,,4347,34,,,0,64,,4348,34,,,0,32,,4349,34,,,0,70,,4350,34,,,0,18,,4351,34,,,0,85,,4320,34,,,0,30,,4321,34,,,0,70,,4324,34,,,0,30,,4317,34,,,0,67,,4319,34,,,0,43,,4325,34,,,0,85,,4323,34,,,0,75,,4322,34,,,0,35,,4326,34,,,0,75,,4318,34,,,0
2000900,'100012',822,,4352,32,,,0,80,,4353,32,,,0,40,,4354,32,,,0,80,,4355,32,,,0,80,,4356,32,,,0,40,,4357,32,,,0,80,,4358,32,,,0,80,,4359,32,,,0,45,,4360,32,,,0,80,,4361,32,,,0,81,,4362,32,,,0,40,,4363,32,,,0,85,,4364,32,,,0,80,,4365,32,,,0,40,,4366,32,,,0,80,,4367,32,,,0,80,,4368,32,,,0
2000900,'100013',822,,4369,32,,,0,80,,4370,32,,,0,40,,4371,32,,,0,80,,4372,32,,,0,80,,4373,32,,,0,40,,4374,32,,,0,80,,4375,32,,,0,80,,4376,32,,,0,45,,4377,32,,,0,80,,4378,32,,,0,81,,4379,32,,,0,40,,4380,32,,,0,85,,4381,32,,,0,80,,4382,32,,,0,40,,4383,32,,,0,80,,4384,32,,,0,80,,4385,32,,,0
2000900,'100014',612,,4386,32,,,0,20,,4387,32,,,0,70,,4388,32,,,0,30,,4389,32,,,0,70,,4390,32,,,0,20,,4391,32,,,0,80,,4392,32,,,0,22,,4417,32,,,0,28,,4393,32,,,0,70,,4394,32,,,0,20,,4395,32,,,0,70,,4396,32,,,0,30,,4397,32,,,0,70,,4398,32,,,0,30,,4399,32,,,0,70,,4400,32,,,0,30,,4401,32,,,0,70,,4402,32,,,0,33,,4403,32,,,0,71,,4404,32,,,0,30,,4405,32,,,0,74,,4406,32,,,0,24,,4407,32,,,0,72,,4408,32,,,0,38,,4409,32,,,0,70,,4410,32,,,0,30,,4411,32,,,0,70,,4412,32,,,0,30,,4413,32,,,0,65,,4414,32,,,0,31,,4415,32,,,0,74,,4416,32,,,0,85,,4418,32,,,0,35,,4419,32,,,0,76,,4420,32,,,0
