200,'100009',733,,1902,29,,,0,70,,1901,29,,,0,30,,1880,29,,,0,70,,1879,29,,,0,30,,1881,29,,,0,70,,1882,29,,,0,30,,1883,29,,,0,70,,1884,29,,,0,30,,1885,29,,,0,70,,1886,29,,,0,45,,1887,29,,,0,70,,1888,29,,,0,30,,1889,29,,,0,70,,1890,29,,,0,30,,1891,29,,,0,70,,1892,29,,,0,30,,1893,29,,,0,85,,1894,29,,,0,70,,1895,29,,,0,30,,1896,29,,,0,70,,1897,29,,,0,30,,1898,29,,,0,70,,1899,29,,,0,30,,1900,29,,,0,70,,1903,29,,,0
200,'100010',733,,1927,29,,,0,70,,1926,29,,,0,30,,1905,29,,,0,70,,1904,29,,,0,30,,1906,29,,,0,70,,1907,29,,,0,30,,1908,29,,,0,70,,1909,29,,,0,30,,1910,29,,,0,70,,1911,29,,,0,45,,1912,29,,,0,70,,1913,29,,,0,30,,1914,29,,,0,70,,1915,29,,,0,30,,1916,29,,,0,70,,1917,29,,,0,30,,1918,29,,,0,85,,1919,29,,,0,70,,1920,29,,,0,30,,1921,29,,,0,70,,1922,29,,,0,30,,1923,29,,,0,70,,1924,29,,,0,30,,1925,29,,,0
200,'100011',555,,1928,29,,,0,70,,1937,29,,,0,30,,1929,29,,,0,70,,1938,29,,,0,30,,1930,29,,,0,80,,1939,29,,,0,70,,1931,29,,,0,30,,1940,29,,,0,70,,1932,29,,,0,30,,1941,29,,,0,70,,1933,29,,,0,30,,1942,29,,,0,70,,1934,29,,,0,30,,1943,29,,,0,83,,1935,29,,,0,35,,1944,29,,,0,75,,1936,29,,,0,75,,1945,29,,,0,35,,1953,29,,,0,75,,1946,29,,,0,35,,1954,29,,,0,89,,1947,29,,,0,71,,1948,29,,,0,30,,1955,29,,,0,70,,1949,29,,,0,30,,1956,29,,,0,85,,1950,29,,,0,30,,1957,29,,,0,70,,1951,29,,,0,30,,1958,29,,,0,70,,1952,29,,,0,30,,1959,29,,,0,70,,1960,29,,,0
200,'100012',555,,1961,29,,,0,70,,1970,29,,,0,30,,1962,29,,,0,70,,1971,29,,,0,30,,1963,29,,,0,80,,1972,29,,,0,70,,1964,29,,,0,30,,1973,29,,,0,70,,1965,29,,,0,30,,1974,29,,,0,70,,1966,29,,,0,30,,1975,29,,,0,70,,1967,29,,,0,30,,1976,29,,,0,83,,1968,29,,,0,35,,1977,29,,,0,75,,1969,29,,,0,75,,1978,29,,,0,35,,1986,29,,,0,75,,1979,29,,,0,35,,1987,29,,,0,89,,1980,29,,,0,71,,1981,29,,,0,30,,1988,29,,,0,70,,1982,29,,,0,30,,1989,29,,,0,85,,1983,29,,,0,30,,1990,29,,,0,70,,1984,29,,,0,30,,1991,29,,,0,70,,1985,29,,,0,30,,1992,29,,,0,70,,1993,29,,,0
200,'100013',733,,2017,29,,,0,70,,1994,29,,,0,30,,1995,29,,,0,70,,1996,29,,,0,30,,1997,29,,,0,70,,1998,29,,,0,30,,1999,29,,,0,70,,2000,29,,,0,30,,2001,29,,,0,70,,2002,29,,,0,45,,2003,29,,,0,70,,2004,29,,,0,30,,2005,29,,,0,70,,2006,29,,,0,30,,2007,29,,,0,70,,2008,29,,,0,30,,2009,29,,,0,85,,2010,29,,,0,70,,2012,29,,,0,30,,2013,29,,,0,70,,2014,29,,,0,30,,2015,29,,,0,70,,2016,29,,,0,30,,2011,29,,,0
2101,'100009',733,,3048,5,,,0,75,,3041,5,,,0,35,,3049,5,,,0,75,,3042,5,,,0,35,,3059,5,,,0,75,,3057,5,,,0,75,,3050,5,,,0,36,,3043,5,,,0,74,,3051,5,,,0,35,,3044,5,,,0,75,,3052,5,,,0,35,,3045,5,,,0,75,,3053,5,,,0,75,,3046,5,,,0,35,,3060,5,,,0,75,,3056,5,,,0,35,,3054,5,,,0,80,,3047,5,,,0,75,,3055,5,,,0,35,,3058,5,,,0,110,,3061,5,,,0
2101,'100010',733,,3069,5,,,0,75,,3062,5,,,0,35,,3070,5,,,0,75,,3063,5,,,0,35,,3080,5,,,0,75,,3078,5,,,0,75,,3071,5,,,0,36,,3064,5,,,0,74,,3072,5,,,0,35,,3065,5,,,0,75,,3073,5,,,0,35,,3066,5,,,0,75,,3074,5,,,0,75,,3067,5,,,0,35,,3081,5,,,0,75,,3077,5,,,0,35,,3075,5,,,0,80,,3068,5,,,0,75,,3076,5,,,0,35,,3079,5,,,0
2101,'100011',555,,3095,5,,,0,73,,3082,5,,,0,77,,3096,5,,,0,35,,3083,5,,,0,74,,3097,5,,,0,36,,3084,5,,,0,75,,3098,5,,,0,75,,3085,5,,,0,35,,3099,5,,,0,75,,3086,5,,,0,35,,3100,5,,,0,75,,3087,5,,,0,35,,3101,5,,,0,75,,3088,5,,,0,75,,3102,5,,,0,35,,3089,5,,,0,75,,3103,5,,,0,35,,3090,5,,,0,75,,3104,5,,,0,80,,3091,5,,,0,35,,3105,5,,,0,75,,3092,5,,,0,37,,3106,5,,,0,73,,3093,5,,,0,79,,3107,5,,,0,49,,3094,5,,,0,70,,3108,5,,,0,30,,3111,5,,,0,70,,3110,5,,,0,30,,3109,5,,,0
2101,'100012',555,,3125,5,,,0,73,,3112,5,,,0,77,,3126,5,,,0,35,,3113,5,,,0,74,,3127,5,,,0,36,,3114,5,,,0,75,,3128,5,,,0,75,,3115,5,,,0,35,,3129,5,,,0,75,,3116,5,,,0,35,,3130,5,,,0,75,,3117,5,,,0,35,,3131,5,,,0,75,,3118,5,,,0,75,,3132,5,,,0,35,,3119,5,,,0,75,,3133,5,,,0,35,,3120,5,,,0,75,,3134,5,,,0,80,,3121,5,,,0,35,,3135,5,,,0,75,,3122,5,,,0,37,,3136,5,,,0,73,,3123,5,,,0,79,,3137,5,,,0,49,,3124,5,,,0,70,,3138,5,,,0,30,,3141,5,,,0,70,,3140,5,,,0,30,,3139,5,,,0
2101,'100013',733,,3142,5,,,0,75,,3143,5,,,0,35,,3144,5,,,0,75,,3145,5,,,0,35,,3146,5,,,0,75,,3147,5,,,0,75,,3148,5,,,0,35,,3149,5,,,0,75,,3150,5,,,0,35,,3151,5,,,0,75,,3152,5,,,0,35,,3153,5,,,0,75,,3154,5,,,0,75,,3155,5,,,0,35,,3156,5,,,0,75,,3157,5,,,0,35,,3158,5,,,0,80,,3159,5,,,0,75,,3160,5,,,0,35,,3161,5,,,0
