700,'100009',537,,1014,24,,,0,70,,1024,24,,,0,30,,1015,24,,,0,18,,1042,24,,,0,52,,1025,24,,,0,30,,1016,24,,,0,70,,1026,24,,,0,40,,1035,24,,,0,70,,1017,24,,,0,30,,1036,24,,,0,70,,1018,24,,,0,30,,1043,24,,,0,70,,1019,24,,,0,30,,1044,24,,,0,70,,1020,24,,,0,41,,1045,24,,,0,75,,1021,24,,,0,75,,1027,24,,,0,35,,1022,24,,,0,75,,1028,24,,,0,35,,1023,24,,,0,75,,1029,24,,,0,80,,1030,24,,,0,42,,1037,24,,,0,70,,1031,24,,,0,30,,1038,24,,,0,70,,1032,24,,,0,30,,1039,24,,,0,86,,1033,24,,,0,70,,1040,24,,,0,30,,1034,24,,,0,70,,1041,24,,,0,30,,1046,24,,,0,70,,1047,24,,,0
700,'100010',815,,1048,24,,,0,100,,1049,24,,,0,100,,1050,24,,,0,100,,1051,24,,,0,100,,1052,24,,,0,115,,1053,24,,,0,100,,1054,24,,,0,100,,1055,24,,,0,115,,1056,24,,,0,100,,1057,24,,,0,100,,1058,24,,,0
700,'100011',815,,2717,24,,,0,100,,2718,24,,,0,100,,2719,24,,,0,100,,2720,24,,,0,100,,2721,24,,,0,115,,2722,24,,,0,100,,2723,24,,,0,100,,2724,24,,,0,115,,2725,24,,,0,100,,2726,24,,,0,100,,2727,24,,,0,100,,2728,24,,,0
700,'100012',815,,2729,24,,,0,100,,2730,24,,,0,100,,2731,24,,,0,100,,2732,24,,,0,100,,2733,24,,,0,115,,2734,24,,,0,100,,2735,24,,,0,100,,2736,24,,,0,115,,2737,24,,,0,100,,2738,24,,,0,100,,2739,24,,,0
700,'100013',537,,2740,24,,,0,70,,2750,24,,,0,30,,2741,24,,,0,18,,2768,24,,,0,52,,2751,24,,,0,30,,2742,24,,,0,70,,2752,24,,,0,40,,2761,24,,,0,70,,2743,24,,,0,30,,2762,24,,,0,70,,2744,24,,,0,30,,2769,24,,,0,70,,2745,24,,,0,30,,2770,24,,,0,70,,2746,24,,,0,41,,2771,24,,,0,75,,2747,24,,,0,75,,2753,24,,,0,35,,2748,24,,,0,75,,2754,24,,,0,35,,2749,24,,,0,75,,2755,24,,,0,80,,2756,24,,,0,42,,2763,24,,,0,70,,2757,24,,,0,30,,2764,24,,,0,70,,2758,24,,,0,30,,2765,24,,,0,86,,2759,24,,,0,70,,2766,24,,,0,30,,2760,24,,,0,70,,2767,24,,,0,30,,2772,24,,,0,70,,2773,24,,,0
700,'100014',537,,2774,24,,,0,70,,2784,24,,,0,30,,2775,24,,,0,18,,2802,24,,,0,52,,2785,24,,,0,30,,2776,24,,,0,70,,2786,24,,,0,40,,2795,24,,,0,70,,2777,24,,,0,30,,2796,24,,,0,70,,2778,24,,,0,30,,2803,24,,,0,70,,2779,24,,,0,30,,2804,24,,,0,70,,2780,24,,,0,41,,2805,24,,,0,75,,2781,24,,,0,75,,2787,24,,,0,35,,2782,24,,,0,75,,2788,24,,,0,35,,2783,24,,,0,75,,2789,24,,,0,80,,2790,24,,,0,42,,2797,24,,,0,70,,2791,24,,,0,30,,2798,24,,,0,70,,2792,24,,,0,30,,2799,24,,,0,86,,2793,24,,,0,70,,2800,24,,,0,30,,2794,24,,,0,70,,2801,24,,,0,30,,2806,24,,,0,70,,2807,24,,,0
700,'100015',815,,2808,24,,,0,100,,2809,24,,,0,100,,2810,24,,,0,100,,2811,24,,,0,100,,2812,24,,,0,115,,2813,24,,,0,100,,2814,24,,,0,100,,2815,24,,,0,115,,2816,24,,,0,100,,2817,24,,,0,100,,2818,24,,,0
5100,'100009',741,,1361,8,0,7 8 9 10 11,0
5100,'100013',741,,3165,8,0,7 8 9 10 11,0
5101,'100009',1442,,1363,15,0,5 28,0,75,,1362,30,0,26 3 27,0
5101,'100013',1442,,3167,15,0,5 28,0,75,,3166,30,0,26 3 27,0
