500,'100012',819,,3916,38,,,0,100,,3917,38,,,0,100,,3918,38,,,0,100,,3919,38,,,0,100,,3920,38,,,0,115,,3921,38,,,0,100,,3922,38,,,0,100,,3923,38,,,0,115,,3924,38,,,0,100,,3925,38,,,0,100,,3926,38,,,0
500,'100013',819,,3927,38,,,0,100,,3928,38,,,0,100,,3929,38,,,0,100,,3930,38,,,0,100,,3931,38,,,0,115,,3932,38,,,0,100,,3933,38,,,0,100,,3934,38,,,0,115,,3935,38,,,0,100,,3936,38,,,0,100,,3937,38,,,0
500,'100014',611,,3938,38,,,0,30,,3954,38,,,0,70,,3939,38,,,0,30,,3955,38,,,0,70,,3940,38,,,0,40,,3941,38,,,0,70,,3963,38,,,0,30,,3942,38,,,0,70,,3966,38,,,0,30,,3943,38,,,0,70,,3965,38,,,0,30,,3944,38,,,0,70,,3967,38,,,0,82,,3945,38,,,0,35,,3964,38,,,0,75,,3946,38,,,0,35,,3956,38,,,0,75,,3947,38,,,0,35,,3957,38,,,0,75,,3948,38,,,0,80,,3949,38,,,0,41,,3958,38,,,0,70,,3950,38,,,0,30,,3959,38,,,0,70,,3951,38,,,0,30,,3960,38,,,0,85,,3952,38,,,0,70,,3961,38,,,0,30,,3953,38,,,0,70,,3962,38,,,0,30,,3968,38,,,0,70,,3969,38,,,0
700,'100012',822,,4029,35,,,0,100,,4030,35,,,0,100,,4031,35,,,0,100,,4032,35,,,0,100,,4033,35,,,0,115,,4034,35,,,0,100,,4035,35,,,0,100,,4036,35,,,0,115,,4037,35,,,0,100,,4038,35,,,0,100,,4039,35,,,0
700,'100013',822,,4040,35,,,0,100,,4041,35,,,0,100,,4042,35,,,0,100,,4043,35,,,0,100,,4044,35,,,0,115,,4045,35,,,0,100,,4046,35,,,0,100,,4047,35,,,0,115,,4048,35,,,0,100,,4049,35,,,0,100,,4050,35,,,0
700,'100014',544,,4051,35,,,0,70,,4061,35,,,0,30,,4052,35,,,0,58,,4079,35,,,0,12,,4062,35,,,0,30,,4053,35,,,0,70,,4063,35,,,0,40,,4072,35,,,0,70,,4054,35,,,0,30,,4073,35,,,0,70,,4055,35,,,0,30,,4080,35,,,0,70,,4056,35,,,0,30,,4081,35,,,0,70,,4057,35,,,0,83,,4082,35,,,0,35,,4058,35,,,0,75,,4064,35,,,0,35,,4059,35,,,0,75,,4065,35,,,0,75,,4060,35,,,0,35,,4066,35,,,0,80,,4067,35,,,0,40,,4074,35,,,0,70,,4068,35,,,0,30,,4075,35,,,0,70,,4069,35,,,0,30,,4076,35,,,0,86,,4070,35,,,0,70,,4077,35,,,0,30,,4071,35,,,0,70,,4078,35,,,0,30,,4083,35,,,0,70,,4084,35,,,0
1000900,'100012',758,,4281,28,,,0,80,,4282,28,,,0,80,,4283,28,,,0,40,,4284,28,,,0,80,,4285,28,,,0,80,,4286,28,,,0,40,,4287,28,,,0,85,,4288,28,,,0,80,,4289,28,,,0,81,,4290,28,,,0,40,,4291,28,,,0,80,,4292,28,,,0,80,,4293,28,,,0,40,,4294,28,,,0,85,,4295,28,,,0,80,,4296,28,,,0,40,,4297,28,,,0,80,,4298,28,,,0
1000900,'100013',758,,4299,28,,,0,80,,4300,28,,,0,80,,4301,28,,,0,40,,4302,28,,,0,80,,4303,28,,,0,80,,4304,28,,,0,40,,4305,28,,,0,85,,4306,28,,,0,80,,4307,28,,,0,81,,4308,28,,,0,40,,4309,28,,,0,80,,4310,28,,,0,80,,4311,28,,,0,40,,4312,28,,,0,85,,4313,28,,,0,80,,4314,28,,,0,40,,4315,28,,,0,80,,4316,28,,,0
1000900,'100014',545,,4327,28,,,0,70,,4328,28,,,0,30,,4329,28,,,0,70,,4330,28,,,0,30,,4331,28,,,0,70,,4332,28,,,0,22,,4333,28,,,0,68,,4334,28,,,0,35,,4335,28,,,0,60,,4336,28,,,0,30,,4337,28,,,0,70,,4338,28,,,0,30,,4339,28,,,0,70,,4340,28,,,0,30,,4341,28,,,0,70,,4342,28,,,0,30,,4343,28,,,0,70,,4344,28,,,0,33,,4345,28,,,0,70,,4346,28,,,0,34,,4347,28,,,0,64,,4348,28,,,0,32,,4349,28,,,0,70,,4350,28,,,0,18,,4351,28,,,0,85,,4320,28,,,0,30,,4321,28,,,0,70,,4324,28,,,0,30,,4317,28,,,0,67,,4319,28,,,0,44,,4325,28,,,0,85,,4323,28,,,0,75,,4322,28,,,0,35,,4326,28,,,0,75,,4318,28,,,0
2000900,'100012',820,,4352,26,,,0,80,,4353,26,,,0,40,,4354,26,,,0,80,,4355,26,,,0,80,,4356,26,,,0,40,,4357,26,,,0,79,,4358,26,,,0,40,,4359,26,,,0,85,,4360,26,,,0,80,,4361,26,,,0,81,,4362,26,,,0,40,,4363,26,,,0,85,,4364,26,,,0,80,,4365,26,,,0,40,,4366,26,,,0,80,,4367,26,,,0,80,,4368,26,,,0
2000900,'100013',820,,4369,26,,,0,80,,4370,26,,,0,40,,4371,26,,,0,80,,4372,26,,,0,80,,4373,26,,,0,40,,4374,26,,,0,79,,4375,26,,,0,40,,4376,26,,,0,85,,4377,26,,,0,80,,4378,26,,,0,81,,4379,26,,,0,40,,4380,26,,,0,85,,4381,26,,,0,80,,4382,26,,,0,40,,4383,26,,,0,80,,4384,26,,,0,80,,4385,26,,,0
2000900,'100014',610,,4386,26,,,0,20,,4387,26,,,0,70,,4388,26,,,0,30,,4389,26,,,0,70,,4390,26,,,0,20,,4391,26,,,0,80,,4392,26,,,0,22,,4417,26,,,0,28,,4393,26,,,0,70,,4394,26,,,0,20,,4395,26,,,0,70,,4396,26,,,0,30,,4397,26,,,0,70,,4398,26,,,0,30,,4399,26,,,0,70,,4400,26,,,0,30,,4401,26,,,0,70,,4402,26,,,0,32,,4403,26,,,0,71,,4404,26,,,0,30,,4405,26,,,0,74,,4406,26,,,0,24,,4407,26,,,0,72,,4408,26,,,0,38,,4409,26,,,0,70,,4410,26,,,0,30,,4411,26,,,0,70,,4412,26,,,0,30,,4413,26,,,0,65,,4414,26,,,0,32,,4415,26,,,0,74,,4416,26,,,0,85,,4418,26,,,0,35,,4419,26,,,0,76,,4420,26,,,0
