100,'100009',558,,1075,,,0,60,,1101,,,0,20,,1080,,,0,20,,1076,,,0,60,,1100,,,0,20,,1093,,,0,20,,1077,,,0,60,,1102,,,0,20,,1081,,,0,20,,1078,,,0,60,,1099,,,0,18,,1094,,,0,20,,1079,,,0,80,,1082,,,0,70,,1091,,,0,30,,1095,,,0,70,,1092,,,0,31,,1083,,,0,70,,1090,,,0,30,,1096,,,0,80,,1084,,,0,30,,1114,,,0,70,,1098,,,0,20,,1109,,,0,20,,1108,,,0,60,,1097,,,0,20,,1110,,,0,20,,1107,,,0,60,,1085,,,0,18,,1111,,,0,20,,1106,,,0,60,,1086,,,0,20,,1112,,,0,20,,1105,,,0,60,,1087,,,0,20,,1113,,,0,20,,1104,,,0,60,,1088,,,0,38,,1103,,,0,70,,1089,,,0,30,,1116,,,0,69,,1115,,,0,29,,1117,,,0
100,'100010',618,,1134,,,0,20,,1118,,,0,80,,1133,,,0,20,,1127,,,0,80,,1135,,,0,20,,1119,,,0,80,,1132,,,0,18,,1128,,,0,100,,1120,,,0,100,,1129,,,0,101,,1121,,,0,100,,1130,,,0,110,,1147,,,0,90,,1142,,,0,20,,1141,,,0,60,,1131,,,0,20,,1143,,,0,20,,1140,,,0,60,,1122,,,0,18,,1144,,,0,20,,1139,,,0,60,,1123,,,0,20,,1145,,,0,20,,1138,,,0,60,,1124,,,0,20,,1146,,,0,20,,1137,,,0,60,,1125,,,0,38,,1136,,,0,70,,1126,,,0,30,,1149,,,0,69,,1148,,,0,29,,1150,,,0
100,'100011',558,,1151,,,0,100,,1152,,,0,100,,1153,,,0,100,,1154,,,0,98,,1155,,,0,150,,1158,,,0,100,,1159,,,0,101,,1157,,,0,110,,1156,,,0,100,,1160,,,0
100,'100012',805,,1174,,,0,30,,1161,,,0,70,,1184,,,0,30,,1162,,,0,70,,1175,,,0,30,,1163,,,0,70,,1176,,,0,30,,1165,,,0,70,,1177,,,0,30,,1164,,,0,70,,1178,,,0,30,,1166,,,0,70,,1179,,,0,30,,1167,,,0,70,,1180,,,0,30,,1168,,,0,70,,1181,,,0,30,,1169,,,0,70,,1182,,,0,30,,1170,,,0,70,,1183,,,0,30,,1171,,,0,70,,1173,,,0,30,,1172,,,0
100,'100013',835,,1185,,,0,100,,1186,,,0,100,,1187,,,0,100,,1188,,,0,100,,1189,,,0,100,,1190,,,0,100,,1191,,,0,100,,1192,,,0,100,,1193,,,0,100,,1194,,,0,100,,1195,,,0,100,,1196,,,0
100,'100037',558,,1197,,,0,100,,1198,,,0,100,,1199,,,0,100,,1200,,,0,98,,1201,,,0,150,,1204,,,0,100,,1205,,,0,101,,1203,,,0,110,,1202,,,0,100,,1206,,,0
101,'100009',544,,1208,,,0,60,,1231,,,0,20,,1212,,,0,20,,1211,,,0,60,,1232,,,0,20,,1213,,,0,20,,1210,,,0,60,,1233,,,0,20,,1214,,,0,20,,1207,,,0,60,,1234,,,0,17,,1215,,,0,20,,1209,,,0,80,,1216,,,0,30,,1227,,,0,70,,1217,,,0,30,,1228,,,0,71,,1218,,,0,30,,1229,,,0,70,,1219,,,0,80,,1220,,,0,30,,1246,,,0,70,,1221,,,0,20,,1242,,,0,20,,1240,,,0,60,,1222,,,0,20,,1243,,,0,20,,1239,,,0,60,,1223,,,0,19,,1244,,,0,20,,1238,,,0,60,,1224,,,0,20,,1245,,,0,20,,1237,,,0,60,,1225,,,0,20,,1241,,,0,20,,1236,,,0,60,,1226,,,0,38,,1235,,,0,70,,1230,,,0,30,,1247,,,0,70,,1248,,,0,29,,1250,,,0,70,,1249,,,0
101,'100010',604,,1265,,,0,20,,1251,,,0,80,,1266,,,0,20,,1252,,,0,80,,1267,,,0,20,,1253,,,0,80,,1268,,,0,17,,1254,,,0,100,,1255,,,0,100,,1256,,,0,101,,1257,,,0,100,,1258,,,0,110,,1280,,,0,90,,1276,,,0,20,,1274,,,0,60,,1259,,,0,20,,1277,,,0,20,,1273,,,0,60,,1260,,,0,19,,1278,,,0,20,,1272,,,0,60,,1261,,,0,20,,1279,,,0,20,,1271,,,0,60,,1262,,,0,20,,1275,,,0,20,,1270,,,0,60,,1263,,,0,38,,1269,,,0,70,,1264,,,0,30,,1281,,,0,70,,1282,,,0,29,,1284,,,0,70,,1283,,,0
101,'100011',544,,1286,,,0,100,,1289,,,0,100,,1288,,,0,100,,1285,,,0,97,,1287,,,0,110,,1292,,,0,100,,1293,,,0,101,,1294,,,0,150,,1290,,,0,100,,1291,,,0
101,'100012',750,,1318,,,0,70,,1295,,,0,30,,1307,,,0,70,,1296,,,0,30,,1308,,,0,70,,1297,,,0,30,,1309,,,0,70,,1298,,,0,30,,1310,,,0,70,,1299,,,0,30,,1311,,,0,70,,1301,,,0,30,,1312,,,0,70,,1300,,,0,30,,1313,,,0,70,,1303,,,0,30,,1314,,,0,70,,1302,,,0,30,,1315,,,0,70,,1304,,,0,30,,1316,,,0,70,,1305,,,0,30,,1317,,,0,70,,1306,,,0
101,'100013',820,,1319,,,0,100,,1320,,,0,100,,1321,,,0,100,,1322,,,0,100,,1323,,,0,100,,1324,,,0,100,,1325,,,0,100,,1326,,,0,100,,1327,,,0,100,,1328,,,0,100,,1329,,,0,100,,1330,,,0
101,'100037',544,,1332,,,0,100,,1335,,,0,100,,1334,,,0,100,,1331,,,0,97,,1333,,,0,110,,1338,,,0,100,,1339,,,0,101,,1340,,,0,150,,1336,,,0,100,,1337,,,0
