509,'1476884',809,,519,0,16 3 17,0
509,'1476885',909,,520,0,16 3 17,0
509,'1476886',1009,,521,0,16 3 17,0
509,'1476887',1109,,522,0,16 3 17,0
509,'1476888',1209,,523,0,16 3 17,0
509,'1476889',1324,,524,0,16 3 17,0
509,'1476890',1424,,525,0,16 3 17,0
509,'1476891',1524,,526,0,16 3 17,0
509,'1476892',1639,,527,0,16 3 17,0
509,'1476893',1739,,528,0,16 3 17,0
509,'1476894',1839,,529,0,16 3 17,0
509,'1477372',601,,530,0,16 3 17,0
509,'1477373',701,,531,0,16 3 17,0
509,'1477374',801,,532,0,16 3 17,0
509,'1477375',841,,533,0,16 3 17,0
509,'1477376',941,,534,0,16 3 17,0
509,'1477377',1041,,535,0,16 3 17,0
509,'1477378',1141,,536,0,16 3 17,0
509,'1477379',1252,,537,0,16 3 17,0
509,'1477380',1402,,538,0,16 3 17,0
509,'1477381',1512,,539,0,16 3 17,0
509,'1477382',1622,,540,0,16 3 17,0
509,'1477383',1702,,541,0,16 3 17,0
509,'1477384',1814,,542,0,16 3 17,0
509,'1477385',1914,,543,0,16 3 17,0
509,'1477386',2029,,544,0,16 3 17,0
509,'1477387',2129,,545,0,16 3 17,0
509,'1477388',631,,546,0,16 3 17,0
509,'1477389',731,,547,0,16 3 17,0
509,'1477390',1437,,548,0,16 3 17,0
509,'1477391',1547,,549,0,16 3 17,0
509,'1477392',1744,,550,0,16 3 17,0
509,'1477393',1844,,551,0,16 3 17,0
509,'1477394',1944,,552,0,16 3 17,0
509,'1477395',2059,,553,0,16 3 17,0
509,'1477396',2159,,554,0,16 3 17,0
509,'1477397',911,,555,0,16 3 17,0
509,'1477398',1327,,556,0,16 3 17,0
509,'1477399',1111,,557,0,16 3 17,0
509,'1477400',1011,,558,0,16 3 17,0
509,'1477401',1211,,559,0,16 3 17,0
509,'1477402',2229,,560,0,16 3 17,0
509,'1477403',2259,,561,0,16 3 17,0
509,'1477735',809,,562,0,16 3 17,0
509,'1477736',909,,563,0,16 3 17,0
509,'1477737',1009,,564,0,16 3 17,0
509,'1477738',1109,,565,0,16 3 17,0
509,'1477739',1209,,566,0,16 3 17,0
509,'1477740',1324,,567,0,16 3 17,0
509,'1477741',1424,,568,0,16 3 17,0
509,'1477742',1524,,569,0,16 3 17,0
509,'1477743',1639,,570,0,16 3 17,0
509,'1477744',1739,,571,0,16 3 17,0
509,'1477745',1839,,572,0,16 3 17,0
