109,'1477039',804,,13,0,33,0
109,'1477040',904,,14,0,33,0
109,'1477041',1004,,15,0,33,0
109,'1477042',1104,,16,0,33,0
109,'1477043',1204,,17,0,33,0
109,'1477044',1304,,18,0,33,0
109,'1477045',1404,,19,0,33,0
109,'1477046',1504,,20,0,33,0
109,'1477047',1604,,21,0,33,0
109,'1477048',1704,,22,0,33,0
109,'1477049',1804,,23,0,33,0
109,'1477050',1904,,24,0,33,0
109,'1477051',829,,25,0,33,0
109,'1477052',529,,26,0,33,0
109,'1477053',928,,27,0,33,0
109,'1477054',729,,28,0,33,0
109,'1477055',629,,29,0,33,0
109,'1477061',609,,35,0,33,0
109,'1477062',709,,36,0,33,0
109,'1477063',809,,37,0,33,0
109,'1477064',908,,38,0,33,0
109,'1477065',1008,,39,0,33,0
109,'1477066',1108,,40,0,33,0
109,'1477067',1209,,41,0,33,0
109,'1477068',1309,,42,0,33,0
109,'1477073',1349,,47,0,33,0
109,'1477074',1449,,48,0,33,0
109,'1477075',1549,,49,0,33,0
109,'1477076',1649,,50,0,33,0
109,'1477077',1748,,51,0,33,0
109,'1477078',1848,,52,0,33,0
109,'1477079',1948,,53,0,33,0
109,'1477087',1038,,61,0,33,0
109,'1477088',1138,,62,0,33,0
109,'1477089',1239,,63,0,33,0
109,'1477098',2056,,72,0,33,0
109,'1477099',549,,73,0,33,0
109,'1477100',649,,74,0,33,0
109,'1477101',749,,75,0,33,0
109,'1477102',849,,76,0,33,0
109,'1477107',2026,,81,0,33,0
109,'1477108',1928,,82,0,33,0
109,'1477109',1828,,83,0,33,0
109,'1477110',1728,,84,0,33,0
109,'1477111',1629,,85,0,33,0
109,'1477112',1529,,86,0,33,0
109,'1477124',1908,,98,0,33,0
109,'1477125',1509,,99,0,33,0
109,'1477126',1609,,100,0,33,0
109,'1477127',1708,,101,0,33,0
109,'1477128',1808,,102,0,33,0
109,'1477130',1419,,104,0,33,0
109,'1477131',2126,,105,0,33,0
109,'1477132',2156,,106,0,33,0
109,'1477133',2255,,107,0,33,0
109,'1477137',2225,,111,0,33,0
109,'1477612',804,,112,0,33,0
109,'1477614',904,,114,0,33,0
109,'1477617',1004,,117,0,33,0
109,'1477618',1104,,118,0,33,0
109,'1477619',1204,,119,0,33,0
109,'1477622',1404,,122,0,33,0
109,'1477625',1304,,125,0,33,0
109,'1477628',1604,,128,0,33,0
109,'1477629',1504,,129,0,33,0
109,'1477630',1704,,130,0,33,0
109,'1477632',1804,,132,0,33,0
109,'1477635',1904,,135,0,33,0
109,'1477636',834,,136,0,33,0
109,'1477637',934,,137,0,33,0
109,'1477638',1034,,138,0,33,0
109,'1477639',1134,,139,0,33,0
109,'1477640',1234,,140,0,33,0
109,'1477641',1334,,141,0,33,0
109,'1477642',1434,,142,0,33,0
109,'1477643',1534,,143,0,33,0
109,'1477644',1634,,144,0,33,0
109,'1477645',1734,,145,0,33,0
109,'1477646',1834,,146,0,33,0
109,'1477658',734,,158,0,33,0
