700,'100009',533,,1014,17,0,24 3 25,0,70,,1024,17,0,24 3 25,0,30,,1015,17,0,24 3 25,0,18,,1042,17,0,24 3 25,0,52,,1025,17,0,24 3 25,0,30,,1016,17,0,24 3 25,0,70,,1026,17,0,24 3 25,0,40,,1035,17,0,24 3 25,0,70,,1017,17,0,24 3 25,0,30,,1036,17,0,24 3 25,0,70,,1018,17,0,24 3 25,0,30,,1043,17,0,24 3 25,0,70,,1019,17,0,24 3 25,0,30,,1044,17,0,24 3 25,0,70,,1020,17,0,24 3 25,0,41,,1045,17,0,24 3 25,0,75,,1021,17,0,24 3 25,0,75,,1027,17,0,24 3 25,0,35,,1022,17,0,24 3 25,0,75,,1028,17,0,24 3 25,0,35,,1023,17,0,24 3 25,0,75,,1029,17,0,24 3 25,0,80,,1030,17,0,24 3 25,0,42,,1037,17,0,24 3 25,0,70,,1031,17,0,24 3 25,0,30,,1038,17,0,24 3 25,0,70,,1032,17,0,24 3 25,0,30,,1039,17,0,24 3 25,0,86,,1033,17,0,24 3 25,0,70,,1040,17,0,24 3 25,0,30,,1034,17,0,24 3 25,0,70,,1041,17,0,24 3 25,0,30,,1046,17,0,24 3 25,0,70,,1047,17,0,24 3 25,0
700,'100010',811,,1048,17,0,24 3 25,0,100,,1049,17,0,24 3 25,0,100,,1050,17,0,24 3 25,0,100,,1051,17,0,24 3 25,0,100,,1052,17,0,24 3 25,0,115,,1053,17,0,24 3 25,0,100,,1054,17,0,24 3 25,0,100,,1055,17,0,24 3 25,0,115,,1056,17,0,24 3 25,0,100,,1057,17,0,24 3 25,0,100,,1058,17,0,24 3 25,0
700,'100011',811,,2717,17,0,24 3 25,0,100,,2718,17,0,24 3 25,0,100,,2719,17,0,24 3 25,0,100,,2720,17,0,24 3 25,0,100,,2721,17,0,24 3 25,0,115,,2722,17,0,24 3 25,0,100,,2723,17,0,24 3 25,0,100,,2724,17,0,24 3 25,0,115,,2725,17,0,24 3 25,0,100,,2726,17,0,24 3 25,0,100,,2727,17,0,24 3 25,0,100,,2728,17,0,24 3 25,0
700,'100012',811,,2729,17,0,24 3 25,0,100,,2730,17,0,24 3 25,0,100,,2731,17,0,24 3 25,0,100,,2732,17,0,24 3 25,0,100,,2733,17,0,24 3 25,0,115,,2734,17,0,24 3 25,0,100,,2735,17,0,24 3 25,0,100,,2736,17,0,24 3 25,0,115,,2737,17,0,24 3 25,0,100,,2738,17,0,24 3 25,0,100,,2739,17,0,24 3 25,0
700,'100013',533,,2740,17,0,24 3 25,0,70,,2750,17,0,24 3 25,0,30,,2741,17,0,24 3 25,0,18,,2768,17,0,24 3 25,0,52,,2751,17,0,24 3 25,0,30,,2742,17,0,24 3 25,0,70,,2752,17,0,24 3 25,0,40,,2761,17,0,24 3 25,0,70,,2743,17,0,24 3 25,0,30,,2762,17,0,24 3 25,0,70,,2744,17,0,24 3 25,0,30,,2769,17,0,24 3 25,0,70,,2745,17,0,24 3 25,0,30,,2770,17,0,24 3 25,0,70,,2746,17,0,24 3 25,0,41,,2771,17,0,24 3 25,0,75,,2747,17,0,24 3 25,0,75,,2753,17,0,24 3 25,0,35,,2748,17,0,24 3 25,0,75,,2754,17,0,24 3 25,0,35,,2749,17,0,24 3 25,0,75,,2755,17,0,24 3 25,0,80,,2756,17,0,24 3 25,0,42,,2763,17,0,24 3 25,0,70,,2757,17,0,24 3 25,0,30,,2764,17,0,24 3 25,0,70,,2758,17,0,24 3 25,0,30,,2765,17,0,24 3 25,0,86,,2759,17,0,24 3 25,0,70,,2766,17,0,24 3 25,0,30,,2760,17,0,24 3 25,0,70,,2767,17,0,24 3 25,0,30,,2772,17,0,24 3 25,0,70,,2773,17,0,24 3 25,0
700,'100014',533,,2774,17,0,24 3 25,0,70,,2784,17,0,24 3 25,0,30,,2775,17,0,24 3 25,0,18,,2802,17,0,24 3 25,0,52,,2785,17,0,24 3 25,0,30,,2776,17,0,24 3 25,0,70,,2786,17,0,24 3 25,0,40,,2795,17,0,24 3 25,0,70,,2777,17,0,24 3 25,0,30,,2796,17,0,24 3 25,0,70,,2778,17,0,24 3 25,0,30,,2803,17,0,24 3 25,0,70,,2779,17,0,24 3 25,0,30,,2804,17,0,24 3 25,0,70,,2780,17,0,24 3 25,0,41,,2805,17,0,24 3 25,0,75,,2781,17,0,24 3 25,0,75,,2787,17,0,24 3 25,0,35,,2782,17,0,24 3 25,0,75,,2788,17,0,24 3 25,0,35,,2783,17,0,24 3 25,0,75,,2789,17,0,24 3 25,0,80,,2790,17,0,24 3 25,0,42,,2797,17,0,24 3 25,0,70,,2791,17,0,24 3 25,0,30,,2798,17,0,24 3 25,0,70,,2792,17,0,24 3 25,0,30,,2799,17,0,24 3 25,0,86,,2793,17,0,24 3 25,0,70,,2800,17,0,24 3 25,0,30,,2794,17,0,24 3 25,0,70,,2801,17,0,24 3 25,0,30,,2806,17,0,24 3 25,0,70,,2807,17,0,24 3 25,0
700,'100015',811,,2808,17,0,24 3 25,0,100,,2809,17,0,24 3 25,0,100,,2810,17,0,24 3 25,0,100,,2811,17,0,24 3 25,0,100,,2812,17,0,24 3 25,0,115,,2813,17,0,24 3 25,0,100,,2814,17,0,24 3 25,0,100,,2815,17,0,24 3 25,0,115,,2816,17,0,24 3 25,0,100,,2817,17,0,24 3 25,0,100,,2818,17,0,24 3 25,0
5100,'100009',734,,1361,1,0,7 8 9 10 11,0
5100,'100013',734,,3165,1,0,7 8 9 10 11,0
5101,'100009',1438,,1363,8,0,5 28,0,75,,1362,23,0,26 3 27,0
5101,'100013',1438,,3167,8,0,5 28,0,75,,3166,23,0,26 3 27,0
5300,'100009',801,,1367,17,,,0
5300,'100013',801,,3171,17,,,0
5301,'100009',1533,,1369,10,,,0
5301,'100013',1533,,3173,10,,,0
