500,'100009',607,,832,30,,,0,30,,848,30,,,0,70,,833,30,,,0,30,,849,30,,,0,70,,834,30,,,0,40,,835,30,,,0,70,,857,30,,,0,30,,836,30,,,0,70,,860,30,,,0,30,,837,30,,,0,70,,859,30,,,0,30,,838,30,,,0,70,,861,30,,,0,42,,839,30,,,0,75,,858,30,,,0,75,,840,30,,,0,35,,850,30,,,0,75,,841,30,,,0,35,,851,30,,,0,75,,842,30,,,0,80,,843,30,,,0,41,,852,30,,,0,70,,844,30,,,0,30,,853,30,,,0,70,,845,30,,,0,30,,854,30,,,0,85,,846,30,,,0,70,,855,30,,,0,30,,847,30,,,0,70,,856,30,,,0,30,,862,30,,,0,70,,863,30,,,0
500,'100010',815,,864,30,,,0,100,,865,30,,,0,100,,866,30,,,0,100,,867,30,,,0,100,,868,30,,,0,115,,869,30,,,0,100,,870,30,,,0,100,,871,30,,,0,115,,872,30,,,0,100,,873,30,,,0,100,,874,30,,,0
500,'100011',815,,2512,30,,,0,100,,2513,30,,,0,100,,2514,30,,,0,100,,2515,30,,,0,100,,2516,30,,,0,115,,2517,30,,,0,100,,2518,30,,,0,100,,2519,30,,,0,115,,2520,30,,,0,100,,2521,30,,,0,100,,2522,30,,,0,100,,2523,30,,,0
500,'100012',815,,2524,30,,,0,100,,2525,30,,,0,100,,2526,30,,,0,100,,2527,30,,,0,100,,2528,30,,,0,115,,2529,30,,,0,100,,2530,30,,,0,100,,2531,30,,,0,115,,2532,30,,,0,100,,2533,30,,,0,100,,2534,30,,,0
500,'100013',607,,2535,30,,,0,30,,2551,30,,,0,70,,2536,30,,,0,30,,2552,30,,,0,70,,2537,30,,,0,40,,2538,30,,,0,70,,2560,30,,,0,30,,2539,30,,,0,70,,2563,30,,,0,30,,2540,30,,,0,70,,2562,30,,,0,30,,2541,30,,,0,70,,2564,30,,,0,42,,2542,30,,,0,75,,2561,30,,,0,75,,2543,30,,,0,35,,2553,30,,,0,75,,2544,30,,,0,35,,2554,30,,,0,75,,2545,30,,,0,80,,2546,30,,,0,41,,2555,30,,,0,70,,2547,30,,,0,30,,2556,30,,,0,70,,2548,30,,,0,30,,2557,30,,,0,85,,2549,30,,,0,70,,2558,30,,,0,30,,2550,30,,,0,70,,2559,30,,,0,30,,2565,30,,,0,70,,2566,30,,,0
500,'100014',607,,2567,30,,,0,30,,2583,30,,,0,70,,2568,30,,,0,30,,2584,30,,,0,70,,2569,30,,,0,40,,2570,30,,,0,70,,2592,30,,,0,30,,2571,30,,,0,70,,2595,30,,,0,30,,2572,30,,,0,70,,2594,30,,,0,30,,2573,30,,,0,70,,2596,30,,,0,42,,2574,30,,,0,75,,2593,30,,,0,75,,2575,30,,,0,35,,2585,30,,,0,75,,2576,30,,,0,35,,2586,30,,,0,75,,2577,30,,,0,80,,2578,30,,,0,41,,2587,30,,,0,70,,2579,30,,,0,30,,2588,30,,,0,70,,2580,30,,,0,30,,2589,30,,,0,85,,2581,30,,,0,70,,2590,30,,,0,30,,2582,30,,,0,70,,2591,30,,,0,30,,2597,30,,,0,70,,2598,30,,,0
500,'100015',815,,2599,30,,,0,100,,2600,30,,,0,100,,2601,30,,,0,100,,2602,30,,,0,100,,2603,30,,,0,115,,2604,30,,,0,100,,2605,30,,,0,100,,2606,30,,,0,115,,2607,30,,,0,100,,2608,30,,,0,100,,2609,30,,,0
5200,'100009',1441,,1364,9,0,5 6,0
5200,'100013',1441,,3168,9,0,5 6,0
5201,'100009',740,,1365,17,0,7 8 9,0
5201,'100013',740,,3169,17,0,7 8 9,0
5400,'100009',732,,1370,17,0,7 18,0
5400,'100013',732,,3174,17,0,7 18,0
