800,'100009',607,,1117,24,,,0,30,,1102,24,,,0,70,,1118,24,,,0,30,,1103,24,,,0,70,,1119,24,,,0,40,,1120,24,,,0,69,,1104,24,,,0,30,,1128,24,,,0,70,,1105,24,,,0,30,,1129,24,,,0,70,,1106,24,,,0,30,,1130,24,,,0,70,,1107,24,,,0,42,,1131,24,,,0,75,,1108,24,,,0,75,,1121,24,,,0,35,,1109,24,,,0,75,,1110,24,,,0,35,,1122,24,,,0,75,,1111,24,,,0,80,,1123,24,,,0,42,,1112,24,,,0,70,,1124,24,,,0,30,,1113,24,,,0,70,,1125,24,,,0,30,,1114,24,,,0,85,,1126,24,,,0,70,,1115,24,,,0,30,,1127,24,,,0,70,,1116,24,,,0,28,,1133,24,,,0,68,,1132,24,,,0
800,'100010',743,,1134,24,,,0,100,,1135,24,,,0,100,,1136,24,,,0,100,,1137,24,,,0,100,,1138,24,,,0,115,,1139,24,,,0,100,,1140,24,,,0,100,,1141,24,,,0,100,,1142,24,,,0,155,,1143,24,,,0,100,,1144,24,,,0,100,,1145,24,,,0
800,'100011',743,,2819,24,,,0,100,,2820,24,,,0,100,,2821,24,,,0,100,,2822,24,,,0,100,,2823,24,,,0,115,,2824,24,,,0,100,,2825,24,,,0,100,,2826,24,,,0,100,,2827,24,,,0,155,,2828,24,,,0,100,,2829,24,,,0,100,,2830,24,,,0,100,,2831,24,,,0
800,'100012',743,,2832,24,,,0,100,,2833,24,,,0,100,,2834,24,,,0,100,,2835,24,,,0,100,,2836,24,,,0,115,,2837,24,,,0,100,,2838,24,,,0,100,,2839,24,,,0,100,,2840,24,,,0,155,,2841,24,,,0,100,,2842,24,,,0,100,,2843,24,,,0
800,'100013',607,,2859,24,,,0,30,,2844,24,,,0,70,,2860,24,,,0,30,,2845,24,,,0,70,,2861,24,,,0,40,,2862,24,,,0,69,,2846,24,,,0,30,,2870,24,,,0,70,,2847,24,,,0,30,,2871,24,,,0,70,,2848,24,,,0,30,,2872,24,,,0,70,,2849,24,,,0,42,,2873,24,,,0,75,,2850,24,,,0,75,,2863,24,,,0,35,,2851,24,,,0,75,,2852,24,,,0,35,,2864,24,,,0,75,,2853,24,,,0,80,,2865,24,,,0,42,,2854,24,,,0,70,,2866,24,,,0,30,,2855,24,,,0,70,,2867,24,,,0,30,,2856,24,,,0,85,,2868,24,,,0,70,,2857,24,,,0,30,,2869,24,,,0,70,,2858,24,,,0,28,,2875,24,,,0,68,,2874,24,,,0
800,'100014',607,,2891,24,,,0,30,,2876,24,,,0,70,,2892,24,,,0,30,,2877,24,,,0,70,,2893,24,,,0,40,,2894,24,,,0,69,,2878,24,,,0,30,,2902,24,,,0,70,,2879,24,,,0,30,,2903,24,,,0,70,,2880,24,,,0,30,,2904,24,,,0,70,,2881,24,,,0,42,,2905,24,,,0,75,,2882,24,,,0,75,,2895,24,,,0,35,,2883,24,,,0,75,,2884,24,,,0,35,,2896,24,,,0,75,,2885,24,,,0,80,,2897,24,,,0,42,,2886,24,,,0,70,,2898,24,,,0,30,,2887,24,,,0,70,,2899,24,,,0,30,,2888,24,,,0,85,,2900,24,,,0,70,,2889,24,,,0,30,,2901,24,,,0,70,,2890,24,,,0,28,,2907,24,,,0,68,,2906,24,,,0
800,'100015',743,,2908,24,,,0,100,,2909,24,,,0,100,,2910,24,,,0,100,,2911,24,,,0,100,,2912,24,,,0,115,,2913,24,,,0,100,,2914,24,,,0,100,,2915,24,,,0,100,,2916,24,,,0,155,,2917,24,,,0,100,,2918,24,,,0,100,,2919,24,,,0
5000,'100009',756,,1358,23,,,0
5000,'100013',756,,3162,23,,,0
5100,'100009',754,,1361,24,0,5 28,0
5100,'100013',754,,3165,24,0,5 28,0
5300,'100009',819,,1367,36,,,0
5300,'100013',819,,3171,36,,,0
5301,'100009',1551,,1369,29,,,0
5301,'100013',1551,,3173,29,,,0
