109,'1477027',847,,1,,,0
109,'1477028',947,,2,,,0
109,'1477029',1047,,3,,,0
109,'1477030',1147,,4,,,0
109,'1477031',1247,,5,,,0
109,'1477032',1347,,6,,,0
109,'1477033',1447,,7,,,0
109,'1477034',1547,,8,,,0
109,'1477035',1647,,9,,,0
109,'1477036',1747,,10,,,0
109,'1477037',1847,,11,,,0
109,'1477038',1947,,12,,,0
109,'1477056',608,,30,,,0
109,'1477057',708,,31,,,0
109,'1477058',808,,32,,,0
109,'1477059',908,,33,,,0
109,'1477060',1006,,34,,,0
109,'1477069',648,,43,,,0
109,'1477070',848,,44,,,0
109,'1477071',1046,,45,,,0
109,'1477072',1247,,46,,,0
109,'1477080',1427,,54,,,0
109,'1477081',1727,,55,,,0
109,'1477082',1825,,56,,,0
109,'1477083',1925,,57,,,0
109,'1477084',2025,,58,,,0
109,'1477085',2133,,59,,,0
109,'1477086',1317,,60,,,0
109,'1477090',1116,,64,,,0
109,'1477091',1216,,65,,,0
109,'1477092',748,,66,,,0
109,'1477093',946,,67,,,0
109,'1477094',1146,,68,,,0
109,'1477095',1347,,69,,,0
109,'1477096',1627,,70,,,0
109,'1477097',1527,,71,,,0
109,'1477103',928,,77,,,0
109,'1477104',728,,78,,,0
109,'1477105',628,,79,,,0
109,'1477106',828,,80,,,0
109,'1477113',2103,,87,,,0
109,'1477114',2005,,88,,,0
109,'1477115',1905,,89,,,0
109,'1477116',1805,,90,,,0
109,'1477117',1707,,91,,,0
109,'1477118',1607,,92,,,0
109,'1477119',1547,,93,,,0
109,'1477120',1647,,94,,,0
109,'1477121',1745,,95,,,0
109,'1477122',1845,,96,,,0
109,'1477123',1945,,97,,,0
109,'1477129',1457,,103,,,0
109,'1477134',2231,,108,,,0
109,'1477135',2203,,109,,,0
109,'1477136',2300,,110,,,0
109,'1477613',847,,113,,,0
109,'1477615',947,,115,,,0
109,'1477616',1047,,116,,,0
109,'1477620',1247,,120,,,0
109,'1477621',1147,,121,,,0
109,'1477623',1347,,123,,,0
109,'1477624',1447,,124,,,0
109,'1477626',1547,,126,,,0
109,'1477627',1647,,127,,,0
109,'1477631',1747,,131,,,0
109,'1477633',1847,,133,,,0
109,'1477634',1947,,134,,,0
109,'1477647',1917,,147,,,0
109,'1477648',817,,148,,,0
109,'1477649',1017,,149,,,0
109,'1477650',1117,,150,,,0
109,'1477651',1217,,151,,,0
109,'1477652',1317,,152,,,0
109,'1477653',1417,,153,,,0
109,'1477654',1517,,154,,,0
109,'1477655',1617,,155,,,0
109,'1477656',1717,,156,,,0
109,'1477657',1817,,157,,,0
109,'1477659',917,,159,,,0
