309,'1476929',1704,,331,,,0
309,'1476930',1804,,332,,,0
309,'1476931',1904,,333,,,0
309,'1476932',733,,334,,,0
309,'1476933',833,,335,,,0
309,'1476934',933,,336,,,0
309,'1476935',1034,,337,,,0
309,'1476936',1134,,338,,,0
309,'1476937',1249,,339,,,0
309,'1476938',1349,,340,,,0
309,'1476939',1449,,341,,,0
309,'1476940',1549,,342,,,0
309,'1477265',526,,343,,,0
309,'1477266',556,,344,,,0
309,'1477267',626,,345,,,0
309,'1477268',656,,346,,,0
309,'1477269',726,,347,,,0
309,'1477270',736,,348,,,0
309,'1477271',836,,349,,,0
309,'1477272',936,,350,,,0
309,'1477273',1036,,351,,,0
309,'1477274',1136,,352,,,0
309,'1477275',756,,353,,,0
309,'1477276',906,,354,,,0
309,'1477277',1006,,355,,,0
309,'1477278',1106,,356,,,0
309,'1477279',1206,,357,,,0
309,'1477280',1244,,358,,,0
309,'1477281',1319,,359,,,0
309,'1477282',1354,,360,,,0
309,'1477283',1408,,361,,,0
309,'1477284',1429,,362,,,0
309,'1477285',1504,,363,,,0
309,'1477286',1539,,364,,,0
309,'1477287',1614,,365,,,0
309,'1477288',1654,,366,,,0
309,'1477289',1739,,367,,,0
309,'1477290',1809,,368,,,0
309,'1477291',1839,,369,,,0
309,'1477292',1909,,370,,,0
309,'1477293',1939,,371,,,0
309,'1477294',2024,,372,,,0
309,'1477295',2054,,373,,,0
309,'1477296',2124,,374,,,0
309,'1477297',2154,,375,,,0
309,'1477298',2224,,376,,,0
309,'1477299',2254,,377,,,0
309,'1477300',1509,,378,,,0
309,'1477565',1804,,427,,,0
309,'1477566',1904,,428,,,0
309,'1477567',1704,,429,,,0
309,'1477568',733,,430,,,0
309,'1477569',833,,431,,,0
309,'1477570',933,,432,,,0
309,'1477571',1034,,433,,,0
309,'1477572',1134,,434,,,0
309,'1477573',1249,,435,,,0
309,'1477574',1349,,436,,,0
309,'1477575',1449,,437,,,0
309,'1477576',1549,,438,,,0
