309,'1476918',814,,320,,,0
309,'1476919',914,,321,,,0
309,'1476920',1014,,322,,,0
309,'1476921',1113,,323,,,0
309,'1476922',1213,,324,,,0
309,'1476923',1328,,325,,,0
309,'1476924',1428,,326,,,0
309,'1476925',1528,,327,,,0
309,'1476926',1628,,328,,,0
309,'1476927',1743,,329,,,0
309,'1476928',1843,,330,,,0
309,'1477301',538,,379,,,0
309,'1477302',608,,380,,,0
309,'1477303',638,,381,,,0
309,'1477304',708,,382,,,0
309,'1477305',738,,383,,,0
309,'1477306',808,,384,,,0
309,'1477307',838,,385,,,0
309,'1477308',623,,386,,,0
309,'1477309',818,,387,,,0
309,'1477310',918,,388,,,0
309,'1477311',1018,,389,,,0
309,'1477312',1118,,390,,,0
309,'1477313',1220,,391,,,0
309,'1477314',948,,392,,,0
309,'1477315',1048,,393,,,0
309,'1477316',1148,,394,,,0
309,'1477317',1250,,395,,,0
309,'1477318',1333,,396,,,0
309,'1477319',1408,,397,,,0
309,'1477320',1443,,398,,,0
309,'1477321',1444,,399,,,0
309,'1477322',1457,,400,,,0
309,'1477323',1518,,401,,,0
309,'1477324',1553,,402,,,0
309,'1477325',1558,,403,,,0
309,'1477326',1628,,404,,,0
309,'1477327',1703,,405,,,0
309,'1477328',1743,,406,,,0
309,'1477329',1821,,407,,,0
309,'1477330',1851,,408,,,0
309,'1477331',1921,,409,,,0
309,'1477332',1951,,410,,,0
309,'1477333',2021,,411,,,0
309,'1477334',2106,,412,,,0
309,'1477335',2136,,413,,,0
309,'1477336',2206,,414,,,0
309,'1477337',2236,,415,,,0
309,'1477554',814,,416,,,0
309,'1477555',914,,417,,,0
309,'1477556',1014,,418,,,0
309,'1477557',1113,,419,,,0
309,'1477558',1213,,420,,,0
309,'1477559',1428,,421,,,0
309,'1477560',1528,,422,,,0
309,'1477561',1628,,423,,,0
309,'1477562',1743,,424,,,0
309,'1477563',1843,,425,,,0
309,'1477564',1328,,426,,,0
