200,'100009',547,,308,10,,,0,70,,300,31,,,0,30,,309,31,,,0,70,,301,31,,,0,30,,310,31,,,0,70,,302,31,,,0,40,,311,31,,,0,70,,303,31,,,0,30,,312,31,,,0,70,,304,31,,,0,30,,313,31,,,0,70,,305,31,,,0,30,,314,31,,,0,70,,306,31,,,0,79,,315,31,,,0,35,,307,31,,,0,75,,316,31,,,0,35,,324,31,,,0,75,,317,31,,,0,75,,325,31,,,0,35,,318,31,,,0,80,,319,31,,,0,43,,326,31,,,0,70,,320,31,,,0,30,,327,31,,,0,70,,321,31,,,0,30,,328,31,,,0,85,,322,31,,,0,70,,329,31,,,0,30,,323,31,,,0,70,,330,31,,,0,30,,331,31,,,0,72,,332,31,,,0
200,'100010',755,,338,31,,,0,70,,342,31,,,0,30,,339,31,,,0,70,,352,31,,,0,30,,341,31,,,0,70,,340,31,,,0,30,,343,31,,,0,70,,344,31,,,0,30,,333,31,,,0,70,,346,31,,,0,85,,347,31,,,0,30,,348,31,,,0,70,,349,31,,,0,30,,350,31,,,0,70,,351,31,,,0,30,,355,31,,,0,70,,353,31,,,0,45,,354,31,,,0,70,,334,31,,,0,30,,337,31,,,0,70,,336,31,,,0,30,,335,31,,,0,70,,345,31,,,0
201,'100011',755,,2023,13,0,5 6,0,70,,2027,13,0,5 6,0,30,,2024,13,0,5 6,0,70,,2037,13,0,5 6,0,30,,2026,13,0,5 6,0,70,,2025,13,0,5 6,0,30,,2028,13,0,5 6,0,70,,2029,13,0,5 6,0,30,,2018,13,0,5 6,0,85,,2031,13,0,5 6,0,70,,2032,13,0,5 6,0,30,,2033,13,0,5 6,0,70,,2034,13,0,5 6,0,30,,2035,13,0,5 6,0,70,,2036,13,0,5 6,0,30,,2040,13,0,5 6,0,85,,2038,13,0,5 6,0,30,,2039,13,0,5 6,0,70,,2019,13,0,5 6,0,30,,2022,13,0,5 6,0,70,,2021,13,0,5 6,0,30,,2020,13,0,5 6,0,70,,2030,13,0,5 6,0,30,,2041,13,0,5 6,0
201,'100012',755,,2047,13,0,5 6,0,70,,2051,13,0,5 6,0,30,,2048,13,0,5 6,0,70,,2061,13,0,5 6,0,30,,2050,13,0,5 6,0,70,,2049,13,0,5 6,0,30,,2052,13,0,5 6,0,70,,2053,13,0,5 6,0,30,,2042,13,0,5 6,0,85,,2055,13,0,5 6,0,70,,2056,13,0,5 6,0,30,,2057,13,0,5 6,0,70,,2058,13,0,5 6,0,30,,2059,13,0,5 6,0,70,,2060,13,0,5 6,0,30,,2064,13,0,5 6,0,85,,2062,13,0,5 6,0,30,,2063,13,0,5 6,0,70,,2043,13,0,5 6,0,30,,2046,13,0,5 6,0,70,,2045,13,0,5 6,0,30,,2044,13,0,5 6,0,70,,2054,13,0,5 6,0
201,'100013',547,,2098,13,0,5 6,0,70,,2065,13,0,5 6,0,30,,2073,13,0,5 6,0,70,,2066,13,0,5 6,0,30,,2074,13,0,5 6,0,70,,2067,13,0,5 6,0,40,,2075,13,0,5 6,0,70,,2068,13,0,5 6,0,30,,2076,13,0,5 6,0,70,,2069,13,0,5 6,0,30,,2077,13,0,5 6,0,70,,2070,13,0,5 6,0,30,,2078,13,0,5 6,0,70,,2071,13,0,5 6,0,79,,2096,13,0,5 6,0,35,,2072,13,0,5 6,0,75,,2079,13,0,5 6,0,35,,2086,13,0,5 6,0,75,,2080,13,0,5 6,0,75,,2087,13,0,5 6,0,35,,2081,13,0,5 6,0,79,,2097,13,0,5 6,0,44,,2088,13,0,5 6,0,70,,2082,13,0,5 6,0,30,,2089,13,0,5 6,0,70,,2083,13,0,5 6,0,30,,2090,13,0,5 6,0,85,,2084,13,0,5 6,0,70,,2091,13,0,5 6,0,30,,2085,13,0,5 6,0,70,,2092,13,0,5 6,0,30,,2093,13,0,5 6,0,72,,2094,13,0,5 6,0
201,'100014',547,,2132,13,0,5 6,0,70,,2099,13,0,5 6,0,30,,2107,13,0,5 6,0,70,,2100,13,0,5 6,0,30,,2108,13,0,5 6,0,70,,2101,13,0,5 6,0,40,,2109,13,0,5 6,0,70,,2102,13,0,5 6,0,30,,2110,13,0,5 6,0,70,,2103,13,0,5 6,0,30,,2111,13,0,5 6,0,70,,2104,13,0,5 6,0,30,,2112,13,0,5 6,0,70,,2105,13,0,5 6,0,79,,2130,13,0,5 6,0,35,,2106,13,0,5 6,0,75,,2113,13,0,5 6,0,35,,2120,13,0,5 6,0,75,,2114,13,0,5 6,0,75,,2121,13,0,5 6,0,35,,2115,13,0,5 6,0,79,,2131,13,0,5 6,0,44,,2122,13,0,5 6,0,70,,2116,13,0,5 6,0,30,,2123,13,0,5 6,0,70,,2117,13,0,5 6,0,30,,2124,13,0,5 6,0,85,,2118,13,0,5 6,0,70,,2125,13,0,5 6,0,30,,2119,13,0,5 6,0,70,,2126,13,0,5 6,0,30,,2127,13,0,5 6,0,72,,2128,13,0,5 6,0
201,'100015',755,,2133,13,0,5 6,0,70,,2134,13,0,5 6,0,30,,2135,13,0,5 6,0,70,,2136,13,0,5 6,0,30,,2137,13,0,5 6,0,70,,2138,13,0,5 6,0,30,,2139,13,0,5 6,0,70,,2140,13,0,5 6,0,30,,2141,13,0,5 6,0,85,,2142,13,0,5 6,0,70,,2143,13,0,5 6,0,30,,2144,13,0,5 6,0,70,,2145,13,0,5 6,0,30,,2146,13,0,5 6,0,70,,2147,13,0,5 6,0,30,,2148,13,0,5 6,0,85,,2149,13,0,5 6,0,30,,2151,13,0,5 6,0,70,,2152,13,0,5 6,0,30,,2153,13,0,5 6,0,70,,2154,13,0,5 6,0,30,,2155,13,0,5 6,0,70,,2150,13,0,5 6,0
2100,'100009',653,,1202,16,,,0,75,,1188,16,,,0,75,,1203,16,,,0,35,,1189,16,,,0,75,,1204,16,,,0,34,,1190,16,,,0,75,,1205,16,,,0,35,,1191,16,,,0,75,,1206,16,,,0,75,,1192,16,,,0,38,,1207,16,,,0,75,,1193,16,,,0,35,,1208,16,,,0,75,,1194,16,,,0,75,,1209,16,,,0,35,,1195,16,,,0,76,,1210,16,,,0,34,,1196,16,,,0,75,,1211,16,,,0,79,,1197,16,,,0,37,,1212,16,,,0,73,,1198,16,,,0,39,,1213,16,,,0,71,,1199,16,,,0,79,,1214,16,,,0,40,,1200,16,,,0,70,,1201,16,,,0,30,,1215,16,,,0,70,,1216,16,,,0,30,,1217,16,,,0
2100,'100010',832,,1226,16,,,0,75,,1219,16,,,0,35,,1227,16,,,0,75,,1220,16,,,0,35,,1236,16,,,0,75,,1235,16,,,0,75,,1228,16,,,0,35,,1221,16,,,0,75,,1229,16,,,0,35,,1222,16,,,0,75,,1230,16,,,0,35,,1223,16,,,0,75,,1237,16,,,0,75,,1234,16,,,0,35,,1231,16,,,0,75,,1224,16,,,0,35,,1232,16,,,0,80,,1225,16,,,0,75,,1233,16,,,0,35,,1218,16,,,0
2100,'100011',832,,2928,16,,,0,75,,2921,16,,,0,35,,2929,16,,,0,75,,2922,16,,,0,35,,2938,16,,,0,75,,2937,16,,,0,75,,2930,16,,,0,35,,2923,16,,,0,75,,2931,16,,,0,35,,2924,16,,,0,75,,2932,16,,,0,35,,2925,16,,,0,75,,2939,16,,,0,75,,2936,16,,,0,35,,2933,16,,,0,75,,2926,16,,,0,35,,2934,16,,,0,80,,2927,16,,,0,75,,2935,16,,,0,35,,2920,16,,,0,110,,2940,16,,,0
2100,'100012',832,,2949,16,,,0,75,,2942,16,,,0,35,,2950,16,,,0,75,,2943,16,,,0,35,,2959,16,,,0,75,,2958,16,,,0,75,,2951,16,,,0,35,,2944,16,,,0,75,,2952,16,,,0,35,,2945,16,,,0,75,,2953,16,,,0,35,,2946,16,,,0,75,,2960,16,,,0,75,,2957,16,,,0,35,,2954,16,,,0,75,,2947,16,,,0,35,,2955,16,,,0,80,,2948,16,,,0,75,,2956,16,,,0,35,,2941,16,,,0
2100,'100013',653,,2975,16,,,0,75,,2961,16,,,0,75,,2976,16,,,0,35,,2962,16,,,0,75,,2977,16,,,0,34,,2963,16,,,0,75,,2978,16,,,0,35,,2964,16,,,0,75,,2979,16,,,0,75,,2965,16,,,0,38,,2980,16,,,0,75,,2966,16,,,0,35,,2981,16,,,0,75,,2967,16,,,0,75,,2982,16,,,0,35,,2968,16,,,0,76,,2983,16,,,0,34,,2969,16,,,0,75,,2984,16,,,0,79,,2970,16,,,0,37,,2985,16,,,0,73,,2971,16,,,0,39,,2986,16,,,0,71,,2972,16,,,0,79,,2987,16,,,0,40,,2973,16,,,0,70,,2974,16,,,0,30,,2988,16,,,0,70,,2989,16,,,0,30,,2990,16,,,0
2100,'100014',653,,3005,16,,,0,75,,2991,16,,,0,75,,3006,16,,,0,35,,2992,16,,,0,75,,3007,16,,,0,34,,2993,16,,,0,75,,3008,16,,,0,35,,2994,16,,,0,75,,3009,16,,,0,75,,2995,16,,,0,38,,3010,16,,,0,75,,2996,16,,,0,35,,3011,16,,,0,75,,2997,16,,,0,75,,3012,16,,,0,35,,2998,16,,,0,76,,3013,16,,,0,34,,2999,16,,,0,75,,3014,16,,,0,79,,3000,16,,,0,37,,3015,16,,,0,73,,3001,16,,,0,39,,3016,16,,,0,71,,3002,16,,,0,79,,3017,16,,,0,40,,3003,16,,,0,70,,3004,16,,,0,30,,3018,16,,,0,70,,3019,16,,,0,30,,3020,16,,,0
2100,'100015',832,,3021,16,,,0,75,,3022,16,,,0,35,,3023,16,,,0,75,,3024,16,,,0,35,,3025,16,,,0,75,,3026,16,,,0,75,,3027,16,,,0,35,,3028,16,,,0,75,,3029,16,,,0,35,,3030,16,,,0,75,,3031,16,,,0,35,,3032,16,,,0,75,,3033,16,,,0,75,,3034,16,,,0,35,,3035,16,,,0,75,,3036,16,,,0,35,,3037,16,,,0,80,,3038,16,,,0,75,,3039,16,,,0,35,,3040,16,,,0
