600,'100009',533,,931,16,,,0,70,,921,16,,,0,18,,949,16,,,0,12,,932,16,,,0,70,,922,16,,,0,18,,950,16,,,0,12,,933,16,,,0,70,,923,16,,,0,40,,924,16,,,0,70,,941,16,,,0,30,,925,16,,,0,70,,942,16,,,0,30,,926,16,,,0,70,,951,16,,,0,30,,927,16,,,0,70,,952,16,,,0,40,,928,16,,,0,75,,953,16,,,0,75,,929,16,,,0,35,,934,16,,,0,75,,930,16,,,0,35,,943,16,,,0,75,,935,16,,,0,80,,944,16,,,0,43,,936,16,,,0,70,,945,16,,,0,30,,937,16,,,0,70,,946,16,,,0,30,,938,16,,,0,85,,947,16,,,0,70,,939,16,,,0,30,,948,16,,,0,70,,940,16,,,0,30,,955,16,,,0,70,,954,16,,,0
600,'100010',741,,956,16,,,0,100,,957,16,,,0,100,,958,16,,,0,100,,959,16,,,0,100,,960,16,,,0,115,,961,16,,,0,100,,962,16,,,0,100,,963,16,,,0,100,,964,16,,,0,155,,965,16,,,0,100,,966,16,,,0,100,,967,16,,,0
600,'100011',741,,2610,16,,,0,100,,2611,16,,,0,100,,2612,16,,,0,100,,2613,16,,,0,100,,2614,16,,,0,115,,2615,16,,,0,100,,2616,16,,,0,100,,2617,16,,,0,100,,2618,16,,,0,155,,2619,16,,,0,100,,2620,16,,,0,100,,2621,16,,,0,100,,2622,16,,,0
600,'100012',741,,2623,16,,,0,100,,2624,16,,,0,100,,2625,16,,,0,100,,2626,16,,,0,100,,2627,16,,,0,115,,2628,16,,,0,100,,2629,16,,,0,100,,2630,16,,,0,100,,2631,16,,,0,155,,2632,16,,,0,100,,2633,16,,,0,100,,2634,16,,,0
600,'100013',533,,2645,16,,,0,70,,2635,16,,,0,18,,2663,16,,,0,12,,2646,16,,,0,70,,2636,16,,,0,18,,2664,16,,,0,12,,2647,16,,,0,70,,2637,16,,,0,40,,2638,16,,,0,70,,2655,16,,,0,30,,2639,16,,,0,70,,2656,16,,,0,30,,2640,16,,,0,70,,2665,16,,,0,30,,2641,16,,,0,70,,2666,16,,,0,40,,2642,16,,,0,75,,2667,16,,,0,75,,2643,16,,,0,35,,2648,16,,,0,75,,2644,16,,,0,35,,2657,16,,,0,75,,2649,16,,,0,80,,2658,16,,,0,43,,2650,16,,,0,70,,2659,16,,,0,30,,2651,16,,,0,70,,2660,16,,,0,30,,2652,16,,,0,85,,2661,16,,,0,70,,2653,16,,,0,30,,2662,16,,,0,70,,2654,16,,,0,30,,2669,16,,,0,70,,2668,16,,,0
600,'100014',533,,2680,16,,,0,70,,2670,16,,,0,18,,2698,16,,,0,12,,2681,16,,,0,70,,2671,16,,,0,18,,2699,16,,,0,12,,2682,16,,,0,70,,2672,16,,,0,40,,2673,16,,,0,70,,2690,16,,,0,30,,2674,16,,,0,70,,2691,16,,,0,30,,2675,16,,,0,70,,2700,16,,,0,30,,2676,16,,,0,70,,2701,16,,,0,40,,2677,16,,,0,75,,2702,16,,,0,75,,2678,16,,,0,35,,2683,16,,,0,75,,2679,16,,,0,35,,2692,16,,,0,75,,2684,16,,,0,80,,2693,16,,,0,43,,2685,16,,,0,70,,2694,16,,,0,30,,2686,16,,,0,70,,2695,16,,,0,30,,2687,16,,,0,85,,2696,16,,,0,70,,2688,16,,,0,30,,2697,16,,,0,70,,2689,16,,,0,30,,2704,16,,,0,70,,2703,16,,,0
600,'100015',741,,2705,16,,,0,100,,2706,16,,,0,100,,2707,16,,,0,100,,2708,16,,,0,100,,2709,16,,,0,115,,2710,16,,,0,100,,2711,16,,,0,100,,2712,16,,,0,100,,2713,16,,,0,155,,2714,16,,,0,100,,2715,16,,,0,100,,2716,16,,,0
5000,'100009',742,,1358,8,0,7 8 9 10 11,0
5000,'100013',742,,3162,8,0,7 8 9 10 11,0
5001,'100009',1446,,1359,17,,,0,57,,1360,14,,,0
5001,'100013',1446,,3163,17,,,0,57,,3164,14,,,0
