309,'1476929',1716,,331,,,0
309,'1476930',1816,,332,,,0
309,'1476931',1916,,333,,,0
309,'1476932',745,,334,,,0
309,'1476933',845,,335,,,0
309,'1476934',945,,336,,,0
309,'1476935',1046,,337,,,0
309,'1476936',1146,,338,,,0
309,'1476937',1301,,339,,,0
309,'1476938',1401,,340,,,0
309,'1476939',1501,,341,,,0
309,'1476940',1601,,342,,,0
309,'1477265',540,,343,,,0
309,'1477266',610,,344,,,0
309,'1477267',640,,345,,,0
309,'1477268',710,,346,,,0
309,'1477269',740,,347,,,0
309,'1477270',750,,348,,,0
309,'1477271',850,,349,,,0
309,'1477272',950,,350,,,0
309,'1477273',1050,,351,,,0
309,'1477274',1150,,352,,,0
309,'1477275',810,,353,,,0
309,'1477276',920,,354,,,0
309,'1477277',1020,,355,,,0
309,'1477278',1120,,356,,,0
309,'1477279',1220,,357,,,0
309,'1477280',1300,,358,,,0
309,'1477281',1335,,359,,,0
309,'1477282',1410,,360,,,0
309,'1477283',1424,,361,,,0
309,'1477284',1445,,362,,,0
309,'1477285',1520,,363,,,0
309,'1477286',1555,,364,,,0
309,'1477287',1630,,365,,,0
309,'1477288',1710,,366,,,0
309,'1477289',1753,,367,,,0
309,'1477290',1823,,368,,,0
309,'1477291',1853,,369,,,0
309,'1477292',1923,,370,,,0
309,'1477293',1953,,371,,,0
309,'1477294',2038,,372,,,0
309,'1477295',2108,,373,,,0
309,'1477296',2138,,374,,,0
309,'1477297',2208,,375,,,0
309,'1477298',2238,,376,,,0
309,'1477299',2308,,377,,,0
309,'1477300',1525,,378,,,0
309,'1477565',1816,,427,,,0
309,'1477566',1916,,428,,,0
309,'1477567',1716,,429,,,0
309,'1477568',745,,430,,,0
309,'1477569',845,,431,,,0
309,'1477570',945,,432,,,0
309,'1477571',1046,,433,,,0
309,'1477572',1146,,434,,,0
309,'1477573',1301,,435,,,0
309,'1477574',1401,,436,,,0
309,'1477575',1501,,437,,,0
309,'1477576',1601,,438,,,0
5409,'1478040',749,,897,,,0
