2019,'1476981',734,,160,0,12 13,0
2019,'1476982',804,,161,0,12 13,0
2019,'1476983',834,,162,0,12 13,0
2019,'1476984',904,,163,0,12 13,0
2019,'1476985',934,,164,0,12 13,0
2019,'1476986',1004,,165,0,12 13,0
2019,'1476987',1034,,166,0,12 13,0
2019,'1476988',1104,,167,0,12 13,0
2019,'1476989',1134,,168,0,12 13,0
2019,'1476990',1204,,169,0,12 13,0
2019,'1476991',1249,,170,0,12 13,0
2019,'1476992',1319,,171,0,12 13,0
2019,'1476993',1349,,172,0,12 13,0
2019,'1476994',1419,,173,0,12 13,0
2019,'1476995',1449,,174,0,12 13,0
2019,'1476996',1519,,175,0,12 13,0
2019,'1476997',1549,,176,0,12 13,0
2019,'1476998',1904,,177,0,12 13,0
2019,'1476999',1634,,178,0,12 13,0
2019,'1477000',1704,,179,0,12 13,0
2019,'1477001',1734,,180,0,12 13,0
2019,'1477002',1804,,181,0,12 13,0
2019,'1477003',1834,,182,0,12 13,0
2019,'1477147',556,,215,0,12 13,0
2019,'1477148',656,,216,0,12 13,0
2019,'1477149',756,,217,0,12 13,0
2019,'1477150',906,,218,0,12 13,0
2019,'1477151',1006,,219,0,12 13,0
2019,'1477152',1106,,220,0,12 13,0
2019,'1477153',1206,,221,0,12 13,0
2019,'1477154',1321,,222,0,12 13,0
2019,'1477156',626,,224,0,12 13,0
2019,'1477157',726,,225,0,12 13,0
2019,'1477158',836,,226,0,12 13,0
2019,'1477159',936,,227,0,12 13,0
2019,'1477160',1036,,228,0,12 13,0
2019,'1477161',1136,,229,0,12 13,0
2019,'1477162',1246,,230,0,12 13,0
2019,'1477163',1356,,231,0,12 13,0
2019,'1477173',1506,,241,0,12 13,0
2019,'1477174',1616,,242,0,12 13,0
2019,'1477175',1656,,243,0,12 13,0
2019,'1477176',1811,,244,0,12 13,0
2019,'1477177',1911,,245,0,12 13,0
2019,'1477178',2026,,246,0,12 13,0
2019,'1477179',2126,,247,0,12 13,0
2019,'1477187',1431,,255,0,12 13,0
2019,'1477188',1541,,256,0,12 13,0
2019,'1477189',1741,,257,0,12 13,0
2019,'1477190',1841,,258,0,12 13,0
2019,'1477191',1941,,259,0,12 13,0
2019,'1477192',2056,,260,0,12 13,0
2019,'1477193',2156,,261,0,12 13,0
2019,'1477200',2226,,268,0,12 13,0
2019,'1477201',2256,,269,0,12 13,0
2019,'1477769',1134,,273,0,12 13,0
2019,'1477770',1704,,274,0,12 13,0
2019,'1477771',1834,,275,0,12 13,0
2019,'1477772',1804,,276,0,12 13,0
2019,'1477773',1734,,277,0,12 13,0
2019,'1477774',734,,278,0,12 13,0
2019,'1477775',834,,279,0,12 13,0
2019,'1477776',1004,,280,0,12 13,0
2019,'1477777',934,,281,0,12 13,0
2019,'1477778',804,,282,0,12 13,0
2019,'1477779',1034,,283,0,12 13,0
2019,'1477780',1104,,284,0,12 13,0
2019,'1477781',1904,,285,0,12 13,0
2019,'1477782',1204,,286,0,12 13,0
2019,'1477783',1249,,287,0,12 13,0
2019,'1477784',1319,,288,0,12 13,0
2019,'1477785',1349,,289,0,12 13,0
2019,'1477786',1419,,290,0,12 13,0
2019,'1477787',1449,,291,0,12 13,0
2019,'1477788',904,,292,0,12 13,0
2019,'1477789',1549,,293,0,12 13,0
2019,'1477790',1634,,294,0,12 13,0
2019,'1477791',1519,,295,0,12 13,0
