809,'1476849',745,,688,,,0
809,'1476850',845,,689,,,0
809,'1476851',945,,690,,,0
809,'1476852',1045,,691,,,0
809,'1476853',1145,,692,,,0
809,'1476854',1300,,693,,,0
809,'1476855',1400,,694,,,0
809,'1476856',1500,,695,,,0
809,'1476857',1600,,696,,,0
809,'1476858',1715,,697,,,0
809,'1476859',1815,,698,,,0
809,'1476860',1915,,699,,,0
809,'1477473',639,,700,,,0
809,'1477474',739,,701,,,0
809,'1477475',918,,702,,,0
809,'1477476',1018,,703,,,0
809,'1477477',1118,,704,,,0
809,'1477478',1218,,705,,,0
809,'1477479',1335,,706,,,0
809,'1477480',1445,,707,,,0
809,'1477481',1520,,708,,,0
809,'1477482',1630,,709,,,0
809,'1477483',1751,,710,,,0
809,'1477484',1851,,711,,,0
809,'1477485',1951,,712,,,0
809,'1477486',2106,,713,,,0
809,'1477487',2206,,714,,,0
809,'1477488',609,,715,,,0
809,'1477489',709,,716,,,0
809,'1477490',809,,717,,,0
809,'1477491',849,,718,,,0
809,'1477492',1410,,719,,,0
809,'1477493',1555,,720,,,0
809,'1477494',1710,,721,,,0
809,'1477495',1821,,722,,,0
809,'1477496',1921,,723,,,0
809,'1477497',2036,,724,,,0
809,'1477498',2136,,725,,,0
809,'1477499',948,,726,,,0
809,'1477500',1048,,727,,,0
809,'1477501',1148,,728,,,0
809,'1477502',1300,,729,,,0
809,'1477503',2303,,730,,,0
809,'1477504',2235,,731,,,0
809,'1477700',745,,732,,,0
809,'1477701',845,,733,,,0
809,'1477702',945,,734,,,0
809,'1477703',1045,,735,,,0
809,'1477704',1145,,736,,,0
809,'1477705',1300,,737,,,0
809,'1477706',1400,,738,,,0
809,'1477707',1500,,739,,,0
809,'1477708',1600,,740,,,0
809,'1477709',1715,,741,,,0
809,'1477710',1815,,742,,,0
809,'1477711',1915,,743,,,0
5009,'1477505',757,,884,,,0
5109,'1477508',755,,887,,,0
5309,'1477514',820,,893,,,0
5309,'1477515',1552,,894,0,10 11,0
5309,'1477516',1552,,895,0,10 11,0
