200,'100011',714,,1902,2,,,0,30,,1901,2,,,0,70,,1880,2,,,0,30,,1879,2,,,0,70,,1881,2,,,0,30,,1882,2,,,0,70,,1883,2,,,0,30,,1884,2,,,0,70,,1885,2,,,0,30,,1886,2,,,0,85,,1887,2,,,0,30,,1888,2,,,0,70,,1889,2,,,0,30,,1890,2,,,0,70,,1891,2,,,0,30,,1892,2,,,0,70,,1893,2,,,0,85,,1894,2,,,0,30,,1895,2,,,0,70,,1896,2,,,0,30,,1897,2,,,0,70,,1898,2,,,0,30,,1899,2,,,0,70,,1900,2,,,0,30,,1903,2,,,0
200,'100012',714,,1927,2,,,0,30,,1926,2,,,0,70,,1905,2,,,0,30,,1904,2,,,0,70,,1906,2,,,0,30,,1907,2,,,0,70,,1908,2,,,0,30,,1909,2,,,0,70,,1910,2,,,0,30,,1911,2,,,0,85,,1912,2,,,0,30,,1913,2,,,0,70,,1914,2,,,0,30,,1915,2,,,0,70,,1916,2,,,0,30,,1917,2,,,0,70,,1918,2,,,0,85,,1919,2,,,0,30,,1920,2,,,0,70,,1921,2,,,0,30,,1922,2,,,0,70,,1923,2,,,0,30,,1924,2,,,0,70,,1925,2,,,0
200,'100013',536,,1928,2,,,0,70,,1937,2,,,0,30,,1929,2,,,0,70,,1938,2,,,0,30,,1930,2,,,0,70,,1939,2,,,0,40,,1931,2,,,0,70,,1940,2,,,0,30,,1932,2,,,0,70,,1941,2,,,0,30,,1933,2,,,0,70,,1942,2,,,0,30,,1934,2,,,0,70,,1943,2,,,0,41,,1935,2,,,0,75,,1944,2,,,0,75,,1936,2,,,0,35,,1945,2,,,0,75,,1953,2,,,0,35,,1946,2,,,0,75,,1954,2,,,0,80,,1947,2,,,0,42,,1948,2,,,0,70,,1955,2,,,0,30,,1949,2,,,0,70,,1956,2,,,0,30,,1950,2,,,0,85,,1957,2,,,0,70,,1951,2,,,0,30,,1958,2,,,0,70,,1952,2,,,0,30,,1959,2,,,0,70,,1960,2,,,0
200,'100014',536,,1961,2,,,0,70,,1970,2,,,0,30,,1962,2,,,0,70,,1971,2,,,0,30,,1963,2,,,0,70,,1972,2,,,0,40,,1964,2,,,0,70,,1973,2,,,0,30,,1965,2,,,0,70,,1974,2,,,0,30,,1966,2,,,0,70,,1975,2,,,0,30,,1967,2,,,0,70,,1976,2,,,0,41,,1968,2,,,0,75,,1977,2,,,0,75,,1969,2,,,0,35,,1978,2,,,0,75,,1986,2,,,0,35,,1979,2,,,0,75,,1987,2,,,0,80,,1980,2,,,0,42,,1981,2,,,0,70,,1988,2,,,0,30,,1982,2,,,0,70,,1989,2,,,0,30,,1983,2,,,0,85,,1990,2,,,0,70,,1984,2,,,0,30,,1991,2,,,0,70,,1985,2,,,0,30,,1992,2,,,0,70,,1993,2,,,0
200,'100015',714,,2017,2,,,0,30,,1994,2,,,0,70,,1995,2,,,0,30,,1996,2,,,0,70,,1997,2,,,0,30,,1998,2,,,0,70,,1999,2,,,0,30,,2000,2,,,0,70,,2001,2,,,0,30,,2002,2,,,0,85,,2003,2,,,0,30,,2004,2,,,0,70,,2005,2,,,0,30,,2006,2,,,0,70,,2007,2,,,0,30,,2008,2,,,0,70,,2009,2,,,0,85,,2010,2,,,0,30,,2012,2,,,0,70,,2013,2,,,0,30,,2014,2,,,0,70,,2015,2,,,0,30,,2016,2,,,0,70,,2011,2,,,0
201,'100009',536,,413,21,0,5 6,0,70,,422,21,0,5 6,0,30,,414,21,0,5 6,0,70,,423,21,0,5 6,0,30,,415,21,0,5 6,0,70,,424,21,0,5 6,0,40,,416,21,0,5 6,0,70,,425,21,0,5 6,0,30,,417,21,0,5 6,0,70,,426,21,0,5 6,0,30,,418,21,0,5 6,0,70,,427,21,0,5 6,0,30,,419,21,0,5 6,0,70,,428,21,0,5 6,0,41,,420,21,0,5 6,0,75,,429,21,0,5 6,0,75,,421,21,0,5 6,0,35,,430,21,0,5 6,0,75,,438,21,0,5 6,0,35,,431,21,0,5 6,0,75,,439,21,0,5 6,0,80,,432,21,0,5 6,0,42,,433,21,0,5 6,0,70,,440,21,0,5 6,0,30,,434,21,0,5 6,0,70,,441,21,0,5 6,0,30,,435,21,0,5 6,0,85,,442,21,0,5 6,0,70,,436,21,0,5 6,0,30,,443,21,0,5 6,0,70,,437,21,0,5 6,0,30,,444,21,0,5 6,0,70,,445,21,0,5 6,0,30,,446,21,0,5 6,0
201,'100010',714,,470,21,0,5 6,0,30,,469,21,0,5 6,0,70,,448,21,0,5 6,0,30,,447,21,0,5 6,0,70,,449,21,0,5 6,0,30,,450,21,0,5 6,0,70,,451,21,0,5 6,0,30,,452,21,0,5 6,0,70,,453,21,0,5 6,0,30,,454,21,0,5 6,0,70,,455,21,0,5 6,0,45,,456,21,0,5 6,0,70,,457,21,0,5 6,0,30,,458,21,0,5 6,0,70,,459,21,0,5 6,0,30,,460,21,0,5 6,0,70,,461,21,0,5 6,0,30,,462,21,0,5 6,0,85,,463,21,0,5 6,0,70,,464,21,0,5 6,0,30,,465,21,0,5 6,0,70,,466,21,0,5 6,0,30,,467,21,0,5 6,0,70,,468,21,0,5 6,0
700,'100009',541,,1014,31,,,0,70,,1024,31,,,0,30,,1015,31,,,0,18,,1042,31,,,0,52,,1025,31,,,0,30,,1016,31,,,0,70,,1026,31,,,0,40,,1035,31,,,0,70,,1017,31,,,0,30,,1036,31,,,0,70,,1018,31,,,0,30,,1043,31,,,0,70,,1019,31,,,0,30,,1044,31,,,0,70,,1020,31,,,0,83,,1045,31,,,0,35,,1021,31,,,0,75,,1027,31,,,0,35,,1022,31,,,0,75,,1028,31,,,0,35,,1023,31,,,0,75,,1029,31,,,0,80,,1030,31,,,0,40,,1037,31,,,0,70,,1031,31,,,0,30,,1038,31,,,0,70,,1032,31,,,0,30,,1039,31,,,0,86,,1033,31,,,0,70,,1040,31,,,0,30,,1034,31,,,0,70,,1041,31,,,0,30,,1046,31,,,0,70,,1047,31,,,0
700,'100010',818,,1048,31,,,0,100,,1049,31,,,0,100,,1050,31,,,0,100,,1051,31,,,0,100,,1052,31,,,0,115,,1053,31,,,0,100,,1054,31,,,0,100,,1055,31,,,0,115,,1056,31,,,0,100,,1057,31,,,0,100,,1058,31,,,0
700,'100011',818,,2717,31,,,0,100,,2718,31,,,0,100,,2719,31,,,0,100,,2720,31,,,0,100,,2721,31,,,0,115,,2722,31,,,0,100,,2723,31,,,0,100,,2724,31,,,0,115,,2725,31,,,0,100,,2726,31,,,0,100,,2727,31,,,0,100,,2728,31,,,0
700,'100012',818,,2729,31,,,0,100,,2730,31,,,0,100,,2731,31,,,0,100,,2732,31,,,0,100,,2733,31,,,0,115,,2734,31,,,0,100,,2735,31,,,0,100,,2736,31,,,0,115,,2737,31,,,0,100,,2738,31,,,0,100,,2739,31,,,0
700,'100013',541,,2740,31,,,0,70,,2750,31,,,0,30,,2741,31,,,0,18,,2768,31,,,0,52,,2751,31,,,0,30,,2742,31,,,0,70,,2752,31,,,0,40,,2761,31,,,0,70,,2743,31,,,0,30,,2762,31,,,0,70,,2744,31,,,0,30,,2769,31,,,0,70,,2745,31,,,0,30,,2770,31,,,0,70,,2746,31,,,0,83,,2771,31,,,0,35,,2747,31,,,0,75,,2753,31,,,0,35,,2748,31,,,0,75,,2754,31,,,0,35,,2749,31,,,0,75,,2755,31,,,0,80,,2756,31,,,0,40,,2763,31,,,0,70,,2757,31,,,0,30,,2764,31,,,0,70,,2758,31,,,0,30,,2765,31,,,0,86,,2759,31,,,0,70,,2766,31,,,0,30,,2760,31,,,0,70,,2767,31,,,0,30,,2772,31,,,0,70,,2773,31,,,0
700,'100014',541,,2774,31,,,0,70,,2784,31,,,0,30,,2775,31,,,0,18,,2802,31,,,0,52,,2785,31,,,0,30,,2776,31,,,0,70,,2786,31,,,0,40,,2795,31,,,0,70,,2777,31,,,0,30,,2796,31,,,0,70,,2778,31,,,0,30,,2803,31,,,0,70,,2779,31,,,0,30,,2804,31,,,0,70,,2780,31,,,0,83,,2805,31,,,0,35,,2781,31,,,0,75,,2787,31,,,0,35,,2782,31,,,0,75,,2788,31,,,0,35,,2783,31,,,0,75,,2789,31,,,0,80,,2790,31,,,0,40,,2797,31,,,0,70,,2791,31,,,0,30,,2798,31,,,0,70,,2792,31,,,0,30,,2799,31,,,0,86,,2793,31,,,0,70,,2800,31,,,0,30,,2794,31,,,0,70,,2801,31,,,0,30,,2806,31,,,0,70,,2807,31,,,0
700,'100015',818,,2808,31,,,0,100,,2809,31,,,0,100,,2810,31,,,0,100,,2811,31,,,0,100,,2812,31,,,0,115,,2813,31,,,0,100,,2814,31,,,0,100,,2815,31,,,0,115,,2816,31,,,0,100,,2817,31,,,0,100,,2818,31,,,0
5101,'100009',1450,,1363,22,0,5 28,0
5101,'100013',1450,,3167,22,0,5 28,0
1005300,'100009',758,,1513,13,,,0
1005300,'100013',758,,3301,13,,,0
1005300,'100014',758,,3302,13,,,0
