800,'100009',610,,1117,28,,,0,30,,1102,28,,,0,70,,1118,28,,,0,30,,1103,28,,,0,70,,1119,28,,,0,40,,1120,28,,,0,69,,1104,28,,,0,30,,1128,28,,,0,70,,1105,28,,,0,30,,1129,28,,,0,70,,1106,28,,,0,30,,1130,28,,,0,70,,1107,28,,,0,82,,1131,28,,,0,35,,1108,28,,,0,75,,1121,28,,,0,35,,1109,28,,,0,75,,1110,28,,,0,35,,1122,28,,,0,75,,1111,28,,,0,80,,1123,28,,,0,41,,1112,28,,,0,70,,1124,28,,,0,30,,1113,28,,,0,70,,1125,28,,,0,30,,1114,28,,,0,85,,1126,28,,,0,70,,1115,28,,,0,30,,1127,28,,,0,70,,1116,28,,,0,29,,1133,28,,,0,68,,1132,28,,,0
800,'100010',746,,1134,28,,,0,100,,1135,28,,,0,100,,1136,28,,,0,100,,1137,28,,,0,100,,1138,28,,,0,155,,1139,28,,,0,100,,1140,28,,,0,100,,1141,28,,,0,100,,1142,28,,,0,115,,1143,28,,,0,100,,1144,28,,,0,100,,1145,28,,,0
800,'100011',746,,2819,28,,,0,100,,2820,28,,,0,100,,2821,28,,,0,100,,2822,28,,,0,100,,2823,28,,,0,155,,2824,28,,,0,100,,2825,28,,,0,100,,2826,28,,,0,100,,2827,28,,,0,115,,2828,28,,,0,100,,2829,28,,,0,100,,2830,28,,,0,100,,2831,28,,,0
800,'100012',746,,2832,28,,,0,100,,2833,28,,,0,100,,2834,28,,,0,100,,2835,28,,,0,100,,2836,28,,,0,155,,2837,28,,,0,100,,2838,28,,,0,100,,2839,28,,,0,100,,2840,28,,,0,115,,2841,28,,,0,100,,2842,28,,,0,100,,2843,28,,,0
800,'100013',610,,2859,28,,,0,30,,2844,28,,,0,70,,2860,28,,,0,30,,2845,28,,,0,70,,2861,28,,,0,40,,2862,28,,,0,69,,2846,28,,,0,30,,2870,28,,,0,70,,2847,28,,,0,30,,2871,28,,,0,70,,2848,28,,,0,30,,2872,28,,,0,70,,2849,28,,,0,82,,2873,28,,,0,35,,2850,28,,,0,75,,2863,28,,,0,35,,2851,28,,,0,75,,2852,28,,,0,35,,2864,28,,,0,75,,2853,28,,,0,80,,2865,28,,,0,41,,2854,28,,,0,70,,2866,28,,,0,30,,2855,28,,,0,70,,2867,28,,,0,30,,2856,28,,,0,85,,2868,28,,,0,70,,2857,28,,,0,30,,2869,28,,,0,70,,2858,28,,,0,29,,2875,28,,,0,68,,2874,28,,,0
800,'100014',610,,2891,28,,,0,30,,2876,28,,,0,70,,2892,28,,,0,30,,2877,28,,,0,70,,2893,28,,,0,40,,2894,28,,,0,69,,2878,28,,,0,30,,2902,28,,,0,70,,2879,28,,,0,30,,2903,28,,,0,70,,2880,28,,,0,30,,2904,28,,,0,70,,2881,28,,,0,82,,2905,28,,,0,35,,2882,28,,,0,75,,2895,28,,,0,35,,2883,28,,,0,75,,2884,28,,,0,35,,2896,28,,,0,75,,2885,28,,,0,80,,2897,28,,,0,41,,2886,28,,,0,70,,2898,28,,,0,30,,2887,28,,,0,70,,2899,28,,,0,30,,2888,28,,,0,85,,2900,28,,,0,70,,2889,28,,,0,30,,2901,28,,,0,70,,2890,28,,,0,29,,2907,28,,,0,68,,2906,28,,,0
800,'100015',746,,2908,28,,,0,100,,2909,28,,,0,100,,2910,28,,,0,100,,2911,28,,,0,100,,2912,28,,,0,155,,2913,28,,,0,100,,2914,28,,,0,100,,2915,28,,,0,100,,2916,28,,,0,115,,2917,28,,,0,100,,2918,28,,,0,100,,2919,28,,,0
5000,'100009',758,,1358,27,,,0
5000,'100013',758,,3162,27,,,0
5100,'100009',756,,1361,28,0,5 28,0
5100,'100013',756,,3165,28,0,5 28,0
5300,'100009',821,,1367,40,,,0
5300,'100013',821,,3171,40,,,0
5301,'100009',1553,,1369,33,,,0
5301,'100013',1553,,3173,33,,,0
