109,'1477027',844,,1,,,0
109,'1477028',944,,2,,,0
109,'1477029',1044,,3,,,0
109,'1477030',1144,,4,,,0
109,'1477031',1244,,5,,,0
109,'1477032',1344,,6,,,0
109,'1477033',1444,,7,,,0
109,'1477034',1544,,8,,,0
109,'1477035',1644,,9,,,0
109,'1477036',1744,,10,,,0
109,'1477037',1844,,11,,,0
109,'1477038',1944,,12,,,0
109,'1477056',605,,30,,,0
109,'1477057',705,,31,,,0
109,'1477058',805,,32,,,0
109,'1477059',905,,33,,,0
109,'1477060',1003,,34,,,0
109,'1477069',645,,43,,,0
109,'1477070',845,,44,,,0
109,'1477071',1043,,45,,,0
109,'1477072',1244,,46,,,0
109,'1477080',1424,,54,,,0
109,'1477081',1724,,55,,,0
109,'1477082',1822,,56,,,0
109,'1477083',1922,,57,,,0
109,'1477084',2022,,58,,,0
109,'1477085',2130,,59,,,0
109,'1477086',1314,,60,,,0
109,'1477090',1113,,64,,,0
109,'1477091',1213,,65,,,0
109,'1477092',745,,66,,,0
109,'1477093',943,,67,,,0
109,'1477094',1143,,68,,,0
109,'1477095',1344,,69,,,0
109,'1477096',1624,,70,,,0
109,'1477097',1524,,71,,,0
109,'1477103',925,,77,,,0
109,'1477104',725,,78,,,0
109,'1477105',625,,79,,,0
109,'1477106',825,,80,,,0
109,'1477113',2100,,87,,,0
109,'1477114',2002,,88,,,0
109,'1477115',1902,,89,,,0
109,'1477116',1802,,90,,,0
109,'1477117',1704,,91,,,0
109,'1477118',1604,,92,,,0
109,'1477119',1544,,93,,,0
109,'1477120',1644,,94,,,0
109,'1477121',1742,,95,,,0
109,'1477122',1842,,96,,,0
109,'1477123',1942,,97,,,0
109,'1477129',1454,,103,,,0
109,'1477134',2229,,108,,,0
109,'1477135',2200,,109,,,0
109,'1477136',2258,,110,,,0
109,'1477613',844,,113,,,0
109,'1477615',944,,115,,,0
109,'1477616',1044,,116,,,0
109,'1477620',1244,,120,,,0
109,'1477621',1144,,121,,,0
109,'1477623',1344,,123,,,0
109,'1477624',1444,,124,,,0
109,'1477626',1544,,126,,,0
109,'1477627',1644,,127,,,0
109,'1477631',1744,,131,,,0
109,'1477633',1844,,133,,,0
109,'1477634',1944,,134,,,0
109,'1477647',1914,,147,,,0
109,'1477648',814,,148,,,0
109,'1477649',1014,,149,,,0
109,'1477650',1114,,150,,,0
109,'1477651',1214,,151,,,0
109,'1477652',1314,,152,,,0
109,'1477653',1414,,153,,,0
109,'1477654',1514,,154,,,0
109,'1477655',1614,,155,,,0
109,'1477656',1714,,156,,,0
109,'1477657',1814,,157,,,0
109,'1477659',914,,159,,,0
