200,'100011',720,,1902,15,,,0,30,,1901,15,,,0,70,,1880,15,,,0,30,,1879,15,,,0,70,,1881,15,,,0,30,,1882,15,,,0,70,,1883,15,,,0,30,,1884,15,,,0,70,,1885,15,,,0,30,,1886,15,,,0,85,,1887,15,,,0,70,,1888,15,,,0,30,,1889,15,,,0,70,,1890,15,,,0,30,,1891,15,,,0,70,,1892,15,,,0,30,,1893,15,,,0,85,,1894,15,,,0,30,,1895,15,,,0,70,,1896,15,,,0,30,,1897,15,,,0,70,,1898,15,,,0,30,,1899,15,,,0,70,,1900,15,,,0,30,,1903,15,,,0
200,'100012',720,,1927,15,,,0,30,,1926,15,,,0,70,,1905,15,,,0,30,,1904,15,,,0,70,,1906,15,,,0,30,,1907,15,,,0,70,,1908,15,,,0,30,,1909,15,,,0,70,,1910,15,,,0,30,,1911,15,,,0,85,,1912,15,,,0,70,,1913,15,,,0,30,,1914,15,,,0,70,,1915,15,,,0,30,,1916,15,,,0,70,,1917,15,,,0,30,,1918,15,,,0,85,,1919,15,,,0,30,,1920,15,,,0,70,,1921,15,,,0,30,,1922,15,,,0,70,,1923,15,,,0,30,,1924,15,,,0,70,,1925,15,,,0
200,'100013',542,,1928,15,,,0,70,,1937,15,,,0,30,,1929,15,,,0,70,,1938,15,,,0,30,,1930,15,,,0,70,,1939,15,,,0,40,,1931,15,,,0,70,,1940,15,,,0,30,,1932,15,,,0,70,,1941,15,,,0,30,,1933,15,,,0,70,,1942,15,,,0,30,,1934,15,,,0,70,,1943,15,,,0,82,,1935,15,,,0,35,,1944,15,,,0,75,,1936,15,,,0,35,,1945,15,,,0,75,,1953,15,,,0,35,,1946,15,,,0,75,,1954,15,,,0,80,,1947,15,,,0,41,,1948,15,,,0,70,,1955,15,,,0,30,,1949,15,,,0,70,,1956,15,,,0,30,,1950,15,,,0,85,,1957,15,,,0,70,,1951,15,,,0,30,,1958,15,,,0,70,,1952,15,,,0,30,,1959,15,,,0,70,,1960,15,,,0
200,'100014',542,,1961,15,,,0,70,,1970,15,,,0,30,,1962,15,,,0,70,,1971,15,,,0,30,,1963,15,,,0,70,,1972,15,,,0,40,,1964,15,,,0,70,,1973,15,,,0,30,,1965,15,,,0,70,,1974,15,,,0,30,,1966,15,,,0,70,,1975,15,,,0,30,,1967,15,,,0,70,,1976,15,,,0,82,,1968,15,,,0,35,,1977,15,,,0,75,,1969,15,,,0,35,,1978,15,,,0,75,,1986,15,,,0,35,,1979,15,,,0,75,,1987,15,,,0,80,,1980,15,,,0,41,,1981,15,,,0,70,,1988,15,,,0,30,,1982,15,,,0,70,,1989,15,,,0,30,,1983,15,,,0,85,,1990,15,,,0,70,,1984,15,,,0,30,,1991,15,,,0,70,,1985,15,,,0,30,,1992,15,,,0,70,,1993,15,,,0
200,'100015',720,,2017,15,,,0,30,,1994,15,,,0,70,,1995,15,,,0,30,,1996,15,,,0,70,,1997,15,,,0,30,,1998,15,,,0,70,,1999,15,,,0,30,,2000,15,,,0,70,,2001,15,,,0,30,,2002,15,,,0,85,,2003,15,,,0,70,,2004,15,,,0,30,,2005,15,,,0,70,,2006,15,,,0,30,,2007,15,,,0,70,,2008,15,,,0,30,,2009,15,,,0,85,,2010,15,,,0,30,,2012,15,,,0,70,,2013,15,,,0,30,,2014,15,,,0,70,,2015,15,,,0,30,,2016,15,,,0,70,,2011,15,,,0
201,'100009',542,,413,34,0,5 6,0,70,,422,34,0,5 6,0,30,,414,34,0,5 6,0,70,,423,34,0,5 6,0,30,,415,34,0,5 6,0,70,,424,34,0,5 6,0,40,,416,34,0,5 6,0,70,,425,34,0,5 6,0,30,,417,34,0,5 6,0,70,,426,34,0,5 6,0,30,,418,34,0,5 6,0,70,,427,34,0,5 6,0,30,,419,34,0,5 6,0,70,,428,34,0,5 6,0,82,,420,34,0,5 6,0,35,,429,34,0,5 6,0,75,,421,34,0,5 6,0,35,,430,34,0,5 6,0,75,,438,34,0,5 6,0,35,,431,34,0,5 6,0,75,,439,34,0,5 6,0,80,,432,34,0,5 6,0,41,,433,34,0,5 6,0,70,,440,34,0,5 6,0,30,,434,34,0,5 6,0,70,,441,34,0,5 6,0,30,,435,34,0,5 6,0,85,,442,34,0,5 6,0,70,,436,34,0,5 6,0,30,,443,34,0,5 6,0,70,,437,34,0,5 6,0,30,,444,34,0,5 6,0,70,,445,34,0,5 6,0,30,,446,34,0,5 6,0
201,'100010',720,,470,34,0,5 6,0,30,,469,34,0,5 6,0,70,,448,34,0,5 6,0,30,,447,34,0,5 6,0,70,,449,34,0,5 6,0,30,,450,34,0,5 6,0,70,,451,34,0,5 6,0,30,,452,34,0,5 6,0,70,,453,34,0,5 6,0,30,,454,34,0,5 6,0,70,,455,34,0,5 6,0,85,,456,34,0,5 6,0,30,,457,34,0,5 6,0,70,,458,34,0,5 6,0,30,,459,34,0,5 6,0,70,,460,34,0,5 6,0,30,,461,34,0,5 6,0,70,,462,34,0,5 6,0,45,,463,34,0,5 6,0,70,,464,34,0,5 6,0,30,,465,34,0,5 6,0,70,,466,34,0,5 6,0,30,,467,34,0,5 6,0,70,,468,34,0,5 6,0
600,'100009',544,,931,31,,,0,70,,921,31,,,0,18,,949,31,,,0,12,,932,31,,,0,70,,922,31,,,0,17,,950,31,,,0,13,,933,31,,,0,70,,923,31,,,0,39,,924,31,,,0,70,,941,31,,,0,30,,925,31,,,0,70,,942,31,,,0,30,,926,31,,,0,70,,951,31,,,0,30,,927,31,,,0,70,,952,31,,,0,82,,928,31,,,0,35,,953,31,,,0,75,,929,31,,,0,35,,934,31,,,0,75,,930,31,,,0,75,,943,31,,,0,35,,935,31,,,0,80,,944,31,,,0,41,,936,31,,,0,70,,945,31,,,0,30,,937,31,,,0,70,,946,31,,,0,30,,938,31,,,0,86,,947,31,,,0,70,,939,31,,,0,30,,948,31,,,0,70,,940,31,,,0,30,,955,31,,,0,70,,954,31,,,0
600,'100010',751,,956,31,,,0,100,,957,31,,,0,100,,958,31,,,0,100,,959,31,,,0,100,,960,31,,,0,155,,961,31,,,0,100,,962,31,,,0,100,,963,31,,,0,100,,964,31,,,0,115,,965,31,,,0,100,,966,31,,,0,100,,967,31,,,0
600,'100011',751,,2610,31,,,0,100,,2611,31,,,0,100,,2612,31,,,0,100,,2613,31,,,0,100,,2614,31,,,0,155,,2615,31,,,0,100,,2616,31,,,0,100,,2617,31,,,0,100,,2618,31,,,0,115,,2619,31,,,0,100,,2620,31,,,0,100,,2621,31,,,0,100,,2622,31,,,0
600,'100012',751,,2623,31,,,0,100,,2624,31,,,0,100,,2625,31,,,0,100,,2626,31,,,0,100,,2627,31,,,0,155,,2628,31,,,0,100,,2629,31,,,0,100,,2630,31,,,0,100,,2631,31,,,0,115,,2632,31,,,0,100,,2633,31,,,0,100,,2634,31,,,0
600,'100013',544,,2645,31,,,0,70,,2635,31,,,0,18,,2663,31,,,0,12,,2646,31,,,0,70,,2636,31,,,0,17,,2664,31,,,0,13,,2647,31,,,0,70,,2637,31,,,0,39,,2638,31,,,0,70,,2655,31,,,0,30,,2639,31,,,0,70,,2656,31,,,0,30,,2640,31,,,0,70,,2665,31,,,0,30,,2641,31,,,0,70,,2666,31,,,0,82,,2642,31,,,0,35,,2667,31,,,0,75,,2643,31,,,0,35,,2648,31,,,0,75,,2644,31,,,0,75,,2657,31,,,0,35,,2649,31,,,0,80,,2658,31,,,0,41,,2650,31,,,0,70,,2659,31,,,0,30,,2651,31,,,0,70,,2660,31,,,0,30,,2652,31,,,0,86,,2661,31,,,0,70,,2653,31,,,0,30,,2662,31,,,0,70,,2654,31,,,0,30,,2669,31,,,0,70,,2668,31,,,0
600,'100014',544,,2680,31,,,0,70,,2670,31,,,0,18,,2698,31,,,0,12,,2681,31,,,0,70,,2671,31,,,0,17,,2699,31,,,0,13,,2682,31,,,0,70,,2672,31,,,0,39,,2673,31,,,0,70,,2690,31,,,0,30,,2674,31,,,0,70,,2691,31,,,0,30,,2675,31,,,0,70,,2700,31,,,0,30,,2676,31,,,0,70,,2701,31,,,0,82,,2677,31,,,0,35,,2702,31,,,0,75,,2678,31,,,0,35,,2683,31,,,0,75,,2679,31,,,0,75,,2692,31,,,0,35,,2684,31,,,0,80,,2693,31,,,0,41,,2685,31,,,0,70,,2694,31,,,0,30,,2686,31,,,0,70,,2695,31,,,0,30,,2687,31,,,0,86,,2696,31,,,0,70,,2688,31,,,0,30,,2697,31,,,0,70,,2689,31,,,0,30,,2704,31,,,0,70,,2703,31,,,0
600,'100015',751,,2705,31,,,0,100,,2706,31,,,0,100,,2707,31,,,0,100,,2708,31,,,0,100,,2709,31,,,0,155,,2710,31,,,0,100,,2711,31,,,0,100,,2712,31,,,0,100,,2713,31,,,0,115,,2714,31,,,0,100,,2715,31,,,0,100,,2716,31,,,0
5301,'100009',1600,,1369,47,,,0
5301,'100013',1600,,3173,47,,,0
1005300,'100009',805,,1513,26,,,0
1005300,'100013',805,,3301,26,,,0
1005300,'100014',805,,3302,26,,,0
