109,'1477027',831,,1,,,0
109,'1477028',931,,2,,,0
109,'1477029',1031,,3,,,0
109,'1477030',1131,,4,,,0
109,'1477031',1231,,5,,,0
109,'1477032',1331,,6,,,0
109,'1477033',1431,,7,,,0
109,'1477034',1531,,8,,,0
109,'1477035',1631,,9,,,0
109,'1477036',1731,,10,,,0
109,'1477037',1831,,11,,,0
109,'1477038',1931,,12,,,0
109,'1477056',553,,30,,,0
109,'1477057',653,,31,,,0
109,'1477058',753,,32,,,0
109,'1477059',853,,33,,,0
109,'1477060',951,,34,,,0
109,'1477069',633,,43,,,0
109,'1477070',833,,44,,,0
109,'1477071',1031,,45,,,0
109,'1477072',1232,,46,,,0
109,'1477080',1412,,54,,,0
109,'1477081',1712,,55,,,0
109,'1477082',1810,,56,,,0
109,'1477083',1910,,57,,,0
109,'1477084',2010,,58,,,0
109,'1477085',2118,,59,,,0
109,'1477086',1302,,60,,,0
109,'1477090',1101,,64,,,0
109,'1477091',1201,,65,,,0
109,'1477092',733,,66,,,0
109,'1477093',931,,67,,,0
109,'1477094',1131,,68,,,0
109,'1477095',1332,,69,,,0
109,'1477096',1612,,70,,,0
109,'1477097',1512,,71,,,0
109,'1477103',913,,77,,,0
109,'1477104',713,,78,,,0
109,'1477105',613,,79,,,0
109,'1477106',813,,80,,,0
109,'1477113',2048,,87,,,0
109,'1477114',1950,,88,,,0
109,'1477115',1850,,89,,,0
109,'1477116',1750,,90,,,0
109,'1477117',1652,,91,,,0
109,'1477118',1552,,92,,,0
109,'1477119',1532,,93,,,0
109,'1477120',1632,,94,,,0
109,'1477121',1730,,95,,,0
109,'1477122',1830,,96,,,0
109,'1477123',1930,,97,,,0
109,'1477129',1442,,103,,,0
109,'1477134',2218,,108,,,0
109,'1477135',2148,,109,,,0
109,'1477136',2247,,110,,,0
109,'1477613',831,,113,,,0
109,'1477615',931,,115,,,0
109,'1477616',1031,,116,,,0
109,'1477620',1231,,120,,,0
109,'1477621',1131,,121,,,0
109,'1477623',1331,,123,,,0
109,'1477624',1431,,124,,,0
109,'1477626',1531,,126,,,0
109,'1477627',1631,,127,,,0
109,'1477631',1731,,131,,,0
109,'1477633',1831,,133,,,0
109,'1477634',1931,,134,,,0
109,'1477647',1901,,147,,,0
109,'1477648',801,,148,,,0
109,'1477649',1001,,149,,,0
109,'1477650',1101,,150,,,0
109,'1477651',1201,,151,,,0
109,'1477652',1301,,152,,,0
109,'1477653',1401,,153,,,0
109,'1477654',1501,,154,,,0
109,'1477655',1601,,155,,,0
109,'1477656',1701,,156,,,0
109,'1477657',1801,,157,,,0
109,'1477659',901,,159,,,0
