509,'1476884',805,,519,0,16 3 17,0
509,'1476885',905,,520,0,16 3 17,0
509,'1476886',1005,,521,0,16 3 17,0
509,'1476887',1105,,522,0,16 3 17,0
509,'1476888',1205,,523,0,16 3 17,0
509,'1476889',1320,,524,0,16 3 17,0
509,'1476890',1420,,525,0,16 3 17,0
509,'1476891',1520,,526,0,16 3 17,0
509,'1476892',1635,,527,0,16 3 17,0
509,'1476893',1735,,528,0,16 3 17,0
509,'1476894',1835,,529,0,16 3 17,0
509,'1477372',557,,530,0,16 3 17,0
509,'1477373',657,,531,0,16 3 17,0
509,'1477374',757,,532,0,16 3 17,0
509,'1477375',837,,533,0,16 3 17,0
509,'1477376',937,,534,0,16 3 17,0
509,'1477377',1037,,535,0,16 3 17,0
509,'1477378',1137,,536,0,16 3 17,0
509,'1477379',1246,,537,0,16 3 17,0
509,'1477380',1356,,538,0,16 3 17,0
509,'1477381',1506,,539,0,16 3 17,0
509,'1477382',1616,,540,0,16 3 17,0
509,'1477383',1656,,541,0,16 3 17,0
509,'1477384',1810,,542,0,16 3 17,0
509,'1477385',1910,,543,0,16 3 17,0
509,'1477386',2025,,544,0,16 3 17,0
509,'1477387',2125,,545,0,16 3 17,0
509,'1477388',627,,546,0,16 3 17,0
509,'1477389',727,,547,0,16 3 17,0
509,'1477390',1431,,548,0,16 3 17,0
509,'1477391',1541,,549,0,16 3 17,0
509,'1477392',1740,,550,0,16 3 17,0
509,'1477393',1840,,551,0,16 3 17,0
509,'1477394',1940,,552,0,16 3 17,0
509,'1477395',2055,,553,0,16 3 17,0
509,'1477396',2155,,554,0,16 3 17,0
509,'1477397',907,,555,0,16 3 17,0
509,'1477398',1321,,556,0,16 3 17,0
509,'1477399',1107,,557,0,16 3 17,0
509,'1477400',1007,,558,0,16 3 17,0
509,'1477401',1207,,559,0,16 3 17,0
509,'1477402',2225,,560,0,16 3 17,0
509,'1477403',2255,,561,0,16 3 17,0
509,'1477735',805,,562,0,16 3 17,0
509,'1477736',905,,563,0,16 3 17,0
509,'1477737',1005,,564,0,16 3 17,0
509,'1477738',1105,,565,0,16 3 17,0
509,'1477739',1205,,566,0,16 3 17,0
509,'1477740',1320,,567,0,16 3 17,0
509,'1477741',1420,,568,0,16 3 17,0
509,'1477742',1520,,569,0,16 3 17,0
509,'1477743',1635,,570,0,16 3 17,0
509,'1477744',1735,,571,0,16 3 17,0
509,'1477745',1835,,572,0,16 3 17,0
