309,'1476929',1711,,331,,,0
309,'1476930',1811,,332,,,0
309,'1476931',1911,,333,,,0
309,'1476932',740,,334,,,0
309,'1476933',840,,335,,,0
309,'1476934',940,,336,,,0
309,'1476935',1041,,337,,,0
309,'1476936',1141,,338,,,0
309,'1476937',1256,,339,,,0
309,'1476938',1356,,340,,,0
309,'1476939',1456,,341,,,0
309,'1476940',1556,,342,,,0
309,'1477265',534,,343,,,0
309,'1477266',604,,344,,,0
309,'1477267',634,,345,,,0
309,'1477268',704,,346,,,0
309,'1477269',734,,347,,,0
309,'1477270',744,,348,,,0
309,'1477271',844,,349,,,0
309,'1477272',944,,350,,,0
309,'1477273',1044,,351,,,0
309,'1477274',1144,,352,,,0
309,'1477275',804,,353,,,0
309,'1477276',914,,354,,,0
309,'1477277',1014,,355,,,0
309,'1477278',1114,,356,,,0
309,'1477279',1214,,357,,,0
309,'1477280',1253,,358,,,0
309,'1477281',1328,,359,,,0
309,'1477282',1403,,360,,,0
309,'1477283',1417,,361,,,0
309,'1477284',1438,,362,,,0
309,'1477285',1513,,363,,,0
309,'1477286',1548,,364,,,0
309,'1477287',1623,,365,,,0
309,'1477288',1703,,366,,,0
309,'1477289',1747,,367,,,0
309,'1477290',1817,,368,,,0
309,'1477291',1847,,369,,,0
309,'1477292',1917,,370,,,0
309,'1477293',1947,,371,,,0
309,'1477294',2032,,372,,,0
309,'1477295',2102,,373,,,0
309,'1477296',2132,,374,,,0
309,'1477297',2202,,375,,,0
309,'1477298',2232,,376,,,0
309,'1477299',2302,,377,,,0
309,'1477300',1518,,378,,,0
309,'1477565',1811,,427,,,0
309,'1477566',1911,,428,,,0
309,'1477567',1711,,429,,,0
309,'1477568',740,,430,,,0
309,'1477569',840,,431,,,0
309,'1477570',940,,432,,,0
309,'1477571',1041,,433,,,0
309,'1477572',1141,,434,,,0
309,'1477573',1256,,435,,,0
309,'1477574',1356,,436,,,0
309,'1477575',1456,,437,,,0
309,'1477576',1556,,438,,,0
