201,'100009',527,,413,5,,,0,30,,422,5,,,0,70,,414,5,,,0,30,,423,5,,,0,70,,415,5,,,0,30,,424,5,,,0,80,,416,5,,,0,70,,425,5,,,0,30,,417,5,,,0,70,,426,5,,,0,30,,418,5,,,0,70,,427,5,,,0,30,,419,5,,,0,70,,428,5,,,0,38,,420,5,,,0,75,,429,5,,,0,35,,421,5,,,0,75,,430,5,,,0,75,,438,5,,,0,35,,431,5,,,0,75,,439,5,,,0,40,,432,5,,,0,85,,433,5,,,0,70,,440,5,,,0,30,,434,5,,,0,70,,441,5,,,0,30,,435,5,,,0,85,,442,5,,,0,30,,436,5,,,0,70,,443,5,,,0,30,,437,5,,,0,70,,444,5,,,0,30,,445,5,,,0,70,,446,5,,,0
201,'100010',705,,470,5,,,0,30,,469,5,,,0,70,,448,5,,,0,30,,447,5,,,0,70,,449,5,,,0,30,,450,5,,,0,70,,451,5,,,0,30,,452,5,,,0,70,,453,5,,,0,30,,454,5,,,0,70,,455,5,,,0,45,,456,5,,,0,70,,457,5,,,0,30,,458,5,,,0,70,,459,5,,,0,30,,460,5,,,0,70,,461,5,,,0,30,,462,5,,,0,85,,463,5,,,0,70,,464,5,,,0,30,,465,5,,,0,70,,466,5,,,0,30,,467,5,,,0,70,,468,5,,,0
201,'100011',805,,2023,22,,,0,30,,2027,22,,,0,70,,2024,22,,,0,30,,2037,22,,,0,70,,2026,22,,,0,30,,2025,22,,,0,70,,2028,22,,,0,30,,2029,22,,,0,70,,2018,22,,,0,45,,2031,22,,,0,70,,2032,22,,,0,30,,2033,22,,,0,70,,2034,22,,,0,30,,2035,22,,,0,70,,2036,22,,,0,30,,2040,22,,,0,85,,2038,22,,,0,70,,2039,22,,,0,30,,2019,22,,,0,70,,2022,22,,,0,30,,2021,22,,,0,70,,2020,22,,,0,30,,2030,22,,,0,70,,2041,22,,,0
201,'100012',805,,2047,22,,,0,30,,2051,22,,,0,70,,2048,22,,,0,30,,2061,22,,,0,70,,2050,22,,,0,30,,2049,22,,,0,70,,2052,22,,,0,30,,2053,22,,,0,70,,2042,22,,,0,45,,2055,22,,,0,70,,2056,22,,,0,30,,2057,22,,,0,70,,2058,22,,,0,30,,2059,22,,,0,70,,2060,22,,,0,30,,2064,22,,,0,85,,2062,22,,,0,70,,2063,22,,,0,30,,2043,22,,,0,70,,2046,22,,,0,30,,2045,22,,,0,70,,2044,22,,,0,30,,2054,22,,,0
201,'100013',527,,2095,5,,,0,30,,2098,22,,,0,70,,2065,22,,,0,30,,2073,22,,,0,70,,2066,22,,,0,30,,2074,22,,,0,80,,2067,22,,,0,70,,2075,22,,,0,30,,2068,22,,,0,70,,2076,22,,,0,30,,2069,22,,,0,70,,2077,22,,,0,30,,2070,22,,,0,70,,2078,22,,,0,30,,2071,22,,,0,83,,2096,22,,,0,35,,2072,22,,,0,75,,2079,22,,,0,75,,2086,22,,,0,35,,2080,22,,,0,75,,2087,22,,,0,40,,2081,22,,,0,85,,2097,22,,,0,70,,2088,22,,,0,30,,2082,22,,,0,70,,2089,22,,,0,30,,2083,22,,,0,85,,2090,22,,,0,30,,2084,22,,,0,70,,2091,22,,,0,30,,2085,22,,,0,70,,2092,22,,,0,30,,2093,22,,,0,71,,2094,22,,,0
201,'100014',527,,2129,5,,,0,30,,2132,22,,,0,70,,2099,22,,,0,30,,2107,22,,,0,70,,2100,22,,,0,30,,2108,22,,,0,80,,2101,22,,,0,70,,2109,22,,,0,30,,2102,22,,,0,70,,2110,22,,,0,30,,2103,22,,,0,70,,2111,22,,,0,30,,2104,22,,,0,70,,2112,22,,,0,30,,2105,22,,,0,83,,2130,22,,,0,35,,2106,22,,,0,75,,2113,22,,,0,75,,2120,22,,,0,35,,2114,22,,,0,75,,2121,22,,,0,40,,2115,22,,,0,85,,2131,22,,,0,70,,2122,22,,,0,30,,2116,22,,,0,70,,2123,22,,,0,30,,2117,22,,,0,85,,2124,22,,,0,30,,2118,22,,,0,70,,2125,22,,,0,30,,2119,22,,,0,70,,2126,22,,,0,30,,2127,22,,,0,71,,2128,22,,,0
201,'100015',805,,2133,22,,,0,30,,2134,22,,,0,70,,2135,22,,,0,30,,2136,22,,,0,70,,2137,22,,,0,30,,2138,22,,,0,70,,2139,22,,,0,30,,2140,22,,,0,70,,2141,22,,,0,45,,2142,22,,,0,70,,2143,22,,,0,30,,2144,22,,,0,70,,2145,22,,,0,30,,2146,22,,,0,70,,2147,22,,,0,30,,2148,22,,,0,85,,2149,22,,,0,70,,2151,22,,,0,30,,2152,22,,,0,70,,2153,22,,,0,30,,2154,22,,,0,70,,2155,22,,,0,30,,2150,22,,,0
600,'100009',526,,931,5,,,0,30,,921,5,,,0,58,,949,5,,,0,12,,932,5,,,0,30,,922,5,,,0,58,,950,5,,,0,12,,933,5,,,0,30,,923,5,,,0,80,,924,5,,,0,70,,941,5,,,0,30,,925,5,,,0,70,,942,5,,,0,30,,926,5,,,0,70,,951,5,,,0,30,,927,5,,,0,70,,952,5,,,0,38,,928,5,,,0,75,,953,5,,,0,35,,929,5,,,0,75,,934,5,,,0,75,,930,5,,,0,35,,943,5,,,0,75,,935,5,,,0,40,,944,5,,,0,85,,936,5,,,0,70,,945,5,,,0,30,,937,5,,,0,70,,946,5,,,0,30,,938,5,,,0,85,,947,5,,,0,30,,939,5,,,0,70,,948,5,,,0,30,,940,5,,,0,70,,955,5,,,0,30,,954,5,,,0
600,'100010',734,,956,5,,,0,100,,957,5,,,0,100,,958,5,,,0,100,,959,5,,,0,100,,960,5,,,0,115,,961,5,,,0,100,,962,5,,,0,100,,963,5,,,0,100,,964,5,,,0,155,,965,5,,,0,100,,966,5,,,0,100,,967,5,,,0
600,'100011',734,,2610,5,,,0,100,,2611,5,,,0,100,,2612,5,,,0,100,,2613,5,,,0,100,,2614,5,,,0,115,,2615,5,,,0,100,,2616,5,,,0,100,,2617,5,,,0,100,,2618,5,,,0,155,,2619,5,,,0,100,,2620,5,,,0,100,,2621,5,,,0,100,,2622,5,,,0
600,'100012',734,,2623,5,,,0,100,,2624,5,,,0,100,,2625,5,,,0,100,,2626,5,,,0,100,,2627,5,,,0,115,,2628,5,,,0,100,,2629,5,,,0,100,,2630,5,,,0,100,,2631,5,,,0,155,,2632,5,,,0,100,,2633,5,,,0,100,,2634,5,,,0
600,'100013',526,,2645,5,,,0,30,,2635,5,,,0,58,,2663,5,,,0,12,,2646,5,,,0,30,,2636,5,,,0,58,,2664,5,,,0,12,,2647,5,,,0,30,,2637,5,,,0,80,,2638,5,,,0,70,,2655,5,,,0,30,,2639,5,,,0,70,,2656,5,,,0,30,,2640,5,,,0,70,,2665,5,,,0,30,,2641,5,,,0,70,,2666,5,,,0,38,,2642,5,,,0,75,,2667,5,,,0,35,,2643,5,,,0,75,,2648,5,,,0,75,,2644,5,,,0,35,,2657,5,,,0,75,,2649,5,,,0,40,,2658,5,,,0,85,,2650,5,,,0,70,,2659,5,,,0,30,,2651,5,,,0,70,,2660,5,,,0,30,,2652,5,,,0,85,,2661,5,,,0,30,,2653,5,,,0,70,,2662,5,,,0,30,,2654,5,,,0,70,,2669,5,,,0,30,,2668,5,,,0
600,'100014',526,,2680,5,,,0,30,,2670,5,,,0,58,,2698,5,,,0,12,,2681,5,,,0,30,,2671,5,,,0,58,,2699,5,,,0,12,,2682,5,,,0,30,,2672,5,,,0,80,,2673,5,,,0,70,,2690,5,,,0,30,,2674,5,,,0,70,,2691,5,,,0,30,,2675,5,,,0,70,,2700,5,,,0,30,,2676,5,,,0,70,,2701,5,,,0,38,,2677,5,,,0,75,,2702,5,,,0,35,,2678,5,,,0,75,,2683,5,,,0,75,,2679,5,,,0,35,,2692,5,,,0,75,,2684,5,,,0,40,,2693,5,,,0,85,,2685,5,,,0,70,,2694,5,,,0,30,,2686,5,,,0,70,,2695,5,,,0,30,,2687,5,,,0,85,,2696,5,,,0,30,,2688,5,,,0,70,,2697,5,,,0,30,,2689,5,,,0,70,,2704,5,,,0,30,,2703,5,,,0
600,'100015',734,,2705,5,,,0,100,,2706,5,,,0,100,,2707,5,,,0,100,,2708,5,,,0,100,,2709,5,,,0,115,,2710,5,,,0,100,,2711,5,,,0,100,,2712,5,,,0,100,,2713,5,,,0,155,,2714,5,,,0,100,,2715,5,,,0,100,,2716,5,,,0
5300,'100009',752,,1367,4,,,0
5300,'100013',752,,3171,4,,,0
