509,'1476884',803,,519,0,16 3 17,0
509,'1476885',903,,520,0,16 3 17,0
509,'1476886',1003,,521,0,16 3 17,0
509,'1476887',1103,,522,0,16 3 17,0
509,'1476888',1203,,523,0,16 3 17,0
509,'1476889',1318,,524,0,16 3 17,0
509,'1476890',1418,,525,0,16 3 17,0
509,'1476891',1518,,526,0,16 3 17,0
509,'1476892',1633,,527,0,16 3 17,0
509,'1476893',1733,,528,0,16 3 17,0
509,'1476894',1833,,529,0,16 3 17,0
509,'1477372',555,,530,0,16 3 17,0
509,'1477373',655,,531,0,16 3 17,0
509,'1477374',755,,532,0,16 3 17,0
509,'1477375',835,,533,0,16 3 17,0
509,'1477376',935,,534,0,16 3 17,0
509,'1477377',1035,,535,0,16 3 17,0
509,'1477378',1135,,536,0,16 3 17,0
509,'1477379',1244,,537,0,16 3 17,0
509,'1477380',1354,,538,0,16 3 17,0
509,'1477381',1504,,539,0,16 3 17,0
509,'1477382',1614,,540,0,16 3 17,0
509,'1477383',1654,,541,0,16 3 17,0
509,'1477384',1808,,542,0,16 3 17,0
509,'1477385',1908,,543,0,16 3 17,0
509,'1477386',2023,,544,0,16 3 17,0
509,'1477387',2123,,545,0,16 3 17,0
509,'1477388',625,,546,0,16 3 17,0
509,'1477389',725,,547,0,16 3 17,0
509,'1477390',1429,,548,0,16 3 17,0
509,'1477391',1539,,549,0,16 3 17,0
509,'1477392',1738,,550,0,16 3 17,0
509,'1477393',1838,,551,0,16 3 17,0
509,'1477394',1938,,552,0,16 3 17,0
509,'1477395',2053,,553,0,16 3 17,0
509,'1477396',2153,,554,0,16 3 17,0
509,'1477397',905,,555,0,16 3 17,0
509,'1477398',1319,,556,0,16 3 17,0
509,'1477399',1105,,557,0,16 3 17,0
509,'1477400',1005,,558,0,16 3 17,0
509,'1477401',1205,,559,0,16 3 17,0
509,'1477402',2223,,560,0,16 3 17,0
509,'1477403',2253,,561,0,16 3 17,0
509,'1477735',803,,562,0,16 3 17,0
509,'1477736',903,,563,0,16 3 17,0
509,'1477737',1003,,564,0,16 3 17,0
509,'1477738',1103,,565,0,16 3 17,0
509,'1477739',1203,,566,0,16 3 17,0
509,'1477740',1318,,567,0,16 3 17,0
509,'1477741',1418,,568,0,16 3 17,0
509,'1477742',1518,,569,0,16 3 17,0
509,'1477743',1633,,570,0,16 3 17,0
509,'1477744',1733,,571,0,16 3 17,0
509,'1477745',1833,,572,0,16 3 17,0
