509,'1476884',814,,519,,,0
509,'1476885',914,,520,,,0
509,'1476886',1014,,521,,,0
509,'1476887',1114,,522,,,0
509,'1476888',1214,,523,,,0
509,'1476889',1329,,524,,,0
509,'1476890',1429,,525,,,0
509,'1476891',1529,,526,,,0
509,'1476892',1644,,527,,,0
509,'1476893',1744,,528,,,0
509,'1476894',1844,,529,,,0
509,'1477372',606,,530,,,0
509,'1477373',706,,531,,,0
509,'1477374',806,,532,,,0
509,'1477375',846,,533,,,0
509,'1477376',946,,534,,,0
509,'1477377',1046,,535,,,0
509,'1477378',1146,,536,,,0
509,'1477379',1258,,537,,,0
509,'1477380',1408,,538,,,0
509,'1477381',1518,,539,,,0
509,'1477382',1628,,540,,,0
509,'1477383',1708,,541,,,0
509,'1477384',1819,,542,,,0
509,'1477385',1919,,543,,,0
509,'1477386',2034,,544,,,0
509,'1477387',2134,,545,,,0
509,'1477388',636,,546,,,0
509,'1477389',736,,547,,,0
509,'1477390',1443,,548,,,0
509,'1477391',1553,,549,,,0
509,'1477392',1749,,550,,,0
509,'1477393',1849,,551,,,0
509,'1477394',1949,,552,,,0
509,'1477395',2104,,553,,,0
509,'1477396',2204,,554,,,0
509,'1477397',916,,555,,,0
509,'1477398',1333,,556,,,0
509,'1477399',1116,,557,,,0
509,'1477400',1016,,558,,,0
509,'1477401',1216,,559,,,0
509,'1477402',2234,,560,,,0
509,'1477403',2304,,561,,,0
509,'1477735',814,,562,,,0
509,'1477736',914,,563,,,0
509,'1477737',1014,,564,,,0
509,'1477738',1114,,565,,,0
509,'1477739',1214,,566,,,0
509,'1477740',1329,,567,,,0
509,'1477741',1429,,568,,,0
509,'1477742',1529,,569,,,0
509,'1477743',1644,,570,,,0
509,'1477744',1744,,571,,,0
509,'1477745',1844,,572,,,0
5209,'1477511',739,,890,0,5 6 7,0
5209,'1477512',1440,,891,,,0
5409,'1478040',731,,897,,,0
