809,'1476849',737,,688,0,18 3 19 5 20,0
809,'1476850',837,,689,0,18 3 19 5 20,0
809,'1476851',937,,690,0,18 3 19 5 20,0
809,'1476852',1037,,691,0,18 3 19 5 20,0
809,'1476853',1137,,692,0,18 3 19 5 20,0
809,'1476854',1252,,693,0,18 3 19 5 20,0
809,'1476855',1352,,694,0,18 3 19 5 20,0
809,'1476856',1452,,695,0,18 3 19 5 20,0
809,'1476857',1552,,696,0,18 3 19 5 20,0
809,'1476858',1707,,697,0,18 3 19 5 20,0
809,'1476859',1807,,698,0,18 3 19 5 20,0
809,'1476860',1907,,699,0,18 3 19 5 20,0
809,'1477473',629,,700,0,18 3 19 5 20,0
809,'1477474',729,,701,0,18 3 19 5 20,0
809,'1477475',908,,702,0,18 3 19 5 20,0
809,'1477476',1008,,703,0,18 3 19 5 20,0
809,'1477477',1108,,704,0,18 3 19 5 20,0
809,'1477478',1208,,705,0,18 3 19 5 20,0
809,'1477479',1322,,706,0,18 3 19 5 20,0
809,'1477480',1432,,707,0,18 3 19 5 20,0
809,'1477481',1507,,708,0,18 3 19 5 20,0
809,'1477482',1617,,709,0,18 3 19 5 20,0
809,'1477483',1742,,710,0,18 3 19 5 20,0
809,'1477484',1842,,711,0,18 3 19 5 20,0
809,'1477485',1942,,712,0,18 3 19 5 20,0
809,'1477486',2057,,713,0,18 3 19 5 20,0
809,'1477487',2157,,714,0,18 3 19 5 20,0
809,'1477488',559,,715,0,18 3 19 5 20,0
809,'1477489',659,,716,0,18 3 19 5 20,0
809,'1477490',759,,717,0,18 3 19 5 20,0
809,'1477491',839,,718,0,18 3 19 5 20,0
809,'1477492',1357,,719,0,18 3 19 5 20,0
809,'1477493',1542,,720,0,18 3 19 5 20,0
809,'1477494',1657,,721,0,18 3 19 5 20,0
809,'1477495',1812,,722,0,18 3 19 5 20,0
809,'1477496',1912,,723,0,18 3 19 5 20,0
809,'1477497',2027,,724,0,18 3 19 5 20,0
809,'1477498',2127,,725,0,18 3 19 5 20,0
809,'1477499',938,,726,0,18 3 19 5 20,0
809,'1477500',1038,,727,0,18 3 19 5 20,0
809,'1477501',1138,,728,0,18 3 19 5 20,0
809,'1477502',1247,,729,0,18 3 19 5 20,0
809,'1477503',2254,,730,0,18 3 19 5 20,0
809,'1477504',2226,,731,0,18 3 19 5 20,0
809,'1477700',737,,732,0,18 3 19 5 20,0
809,'1477701',837,,733,0,18 3 19 5 20,0
809,'1477702',937,,734,0,18 3 19 5 20,0
809,'1477703',1037,,735,0,18 3 19 5 20,0
809,'1477704',1137,,736,0,18 3 19 5 20,0
809,'1477705',1252,,737,0,18 3 19 5 20,0
809,'1477706',1352,,738,0,18 3 19 5 20,0
809,'1477707',1452,,739,0,18 3 19 5 20,0
809,'1477708',1552,,740,0,18 3 19 5 20,0
809,'1477709',1707,,741,0,18 3 19 5 20,0
809,'1477710',1807,,742,0,18 3 19 5 20,0
809,'1477711',1907,,743,0,18 3 19 5 20,0
