409,'1476895',748,,439,,,0
409,'1476896',818,,440,,,0
409,'1476897',848,,441,,,0
409,'1476898',918,,442,,,0
409,'1476899',948,,443,,,0
409,'1476900',1018,,444,,,0
409,'1476901',1048,,445,,,0
409,'1476902',1118,,446,,,0
409,'1476903',1148,,447,,,0
409,'1476904',1218,,448,,,0
409,'1476905',1303,,449,,,0
409,'1476906',1333,,450,,,0
409,'1476907',1403,,451,,,0
409,'1476908',1433,,452,,,0
409,'1476909',1503,,453,,,0
409,'1476910',1533,,454,,,0
409,'1476911',1603,,455,,,0
409,'1476912',1918,,456,,,0
409,'1476913',1648,,457,,,0
409,'1476914',1718,,458,,,0
409,'1476915',1748,,459,,,0
409,'1476916',1818,,460,,,0
409,'1476917',1848,,461,,,0
409,'1477338',641,,462,,,0
409,'1477339',741,,463,,,0
409,'1477340',851,,464,,,0
409,'1477341',951,,465,,,0
409,'1477342',1051,,466,,,0
409,'1477343',1151,,467,,,0
409,'1477344',1259,,468,,,0
409,'1477345',1409,,469,,,0
409,'1477346',611,,470,,,0
409,'1477347',711,,471,,,0
409,'1477348',811,,472,,,0
409,'1477349',1444,,473,,,0
409,'1477350',1554,,474,,,0
409,'1477351',1629,,475,,,0
409,'1477352',1753,,476,,,0
409,'1477353',1853,,477,,,0
409,'1477354',1953,,478,,,0
409,'1477355',2108,,479,,,0
409,'1477356',2208,,480,,,0
409,'1477357',1709,,481,,,0
409,'1477358',1823,,482,,,0
409,'1477359',1923,,483,,,0
409,'1477360',2038,,484,,,0
409,'1477361',2138,,485,,,0
409,'1477362',1021,,486,,,0
409,'1477363',1121,,487,,,0
409,'1477364',1221,,488,,,0
409,'1477365',658,,489,,,0
409,'1477366',920,,490,,,0
409,'1477367',541,,491,,,0
409,'1477368',1519,,492,,,0
409,'1477369',1334,,493,,,0
409,'1477370',2238,,494,,,0
409,'1477371',2308,,495,,,0
409,'1477746',748,,496,,,0
409,'1477747',848,,497,,,0
409,'1477748',948,,498,,,0
409,'1477749',1048,,499,,,0
409,'1477750',1148,,500,,,0
409,'1477751',1303,,501,,,0
409,'1477752',1403,,502,,,0
409,'1477753',1503,,503,,,0
409,'1477754',1603,,504,,,0
409,'1477755',1718,,505,,,0
409,'1477756',1818,,506,,,0
409,'1477757',1918,,507,,,0
409,'1477758',1848,,508,,,0
409,'1477759',818,,509,,,0
409,'1477760',918,,510,,,0
409,'1477761',1018,,511,,,0
409,'1477762',1118,,512,,,0
409,'1477763',1218,,513,,,0
409,'1477764',1333,,514,,,0
409,'1477765',1433,,515,,,0
409,'1477766',1533,,516,,,0
409,'1477767',1648,,517,,,0
409,'1477768',1748,,518,,,0
