500,'100009',604,,832,25,,,0,30,,848,25,,,0,70,,833,25,,,0,30,,849,25,,,0,70,,834,25,,,0,40,,835,25,,,0,70,,857,25,,,0,30,,836,25,,,0,70,,860,25,,,0,30,,837,25,,,0,70,,859,25,,,0,30,,838,25,,,0,70,,861,25,,,0,42,,839,25,,,0,75,,858,25,,,0,75,,840,25,,,0,35,,850,25,,,0,75,,841,25,,,0,35,,851,25,,,0,75,,842,25,,,0,80,,843,25,,,0,41,,852,25,,,0,70,,844,25,,,0,30,,853,25,,,0,70,,845,25,,,0,30,,854,25,,,0,85,,846,25,,,0,70,,855,25,,,0,30,,847,25,,,0,70,,856,25,,,0,30,,862,25,,,0,70,,863,25,,,0
500,'100010',812,,864,25,,,0,100,,865,25,,,0,100,,866,25,,,0,100,,867,25,,,0,100,,868,25,,,0,115,,869,25,,,0,100,,870,25,,,0,100,,871,25,,,0,115,,872,25,,,0,100,,873,25,,,0,100,,874,25,,,0
500,'100011',812,,2512,25,,,0,100,,2513,25,,,0,100,,2514,25,,,0,100,,2515,25,,,0,100,,2516,25,,,0,115,,2517,25,,,0,100,,2518,25,,,0,100,,2519,25,,,0,115,,2520,25,,,0,100,,2521,25,,,0,100,,2522,25,,,0,100,,2523,25,,,0
500,'100012',812,,2524,25,,,0,100,,2525,25,,,0,100,,2526,25,,,0,100,,2527,25,,,0,100,,2528,25,,,0,115,,2529,25,,,0,100,,2530,25,,,0,100,,2531,25,,,0,115,,2532,25,,,0,100,,2533,25,,,0,100,,2534,25,,,0
500,'100013',604,,2535,25,,,0,30,,2551,25,,,0,70,,2536,25,,,0,30,,2552,25,,,0,70,,2537,25,,,0,40,,2538,25,,,0,70,,2560,25,,,0,30,,2539,25,,,0,70,,2563,25,,,0,30,,2540,25,,,0,70,,2562,25,,,0,30,,2541,25,,,0,70,,2564,25,,,0,42,,2542,25,,,0,75,,2561,25,,,0,75,,2543,25,,,0,35,,2553,25,,,0,75,,2544,25,,,0,35,,2554,25,,,0,75,,2545,25,,,0,80,,2546,25,,,0,41,,2555,25,,,0,70,,2547,25,,,0,30,,2556,25,,,0,70,,2548,25,,,0,30,,2557,25,,,0,85,,2549,25,,,0,70,,2558,25,,,0,30,,2550,25,,,0,70,,2559,25,,,0,30,,2565,25,,,0,70,,2566,25,,,0
500,'100014',604,,2567,25,,,0,30,,2583,25,,,0,70,,2568,25,,,0,30,,2584,25,,,0,70,,2569,25,,,0,40,,2570,25,,,0,70,,2592,25,,,0,30,,2571,25,,,0,70,,2595,25,,,0,30,,2572,25,,,0,70,,2594,25,,,0,30,,2573,25,,,0,70,,2596,25,,,0,42,,2574,25,,,0,75,,2593,25,,,0,75,,2575,25,,,0,35,,2585,25,,,0,75,,2576,25,,,0,35,,2586,25,,,0,75,,2577,25,,,0,80,,2578,25,,,0,41,,2587,25,,,0,70,,2579,25,,,0,30,,2588,25,,,0,70,,2580,25,,,0,30,,2589,25,,,0,85,,2581,25,,,0,70,,2590,25,,,0,30,,2582,25,,,0,70,,2591,25,,,0,30,,2597,25,,,0,70,,2598,25,,,0
500,'100015',812,,2599,25,,,0,100,,2600,25,,,0,100,,2601,25,,,0,100,,2602,25,,,0,100,,2603,25,,,0,115,,2604,25,,,0,100,,2605,25,,,0,100,,2606,25,,,0,115,,2607,25,,,0,100,,2608,25,,,0,100,,2609,25,,,0
5201,'100009',738,,1365,12,0,7 8 9,0
5201,'100013',738,,3169,12,0,7 8 9,0
5400,'100009',730,,1370,12,0,7 18,0
5400,'100013',730,,3174,12,0,7 18,0
