509,'1476884',800,,519,0,16 3 17,0,28,,519,4,,0
509,'1476885',900,,520,0,16 3 17,0,28,,520,4,,0
509,'1476886',1000,,521,0,16 3 17,0,28,,521,4,,0
509,'1476887',1100,,522,0,16 3 17,0,28,,522,4,,0
509,'1476888',1200,,523,0,16 3 17,0,28,,523,4,,0
509,'1476889',1315,,524,0,16 3 17,0,28,,524,4,,0
509,'1476890',1415,,525,0,16 3 17,0,28,,525,4,,0
509,'1476891',1515,,526,0,16 3 17,0,28,,526,4,,0
509,'1476892',1630,,527,0,16 3 17,0,28,,527,4,,0
509,'1476893',1730,,528,0,16 3 17,0,28,,528,4,,0
509,'1476894',1830,,529,0,16 3 17,0,28,,529,4,,0
509,'1477372',552,,530,0,16 3 17,0,68,,530,4,,0
509,'1477373',652,,531,0,16 3 17,0,68,,531,4,,0
509,'1477374',752,,532,0,16 3 17,0,68,,532,4,,0
509,'1477375',832,,533,0,16 3 17,0,68,,533,4,,0
509,'1477376',932,,534,0,16 3 17,0,68,,534,4,,0
509,'1477377',1032,,535,0,16 3 17,0,68,,535,4,,0
509,'1477378',1132,,536,0,16 3 17,0,68,,536,4,,0
509,'1477379',1240,,537,0,16 3 17,0,73,,537,4,,0
509,'1477380',1350,,538,0,16 3 17,0,73,,538,4,,0
509,'1477381',1500,,539,0,16 3 17,0,33,,539,4,,0
509,'1477382',1610,,540,0,16 3 17,0,33,,540,4,,0
509,'1477383',1650,,541,0,16 3 17,0,73,,541,4,,0
509,'1477384',1805,,542,0,16 3 17,0,28,,542,4,,0
509,'1477385',1905,,543,0,16 3 17,0,28,,543,4,,0
509,'1477386',2020,,544,0,16 3 17,0,28,,544,4,,0
509,'1477387',2120,,545,0,16 3 17,0,28,,545,4,,0
509,'1477388',622,,546,0,16 3 17,0,28,,546,4,,0
509,'1477389',722,,547,0,16 3 17,0,28,,547,4,,0
509,'1477390',1425,,548,0,16 3 17,0,33,,548,4,,0
509,'1477391',1535,,549,0,16 3 17,0,73,,549,4,,0
509,'1477392',1735,,550,0,16 3 17,0,68,,550,4,,0
509,'1477393',1835,,551,0,16 3 17,0,68,,551,4,,0
509,'1477394',1935,,552,0,16 3 17,0,68,,552,4,,0
509,'1477395',2050,,553,0,16 3 17,0,68,,553,4,,0
509,'1477396',2150,,554,0,16 3 17,0,68,,554,4,,0
509,'1477397',902,,555,0,16 3 17,0,28,,555,4,,0
509,'1477398',1315,,556,0,16 3 17,0,33,,556,4,,0
509,'1477399',1102,,557,0,16 3 17,0,28,,557,4,,0
509,'1477400',1002,,558,0,16 3 17,0,28,,558,4,,0
509,'1477401',1202,,559,0,16 3 17,0,28,,559,4,,0
509,'1477402',2220,,560,0,16 3 17,0,28,,560,4,,0
509,'1477403',2250,,561,0,16 3 17,0,68,,561,4,,0
509,'1477735',800,,562,0,16 3 17,0,28,,562,4,,0
509,'1477736',900,,563,0,16 3 17,0,28,,563,4,,0
509,'1477737',1000,,564,0,16 3 17,0,28,,564,4,,0
509,'1477738',1100,,565,0,16 3 17,0,28,,565,4,,0
509,'1477739',1200,,566,0,16 3 17,0,28,,566,4,,0
509,'1477740',1315,,567,0,16 3 17,0,28,,567,4,,0
509,'1477741',1415,,568,0,16 3 17,0,28,,568,4,,0
509,'1477742',1515,,569,0,16 3 17,0,28,,569,4,,0
509,'1477743',1630,,570,0,16 3 17,0,28,,570,4,,0
509,'1477744',1730,,571,0,16 3 17,0,28,,571,4,,0
509,'1477745',1830,,572,0,16 3 17,0,28,,572,4,,0
809,'1476849',730,,688,0,18 3 19 5 20,0,28,,688,4,,0
809,'1476850',830,,689,0,18 3 19 5 20,0,28,,689,4,,0
809,'1476851',930,,690,0,18 3 19 5 20,0,28,,690,4,,0
809,'1476852',1030,,691,0,18 3 19 5 20,0,28,,691,4,,0
809,'1476853',1130,,692,0,18 3 19 5 20,0,28,,692,4,,0
809,'1476854',1245,,693,0,18 3 19 5 20,0,68,,693,4,,0
809,'1476855',1345,,694,0,18 3 19 5 20,0,68,,694,4,,0
809,'1476856',1445,,695,0,18 3 19 5 20,0,68,,695,4,,0
809,'1476857',1545,,696,0,18 3 19 5 20,0,68,,696,4,,0
809,'1476858',1700,,697,0,18 3 19 5 20,0,28,,697,4,,0
809,'1476859',1800,,698,0,18 3 19 5 20,0,28,,698,4,,0
809,'1476860',1900,,699,0,18 3 19 5 20,0,28,,699,4,,0
809,'1477473',622,,700,0,18 3 19 5 20,0,28,,700,4,,0
809,'1477474',722,,701,0,18 3 19 5 20,0,28,,701,4,,0
809,'1477475',902,,702,0,18 3 19 5 20,0,27,,702,4,,0
809,'1477476',1002,,703,0,18 3 19 5 20,0,27,,703,4,,0
809,'1477477',1102,,704,0,18 3 19 5 20,0,27,,704,4,,0
809,'1477478',1202,,705,0,18 3 19 5 20,0,27,,705,4,,0
809,'1477479',1315,,706,0,18 3 19 5 20,0,33,,706,4,,0
809,'1477480',1425,,707,0,18 3 19 5 20,0,33,,707,4,,0
809,'1477481',1500,,708,0,18 3 19 5 20,0,33,,708,4,,0
809,'1477482',1610,,709,0,18 3 19 5 20,0,33,,709,4,,0
809,'1477483',1735,,710,0,18 3 19 5 20,0,68,,710,4,,0
809,'1477484',1835,,711,0,18 3 19 5 20,0,68,,711,4,,0
809,'1477485',1935,,712,0,18 3 19 5 20,0,68,,712,4,,0
809,'1477486',2050,,713,0,18 3 19 5 20,0,68,,713,4,,0
809,'1477487',2150,,714,0,18 3 19 5 20,0,68,,714,4,,0
809,'1477488',552,,715,0,18 3 19 5 20,0,68,,715,4,,0
809,'1477489',652,,716,0,18 3 19 5 20,0,68,,716,4,,0
809,'1477490',752,,717,0,18 3 19 5 20,0,68,,717,4,,0
809,'1477491',832,,718,0,18 3 19 5 20,0,68,,718,4,,0
809,'1477492',1350,,719,0,18 3 19 5 20,0,73,,719,4,,0
809,'1477493',1535,,720,0,18 3 19 5 20,0,73,,720,4,,0
809,'1477494',1650,,721,0,18 3 19 5 20,0,73,,721,4,,0
809,'1477495',1805,,722,0,18 3 19 5 20,0,28,,722,4,,0
809,'1477496',1905,,723,0,18 3 19 5 20,0,28,,723,4,,0
809,'1477497',2020,,724,0,18 3 19 5 20,0,28,,724,4,,0
809,'1477498',2120,,725,0,18 3 19 5 20,0,28,,725,4,,0
809,'1477499',932,,726,0,18 3 19 5 20,0,27,,726,4,,0
809,'1477500',1032,,727,0,18 3 19 5 20,0,27,,727,4,,0
809,'1477501',1132,,728,0,18 3 19 5 20,0,27,,728,4,,0
809,'1477502',1240,,729,0,18 3 19 5 20,0,73,,729,4,,0
809,'1477503',2248,,730,0,18 3 19 5 20,0,66,,730,4,,0
809,'1477504',2220,,731,0,18 3 19 5 20,0,26,,731,4,,0
809,'1477700',730,,732,0,18 3 19 5 20,0,28,,732,4,,0
809,'1477701',830,,733,0,18 3 19 5 20,0,28,,733,4,,0
809,'1477702',930,,734,0,18 3 19 5 20,0,28,,734,4,,0
809,'1477703',1030,,735,0,18 3 19 5 20,0,28,,735,4,,0
809,'1477704',1130,,736,0,18 3 19 5 20,0,28,,736,4,,0
809,'1477705',1245,,737,0,18 3 19 5 20,0,68,,737,4,,0
809,'1477706',1345,,738,0,18 3 19 5 20,0,68,,738,4,,0
809,'1477707',1445,,739,0,18 3 19 5 20,0,68,,739,4,,0
809,'1477708',1545,,740,0,18 3 19 5 20,0,68,,740,4,,0
809,'1477709',1700,,741,0,18 3 19 5 20,0,28,,741,4,,0
809,'1477710',1800,,742,0,18 3 19 5 20,0,28,,742,4,,0
809,'1477711',1900,,743,0,18 3 19 5 20,0,28,,743,4,,0
2109,'1476941',835,,744,4,,0
2109,'1476942',910,,745,4,,0
2109,'1476943',945,,746,4,,0
2109,'1476944',1020,,747,4,,0
2109,'1476945',1055,,748,4,,0
2109,'1476946',1130,,749,4,,0
2109,'1476947',1205,,750,4,,0
2109,'1476948',1240,,751,4,,0
2109,'1476949',1315,,752,4,,0
2109,'1476950',1350,,753,4,,0
2109,'1476951',1425,,754,4,,0
2109,'1476952',1500,,755,4,,0
2109,'1476953',1535,,756,4,,0
2109,'1476954',1610,,757,4,,0
2109,'1476955',1645,,758,4,,0
2109,'1476956',1720,,759,4,,0
2109,'1476957',1755,,760,4,,0
2109,'1476958',1835,,761,4,,0
2109,'1476959',1910,,762,4,,0
2109,'1476960',1945,,763,4,,0
2109,'1476961',730,,764,,,0
2109,'1476962',805,,765,,,0
2109,'1476963',840,,766,,,0
2109,'1476964',915,,767,,,0
2109,'1476965',950,,768,,,0
2109,'1476966',1025,,769,,,0
2109,'1476967',1100,,770,,,0
2109,'1476968',1135,,771,,,0
2109,'1476969',1210,,772,,,0
2109,'1476970',1245,,773,,,0
2109,'1476971',1320,,774,,,0
2109,'1476972',1355,,775,,,0
2109,'1476973',1430,,776,,,0
2109,'1476974',1505,,777,,,0
2109,'1476975',1540,,778,,,0
2109,'1476976',1615,,779,,,0
2109,'1476977',1650,,780,,,0
2109,'1476978',1730,,781,,,0
2109,'1476979',1805,,782,,,0
2109,'1476980',1840,,783,,,0
2109,'1477205',625,,784,,,0
2109,'1477206',737,,785,,,0
2109,'1477207',847,,786,,,0
2109,'1477208',957,,787,,,0
2109,'1477209',1107,,788,,,0
2109,'1477210',1217,,789,,,0
2109,'1477211',1327,,790,,,0
2109,'1477212',731,,791,4,,0
2109,'1477213',841,,792,4,,0
2109,'1477214',950,,793,4,,0
2109,'1477215',1100,,794,4,,0
2109,'1477216',1210,,795,4,,0
2109,'1477217',1323,,796,4,,0
2109,'1477218',1433,,797,4,,0
2109,'1477219',1437,,798,,,0
2109,'1477220',1547,,799,,,0
2109,'1477221',1702,,800,,,0
2109,'1477222',1812,,801,,,0
2109,'1477223',1922,,802,,,0
2109,'1477224',2050,,803,,,0
2109,'1477225',1543,,804,4,,0
2109,'1477226',1653,,805,4,,0
2109,'1477227',1807,,806,4,,0
2109,'1477228',1917,,807,4,,0
2109,'1477229',2027,,808,4,,0
2109,'1477230',2146,,809,4,,0
2109,'1477231',552,,810,,,0
2109,'1477232',702,,811,,,0
2109,'1477233',811,,812,,,0
2109,'1477234',922,,813,,,0
2109,'1477235',1032,,814,,,0
2109,'1477236',1142,,815,,,0
2109,'1477237',1252,,816,,,0
2109,'1477238',1402,,817,,,0
2109,'1477239',1512,,818,,,0
2109,'1477240',1622,,819,,,0
2109,'1477241',1737,,820,,,0
2109,'1477242',1849,,821,,,0
2109,'1477243',2001,,822,,,0
2109,'1477244',2120,,823,,,0
2109,'1477245',2216,,824,4,,0
2109,'1477246',656,,825,4,,0
2109,'1477247',806,,826,4,,0
2109,'1477248',916,,827,4,,0
2109,'1477249',1025,,828,4,,0
2109,'1477250',1135,,829,4,,0
2109,'1477251',1248,,830,4,,0
2109,'1477252',1358,,831,4,,0
2109,'1477253',1508,,832,4,,0
2109,'1477254',1619,,833,4,,0
2109,'1477255',1728,,834,4,,0
2109,'1477256',1844,,835,4,,0
2109,'1477257',1956,,836,4,,0
2109,'1477258',2106,,837,4,,0
2109,'1477259',2250,,838,,,0
2109,'1477260',2220,,839,,,0
2109,'1477261',2246,,840,4,,0
2109,'1477262',2316,,841,4,,0
2109,'1477263',2346,,842,4,,0
2109,'1477264',2150,,843,,,0
2109,'1478076',1945,,844,4,,0
2109,'1478077',805,,845,,,0
2109,'1478078',915,,846,,,0
2109,'1478079',1136,,847,,,0
2109,'1478080',1245,,848,,,0
2109,'1478081',1355,,849,,,0
2109,'1478082',1505,,850,,,0
2109,'1478083',1730,,851,,,0
2109,'1478084',910,,852,4,,0
2109,'1478085',1020,,853,4,,0
2109,'1478086',1240,,854,4,,0
2109,'1478087',1350,,855,4,,0
2109,'1478088',1500,,856,4,,0
2109,'1478089',1720,,857,4,,0
2109,'1478090',1835,,858,4,,0
2109,'1478091',730,,859,,,0
2109,'1478092',840,,860,,,0
2109,'1478093',1100,,861,,,0
2109,'1478094',1210,,862,,,0
2109,'1478095',1320,,863,,,0
2109,'1478096',1430,,864,,,0
2109,'1478097',1650,,865,,,0
2109,'1478098',1805,,866,,,0
2109,'1478099',835,,867,4,,0
2109,'1478100',945,,868,4,,0
2109,'1478101',1205,,869,4,,0
2109,'1478102',1315,,870,4,,0
2109,'1478103',1425,,871,4,,0
2109,'1478104',1645,,872,4,,0
2109,'1478105',1755,,873,4,,0
2109,'1478106',1910,,874,4,,0
2109,'1478107',1615,,875,,,0
2109,'1478108',1025,,876,,,0
2109,'1478109',1610,,877,4,,0
2109,'1478110',1130,,878,4,,0
2109,'1478111',1840,,879,,,0
2109,'1478112',1055,,880,4,,0
2109,'1478113',950,,881,,,0
2109,'1478114',1540,,882,,,0
2109,'1478115',1535,,883,4,,0
5409,'1477518',1500,,896,4,,0
1000909,'1476779',518,,898,,,0,32,,898,4,,0
1000909,'1476780',548,,899,,,0,72,,899,4,,0
1000909,'1476781',618,,900,,,0,32,,900,4,,0
1000909,'1476782',648,,901,,,0,72,,901,4,,0
1000909,'1476783',718,,902,,,0,32,,902,4,,0
1000909,'1476784',748,,903,,,0,72,,903,4,,0
1000909,'1476785',810,,904,,,0,32,,904,4,,0
1000909,'1476786',838,,905,,,0,72,,905,4,,0
1000909,'1476787',912,,906,,,0,33,,906,4,,0
1000909,'1476788',932,,907,,,0,73,,907,4,,0
1000909,'1476789',1002,,908,,,0,33,,908,4,,0
1000909,'1476790',1032,,909,,,0,73,,909,4,,0
1000909,'1476791',1102,,910,,,0,33,,910,4,,0
1000909,'1476792',1132,,911,,,0,73,,911,4,,0
1000909,'1476793',1202,,912,,,0,33,,912,4,,0
1000909,'1476794',1232,,913,,,0,73,,913,4,,0
1000909,'1476795',1302,,914,,,0,33,,914,4,,0
1000909,'1476796',1332,,915,,,0,73,,915,4,,0
1000909,'1476797',1402,,916,,,0,37,,916,4,,0
1000909,'1476798',1432,,917,,,0,77,,917,4,,0
1000909,'1476799',1502,,918,,,0,41,,918,4,,0
1000909,'1476800',1530,,919,,,0,77,,919,4,,0
1000909,'1476801',1602,,920,,,0,37,,920,4,,0
1000909,'1476802',1632,,921,,,0,77,,921,4,,0
1000909,'1476803',1650,,922,,,0,77,,922,4,,0
1000909,'1476804',1735,,923,,,0,77,,923,4,,0
1000909,'1476805',1805,,924,,,0,37,,924,4,,0
1000909,'1476806',1835,,925,,,0,77,,925,4,,0
1000909,'1476807',1905,,926,,,0,37,,926,4,,0
1000909,'1476808',1935,,927,,,0,74,,927,4,,0
1000909,'1476809',2020,,928,,,0,32,,928,4,,0
1000909,'1476810',2105,,929,,,0,32,,929,4,,0
1000909,'1476811',2140,,930,,,0,72,,930,4,,0
1000909,'1476812',2250,,931,,,0,72,,931,4,,0
1000909,'1476813',2215,,932,,,0,32,,932,4,,0
1000909,'1476831',730,,933,,,0,73,,933,4,,0
1000909,'1476832',810,,934,,,0,33,,934,4,,0
1000909,'1476833',850,,935,,,0,73,,935,4,,0
1000909,'1476834',930,,936,,,0,73,,936,4,,0
1000909,'1476835',1010,,937,,,0,33,,937,4,,0
1000909,'1476836',1050,,938,,,0,75,,938,4,,0
1000909,'1476837',1130,,939,,,0,75,,939,4,,0
1000909,'1476838',1215,,940,,,0,35,,940,4,,0
1000909,'1476839',1255,,941,,,0,75,,941,4,,0
1000909,'1476840',1335,,942,,,0,76,,942,4,,0
1000909,'1476841',1415,,943,,,0,36,,943,4,,0
1000909,'1476842',1455,,944,,,0,76,,944,4,,0
1000909,'1476843',1535,,945,,,0,76,,945,4,,0
1000909,'1476844',1615,,946,,,0,36,,946,4,,0
1000909,'1476845',1700,,947,,,0,36,,947,4,,0
1000909,'1476846',1740,,948,,,0,76,,948,4,,0
1000909,'1476847',1820,,949,,,0,36,,949,4,,0
1000909,'1476848',1900,,950,,,0,36,,950,4,,0
1000909,'1477594',730,,951,,,0,73,,951,4,,0
1000909,'1477595',810,,952,,,0,33,,952,4,,0
1000909,'1477596',850,,953,,,0,73,,953,4,,0
1000909,'1477597',930,,954,,,0,73,,954,4,,0
1000909,'1477598',1010,,955,,,0,33,,955,4,,0
1000909,'1477599',1050,,956,,,0,75,,956,4,,0
1000909,'1477600',1130,,957,,,0,75,,957,4,,0
1000909,'1477601',1215,,958,,,0,35,,958,4,,0
1000909,'1477602',1255,,959,,,0,75,,959,4,,0
1000909,'1477603',1335,,960,,,0,76,,960,4,,0
1000909,'1477604',1415,,961,,,0,36,,961,4,,0
1000909,'1477605',1455,,962,,,0,76,,962,4,,0
1000909,'1477606',1535,,963,,,0,76,,963,4,,0
1000909,'1477607',1615,,964,,,0,36,,964,4,,0
1000909,'1477608',1700,,965,,,0,36,,965,4,,0
1000909,'1477609',1740,,966,,,0,76,,966,4,,0
1000909,'1477610',1820,,967,,,0,36,,967,4,,0
1000909,'1477611',1900,,968,,,0,36,,968,4,,0
1000909,'1478041',1905,,969,,,0,37,,969,4,,0
1000909,'1478042',2250,,970,,,0,72,,970,4,,0
1000909,'1478043',1935,,971,,,0,74,,971,4,,0
1000909,'1478044',1735,,972,,,0,77,,972,4,,0
1000909,'1478045',1805,,973,,,0,37,,973,4,,0
1000909,'1478046',2140,,974,,,0,72,,974,4,,0
1000909,'1478047',2105,,975,,,0,32,,975,4,,0
1000909,'1478048',1835,,976,,,0,77,,976,4,,0
1000909,'1478049',2020,,977,,,0,32,,977,4,,0
1000909,'1478050',2215,,978,,,0,32,,978,4,,0
1000909,'1478051',518,,979,,,0,32,,979,4,,0
1000909,'1478052',548,,980,,,0,72,,980,4,,0
1000909,'1478053',618,,981,,,0,32,,981,4,,0
1000909,'1478054',648,,982,,,0,72,,982,4,,0
1000909,'1478055',718,,983,,,0,32,,983,4,,0
1000909,'1478056',748,,984,,,0,72,,984,4,,0
1000909,'1478057',810,,985,,,0,32,,985,4,,0
1000909,'1478058',838,,986,,,0,72,,986,4,,0
1000909,'1478059',912,,987,,,0,33,,987,4,,0
1000909,'1478060',932,,988,,,0,73,,988,4,,0
1000909,'1478061',1002,,989,,,0,33,,989,4,,0
1000909,'1478062',1032,,990,,,0,73,,990,4,,0
1000909,'1478063',1102,,991,,,0,33,,991,4,,0
1000909,'1478064',1132,,992,,,0,73,,992,4,,0
1000909,'1478065',1202,,993,,,0,33,,993,4,,0
1000909,'1478066',1232,,994,,,0,73,,994,4,,0
1000909,'1478067',1302,,995,,,0,33,,995,4,,0
1000909,'1478068',1332,,996,,,0,73,,996,4,,0
1000909,'1478069',1402,,997,,,0,37,,997,4,,0
1000909,'1478070',1432,,998,,,0,77,,998,4,,0
1000909,'1478071',1502,,999,,,0,41,,999,4,,0
1000909,'1478072',1530,,1000,,,0,77,,1000,4,,0
1000909,'1478073',1602,,1001,,,0,37,,1001,4,,0
1000909,'1478074',1632,,1002,,,0,77,,1002,4,,0
1000909,'1478075',1650,,1003,,,0,77,,1003,4,,0
2000909,'1476814',750,,1006,0,22 3 23 24 25 26,0,74,,1006,4,,0
2000909,'1476815',830,,1007,0,22 3 23 24 25 26,0,74,,1007,4,,0
2000909,'1476816',910,,1008,0,22 3 23 24 25 26,0,34,,1008,4,,0
2000909,'1476817',950,,1009,0,22 3 23 24 25 26,0,74,,1009,4,,0
2000909,'1476818',1030,,1010,0,22 3 23 24 25 26,0,74,,1010,4,,0
2000909,'1476819',1110,,1011,0,22 3 23 24 25 26,0,34,,1011,4,,0
2000909,'1476820',1150,,1012,0,22 3 23 24 25 26,0,75,,1012,4,,0
2000909,'1476821',1230,,1013,0,22 3 23 24 25 26,0,75,,1013,4,,0
2000909,'1476822',1315,,1014,0,22 3 23 24 25 26,0,35,,1014,4,,0
2000909,'1476823',1355,,1015,0,22 3 23 24 25 26,0,75,,1015,4,,0
2000909,'1476824',1435,,1016,0,22 3 23 24 25 26,0,76,,1016,4,,0
2000909,'1476825',1515,,1017,0,22 3 23 24 25 26,0,36,,1017,4,,0
2000909,'1476826',1600,,1018,0,22 3 23 24 25 26,0,36,,1018,4,,0
2000909,'1476827',1640,,1019,0,22 3 23 24 25 26,0,76,,1019,4,,0
2000909,'1476828',1720,,1020,0,22 3 23 24 25 26,0,36,,1020,4,,0
2000909,'1476829',1800,,1021,0,22 3 23 24 25 26,0,36,,1021,4,,0
2000909,'1476830',1840,,1022,0,22 3 23 24 25 26,0,76,,1022,4,,0
2000909,'1477519',542,,1023,0,22 3 23 24 25 26,0,73,,1023,4,,0
2000909,'1477520',602,,1024,0,22 3 23 24 25 26,0,33,,1024,4,,0
2000909,'1477521',632,,1025,0,22 3 23 24 25 26,0,73,,1025,4,,0
2000909,'1477522',702,,1026,0,22 3 23 24 25 26,0,33,,1026,4,,0
2000909,'1477523',732,,1027,0,22 3 23 24 25 26,0,73,,1027,4,,0
2000909,'1477524',752,,1028,0,22 3 23 24 25 26,0,73,,1028,4,,0
2000909,'1477525',832,,1029,0,22 3 23 24 25 26,0,73,,1029,4,,0
2000909,'1477526',922,,1030,0,22 3 23 24 25 26,0,33,,1030,4,,0
2000909,'1477527',951,,1031,0,22 3 23 24 25 26,0,74,,1031,4,,0
2000909,'1477528',1011,,1032,0,22 3 23 24 25 26,0,34,,1032,4,,0
2000909,'1477529',1041,,1033,0,22 3 23 24 25 26,0,74,,1033,4,,0
2000909,'1477530',1111,,1034,0,22 3 23 24 25 26,0,34,,1034,4,,0
2000909,'1477531',1141,,1035,0,22 3 23 24 25 26,0,74,,1035,4,,0
2000909,'1477532',1211,,1036,0,22 3 23 24 25 26,0,34,,1036,4,,0
2000909,'1477533',1241,,1037,0,22 3 23 24 25 26,0,74,,1037,4,,0
2000909,'1477534',1311,,1038,0,22 3 23 24 25 26,0,34,,1038,4,,0
2000909,'1477535',1341,,1039,0,22 3 23 24 25 26,0,74,,1039,4,,0
2000909,'1477536',1411,,1040,0,22 3 23 24 25 26,0,37,,1040,4,,0
2000909,'1477537',1442,,1041,0,22 3 23 24 25 26,0,77,,1041,4,,0
2000909,'1477538',1512,,1042,0,22 3 23 24 25 26,0,37,,1042,4,,0
2000909,'1477539',1546,,1043,0,22 3 23 24 25 26,0,77,,1043,4,,0
2000909,'1477540',1610,,1044,0,22 3 23 24 25 26,0,37,,1044,4,,0
2000909,'1477541',1642,,1045,0,22 3 23 24 25 26,0,77,,1045,4,,0
2000909,'1477542',1720,,1046,0,22 3 23 24 25 26,0,37,,1046,4,,0
2000909,'1477543',1750,,1047,0,22 3 23 24 25 26,0,77,,1047,4,,0
2000909,'1477544',1820,,1048,0,22 3 23 24 25 26,0,37,,1048,4,,0
2000909,'1477545',1850,,1049,0,22 3 23 24 25 26,0,77,,1049,4,,0
2000909,'1477546',1920,,1050,0,22 3 23 24 25 26,0,37,,1050,4,,0
2000909,'1477547',1946,,1051,0,22 3 23 24 25 26,0,76,,1051,4,,0
2000909,'1477548',2020,,1052,0,22 3 23 24 25 26,0,33,,1052,4,,0
2000909,'1477549',2054,,1053,0,22 3 23 24 25 26,0,73,,1053,4,,0
2000909,'1477550',854,,1054,0,22 3 23 24 25 26,0,73,,1054,4,,0
2000909,'1477551',2139,,1055,0,22 3 23 24 25 26,0,73,,1055,4,,0
2000909,'1477552',2214,,1056,0,22 3 23 24 25 26,0,33,,1056,4,,0
2000909,'1477553',2250,,1057,0,22 3 23 24 25 26,0,73,,1057,4,,0
2000909,'1477577',750,,1058,0,22 3 23 24 25 26,0,74,,1058,4,,0
2000909,'1477578',830,,1059,0,22 3 23 24 25 26,0,74,,1059,4,,0
2000909,'1477579',910,,1060,0,22 3 23 24 25 26,0,34,,1060,4,,0
2000909,'1477580',950,,1061,0,22 3 23 24 25 26,0,74,,1061,4,,0
2000909,'1477581',1030,,1062,0,22 3 23 24 25 26,0,74,,1062,4,,0
2000909,'1477582',1110,,1063,0,22 3 23 24 25 26,0,34,,1063,4,,0
2000909,'1477583',1150,,1064,0,22 3 23 24 25 26,0,75,,1064,4,,0
2000909,'1477584',1230,,1065,0,22 3 23 24 25 26,0,75,,1065,4,,0
2000909,'1477585',1315,,1066,0,22 3 23 24 25 26,0,35,,1066,4,,0
2000909,'1477586',1355,,1067,0,22 3 23 24 25 26,0,75,,1067,4,,0
2000909,'1477587',1435,,1068,0,22 3 23 24 25 26,0,76,,1068,4,,0
2000909,'1477588',1515,,1069,0,22 3 23 24 25 26,0,36,,1069,4,,0
2000909,'1477589',1600,,1070,0,22 3 23 24 25 26,0,36,,1070,4,,0
2000909,'1477590',1640,,1071,0,22 3 23 24 25 26,0,76,,1071,4,,0
2000909,'1477591',1720,,1072,0,22 3 23 24 25 26,0,36,,1072,4,,0
2000909,'1477592',1800,,1073,0,22 3 23 24 25 26,0,36,,1073,4,,0
2000909,'1477593',1840,,1074,0,22 3 23 24 25 26,0,76,,1074,4,,0
