609,'1476872',750,,573,,,0
609,'1476873',850,,574,,,0
609,'1476874',950,,575,,,0
609,'1476875',1050,,576,,,0
609,'1476876',1150,,577,,,0
609,'1476877',1305,,578,,,0
609,'1476878',1405,,579,,,0
609,'1476879',1505,,580,,,0
609,'1476880',1605,,581,,,0
609,'1476881',1720,,582,,,0
609,'1476882',1820,,583,,,0
609,'1476883',1920,,584,,,0
609,'1477404',613,,585,,,0
609,'1477405',713,,586,,,0
609,'1477406',813,,587,,,0
609,'1477407',852,,588,,,0
609,'1477408',952,,589,,,0
609,'1477409',1052,,590,,,0
609,'1477410',1152,,591,,,0
609,'1477411',1304,,592,,,0
609,'1477412',1414,,593,,,0
609,'1477413',1524,,594,,,0
609,'1477414',543,,595,,,0
609,'1477415',643,,596,,,0
609,'1477416',743,,597,,,0
609,'1477417',1449,,598,,,0
609,'1477418',1634,,599,,,0
609,'1477419',1755,,600,,,0
609,'1477420',1855,,601,,,0
609,'1477421',1955,,602,,,0
609,'1477422',2111,,603,,,0
609,'1477423',2211,,604,,,0
609,'1477424',922,,605,,,0
609,'1477425',1022,,606,,,0
609,'1477426',1559,,607,,,0
609,'1477427',1714,,608,,,0
609,'1477428',1825,,609,,,0
609,'1477429',1925,,610,,,0
609,'1477430',2041,,611,,,0
609,'1477431',2141,,612,,,0
609,'1477432',631,,613,,,0
609,'1477433',730,,614,,,0
609,'1477434',1122,,615,,,0
609,'1477435',1222,,616,,,0
609,'1477436',1339,,617,,,0
609,'1477437',2311,,618,,,0
609,'1477438',2241,,619,,,0
609,'1477723',750,,620,,,0
609,'1477724',850,,621,,,0
609,'1477725',950,,622,,,0
609,'1477726',1050,,623,,,0
609,'1477727',1150,,624,,,0
609,'1477728',1305,,625,,,0
609,'1477729',1405,,626,,,0
609,'1477730',1505,,627,,,0
609,'1477731',1605,,628,,,0
609,'1477732',1720,,629,,,0
609,'1477733',1820,,630,,,0
609,'1477734',1920,,631,,,0
