200,'100012',730,,3574,26,,,0,70,,3552,26,,,0,30,,3553,26,,,0,70,,3554,26,,,0,30,,3555,26,,,0,70,,3556,26,,,0,30,,3557,26,,,0,70,,3558,26,,,0,30,,3559,26,,,0,70,,3560,26,,,0,45,,3575,2,0,5 31,0,70,,3562,26,,,0,30,,3563,26,,,0,70,,3564,26,,,0,30,,3565,26,,,0,70,,3566,26,,,0,30,,3567,26,,,0,85,,3576,2,0,5 31,0,70,,3569,26,,,0,30,,3570,26,,,0,70,,3571,26,,,0,30,,3572,26,,,0,70,,3573,26,,,0,30,,3568,26,,,0
200,'100013',730,,3599,26,,,0,70,,3598,26,,,0,30,,3579,26,,,0,70,,3578,26,,,0,30,,3580,26,,,0,70,,3581,26,,,0,30,,3582,26,,,0,70,,3583,26,,,0,30,,3584,26,,,0,70,,3585,26,,,0,45,,3603,2,0,5 31,0,70,,3586,26,,,0,30,,3587,26,,,0,70,,3588,26,,,0,30,,3589,26,,,0,70,,3590,26,,,0,30,,3591,26,,,0,85,,3601,2,0,5 31,0,70,,3592,26,,,0,30,,3593,26,,,0,70,,3594,26,,,0,30,,3595,26,,,0,70,,3596,26,,,0,30,,3597,26,,,0
200,'100014',552,,3604,26,,,0,70,,3613,26,,,0,30,,3605,26,,,0,70,,3614,26,,,0,30,,3606,26,,,0,80,,3615,26,,,0,70,,3607,26,,,0,30,,3616,26,,,0,70,,3608,26,,,0,30,,3617,26,,,0,70,,3609,26,,,0,30,,3618,26,,,0,70,,3610,26,,,0,39,,3637,2,0,5 31,0,75,,3611,26,,,0,35,,3620,26,,,0,75,,3612,26,,,0,75,,3621,26,,,0,35,,3629,26,,,0,75,,3622,26,,,0,35,,3630,26,,,0,89,,3623,26,,,0,71,,3624,26,,,0,30,,3631,26,,,0,70,,3625,26,,,0,30,,3632,26,,,0,85,,3626,26,,,0,30,,3633,26,,,0,70,,3627,26,,,0,30,,3634,26,,,0,70,,3628,26,,,0,30,,3635,26,,,0,70,,3636,26,,,0
201,'100012',801,,3638,19,,,0,30,,3639,19,,,0,70,,3640,19,,,0,30,,3641,19,,,0,70,,3642,19,,,0,30,,3643,19,,,0,70,,3644,19,,,0,30,,3645,19,,,0,70,,3646,19,,,0,45,,3660,2,,,0,70,,3648,19,,,0,30,,3649,19,,,0,70,,3650,19,,,0,30,,3651,19,,,0,70,,3652,19,,,0,30,,3653,19,,,0,85,,3661,2,,,0,70,,3655,19,,,0,30,,3656,19,,,0,70,,3657,19,,,0,30,,3658,19,,,0,70,,3659,19,,,0,30,,3654,19,,,0
201,'100013',801,,3668,19,,,0,30,,3672,19,,,0,70,,3669,19,,,0,30,,3681,19,,,0,70,,3671,19,,,0,30,,3670,19,,,0,70,,3673,19,,,0,30,,3674,19,,,0,70,,3663,19,,,0,45,,3687,2,,,0,70,,3676,19,,,0,30,,3677,19,,,0,70,,3678,19,,,0,30,,3679,19,,,0,70,,3680,19,,,0,30,,3683,19,,,0,85,,3685,2,,,0,70,,3682,19,,,0,30,,3664,19,,,0,70,,3667,19,,,0,30,,3666,19,,,0,70,,3665,19,,,0,30,,3675,19,,,0
201,'100014',523,,3718,2,,,0,30,,3721,19,,,0,70,,3688,19,,,0,30,,3696,19,,,0,70,,3689,19,,,0,30,,3697,19,,,0,80,,3690,19,,,0,70,,3698,19,,,0,30,,3691,19,,,0,70,,3699,19,,,0,30,,3692,19,,,0,70,,3700,19,,,0,30,,3693,19,,,0,70,,3701,19,,,0,38,,3722,2,,,0,75,,3719,19,,,0,35,,3695,19,,,0,75,,3702,19,,,0,75,,3709,19,,,0,35,,3703,19,,,0,75,,3710,19,,,0,40,,3704,19,,,0,85,,3720,19,,,0,70,,3711,19,,,0,30,,3705,19,,,0,70,,3712,19,,,0,30,,3706,19,,,0,85,,3713,19,,,0,30,,3707,19,,,0,70,,3714,19,,,0,30,,3708,19,,,0,70,,3715,19,,,0,30,,3716,19,,,0,71,,3717,19,,,0
600,'100012',731,,3970,2,,,0,100,,3971,2,,,0,100,,3972,2,,,0,100,,3973,2,,,0,100,,3974,2,,,0,115,,3975,2,,,0,100,,3976,2,,,0,100,,3977,2,,,0,100,,3978,2,,,0,155,,3979,2,,,0,100,,3980,2,,,0,100,,3981,2,,,0
600,'100013',731,,3982,2,,,0,100,,3983,2,,,0,100,,3984,2,,,0,100,,3985,2,,,0,100,,3986,2,,,0,115,,3987,2,,,0,100,,3988,2,,,0,100,,3989,2,,,0,100,,3990,2,,,0,155,,3991,2,,,0,100,,3992,2,,,0,100,,3993,2,,,0
600,'100014',523,,4004,2,,,0,30,,3994,2,,,0,58,,4022,2,,,0,12,,4005,2,,,0,30,,3995,2,,,0,58,,4023,2,,,0,12,,4006,2,,,0,30,,3996,2,,,0,80,,3997,2,,,0,70,,4014,2,,,0,30,,3998,2,,,0,70,,4015,2,,,0,30,,3999,2,,,0,70,,4024,2,,,0,30,,4000,2,,,0,70,,4025,2,,,0,38,,4001,2,,,0,75,,4026,2,,,0,35,,4002,2,,,0,75,,4007,2,,,0,75,,4003,2,,,0,35,,4016,2,,,0,75,,4008,2,,,0,40,,4017,2,,,0,85,,4009,2,,,0,70,,4018,2,,,0,30,,4010,2,,,0,70,,4019,2,,,0,30,,4011,2,,,0,85,,4020,2,,,0,30,,4012,2,,,0,70,,4021,2,,,0,30,,4013,2,,,0,70,,4028,2,,,0,30,,4027,2,,,0
700,'100012',800,,4029,2,0,24 3 25,0,100,,4030,2,0,24 3 25,0,100,,4031,2,0,24 3 25,0,100,,4032,2,0,24 3 25,0,100,,4033,2,0,24 3 25,0,115,,4034,2,0,24 3 25,0,100,,4035,2,0,24 3 25,0,100,,4036,2,0,24 3 25,0,115,,4037,2,0,24 3 25,0,100,,4038,2,0,24 3 25,0,100,,4039,2,0,24 3 25,0
700,'100013',800,,4040,2,0,24 3 25,0,100,,4041,2,0,24 3 25,0,100,,4042,2,0,24 3 25,0,100,,4043,2,0,24 3 25,0,100,,4044,2,0,24 3 25,0,115,,4045,2,0,24 3 25,0,100,,4046,2,0,24 3 25,0,100,,4047,2,0,24 3 25,0,115,,4048,2,0,24 3 25,0,100,,4049,2,0,24 3 25,0,100,,4050,2,0,24 3 25,0
700,'100014',522,,4051,2,0,24 3 25,0,30,,4061,2,0,24 3 25,0,70,,4052,2,0,24 3 25,0,18,,4079,2,0,24 3 25,0,12,,4062,2,0,24 3 25,0,70,,4053,2,0,24 3 25,0,30,,4063,2,0,24 3 25,0,80,,4072,2,0,24 3 25,0,70,,4054,2,0,24 3 25,0,30,,4073,2,0,24 3 25,0,70,,4055,2,0,24 3 25,0,30,,4080,2,0,24 3 25,0,70,,4056,2,0,24 3 25,0,30,,4081,2,0,24 3 25,0,70,,4057,2,0,24 3 25,0,39,,4082,2,0,24 3 25,0,75,,4058,2,0,24 3 25,0,35,,4064,2,0,24 3 25,0,75,,4059,2,0,24 3 25,0,75,,4065,2,0,24 3 25,0,35,,4060,2,0,24 3 25,0,75,,4066,2,0,24 3 25,0,40,,4067,2,0,24 3 25,0,84,,4074,2,0,24 3 25,0,70,,4068,2,0,24 3 25,0,30,,4075,2,0,24 3 25,0,70,,4069,2,0,24 3 25,0,30,,4076,2,0,24 3 25,0,85,,4070,2,0,24 3 25,0,30,,4077,2,0,24 3 25,0,70,,4071,2,0,24 3 25,0,30,,4078,2,0,24 3 25,0,70,,4083,2,0,24 3 25,0,30,,4084,2,0,24 3 25,0
