500,'100012',807,,3916,13,0,12 3 13,0,100,,3917,13,0,12 3 13,0,100,,3918,13,0,12 3 13,0,100,,3919,13,0,12 3 13,0,100,,3920,13,0,12 3 13,0,115,,3921,13,0,12 3 13,0,100,,3922,13,0,12 3 13,0,100,,3923,13,0,12 3 13,0,115,,3924,13,0,12 3 13,0,100,,3925,13,0,12 3 13,0,100,,3926,13,0,12 3 13,0
500,'100013',807,,3927,13,0,12 3 13,0,100,,3928,13,0,12 3 13,0,100,,3929,13,0,12 3 13,0,100,,3930,13,0,12 3 13,0,100,,3931,13,0,12 3 13,0,115,,3932,13,0,12 3 13,0,100,,3933,13,0,12 3 13,0,100,,3934,13,0,12 3 13,0,115,,3935,13,0,12 3 13,0,100,,3936,13,0,12 3 13,0,100,,3937,13,0,12 3 13,0
500,'100014',559,,3938,13,0,12 3 13,0,70,,3954,13,0,12 3 13,0,30,,3939,13,0,12 3 13,0,70,,3955,13,0,12 3 13,0,30,,3940,13,0,12 3 13,0,80,,3941,13,0,12 3 13,0,70,,3963,13,0,12 3 13,0,30,,3942,13,0,12 3 13,0,70,,3966,13,0,12 3 13,0,30,,3943,13,0,12 3 13,0,70,,3965,13,0,12 3 13,0,30,,3944,13,0,12 3 13,0,70,,3967,13,0,12 3 13,0,40,,3945,13,0,12 3 13,0,75,,3964,13,0,12 3 13,0,35,,3946,13,0,12 3 13,0,75,,3956,13,0,12 3 13,0,75,,3947,13,0,12 3 13,0,35,,3957,13,0,12 3 13,0,75,,3948,13,0,12 3 13,0,40,,3949,13,0,12 3 13,0,83,,3958,13,0,12 3 13,0,70,,3950,13,0,12 3 13,0,30,,3959,13,0,12 3 13,0,70,,3951,13,0,12 3 13,0,30,,3960,13,0,12 3 13,0,85,,3952,13,0,12 3 13,0,30,,3961,13,0,12 3 13,0,70,,3953,13,0,12 3 13,0,30,,3962,13,0,12 3 13,0,70,,3968,13,0,12 3 13,0,30,,3969,13,0,12 3 13,0
700,'100012',806,,4029,9,0,24 3 25,0,100,,4030,9,0,24 3 25,0,100,,4031,9,0,24 3 25,0,100,,4032,9,0,24 3 25,0,100,,4033,9,0,24 3 25,0,115,,4034,9,0,24 3 25,0,100,,4035,9,0,24 3 25,0,100,,4036,9,0,24 3 25,0,115,,4037,9,0,24 3 25,0,100,,4038,9,0,24 3 25,0,100,,4039,9,0,24 3 25,0
700,'100013',806,,4040,9,0,24 3 25,0,100,,4041,9,0,24 3 25,0,100,,4042,9,0,24 3 25,0,100,,4043,9,0,24 3 25,0,100,,4044,9,0,24 3 25,0,115,,4045,9,0,24 3 25,0,100,,4046,9,0,24 3 25,0,100,,4047,9,0,24 3 25,0,115,,4048,9,0,24 3 25,0,100,,4049,9,0,24 3 25,0,100,,4050,9,0,24 3 25,0
700,'100014',528,,4051,9,0,24 3 25,0,30,,4061,9,0,24 3 25,0,70,,4052,9,0,24 3 25,0,18,,4079,9,0,24 3 25,0,12,,4062,9,0,24 3 25,0,70,,4053,9,0,24 3 25,0,30,,4063,9,0,24 3 25,0,80,,4072,9,0,24 3 25,0,70,,4054,9,0,24 3 25,0,30,,4073,9,0,24 3 25,0,70,,4055,9,0,24 3 25,0,30,,4080,9,0,24 3 25,0,70,,4056,9,0,24 3 25,0,30,,4081,9,0,24 3 25,0,70,,4057,9,0,24 3 25,0,39,,4082,9,0,24 3 25,0,75,,4058,9,0,24 3 25,0,35,,4064,9,0,24 3 25,0,75,,4059,9,0,24 3 25,0,75,,4065,9,0,24 3 25,0,35,,4060,9,0,24 3 25,0,75,,4066,9,0,24 3 25,0,40,,4067,9,0,24 3 25,0,84,,4074,9,0,24 3 25,0,70,,4068,9,0,24 3 25,0,30,,4075,9,0,24 3 25,0,70,,4069,9,0,24 3 25,0,30,,4076,9,0,24 3 25,0,85,,4070,9,0,24 3 25,0,30,,4077,9,0,24 3 25,0,70,,4071,9,0,24 3 25,0,30,,4078,9,0,24 3 25,0,70,,4083,9,0,24 3 25,0,30,,4084,9,0,24 3 25,0
1000900,'100012',738,,4281,10,,,0,80,,4282,10,,,0,40,,4283,10,,,0,80,,4284,10,,,0,80,,4285,10,,,0,40,,4286,10,,,0,80,,4287,10,,,0,85,,4288,10,,,0,80,,4289,10,,,0,41,,4290,10,,,0,80,,4291,10,,,0,80,,4292,10,,,0,40,,4293,10,,,0,80,,4294,10,,,0,85,,4295,10,,,0,40,,4296,10,,,0,80,,4297,10,,,0,80,,4298,10,,,0
1000900,'100013',738,,4299,10,,,0,80,,4300,10,,,0,40,,4301,10,,,0,80,,4302,10,,,0,80,,4303,10,,,0,40,,4304,10,,,0,80,,4305,10,,,0,85,,4306,10,,,0,80,,4307,10,,,0,41,,4308,10,,,0,80,,4309,10,,,0,80,,4310,10,,,0,40,,4311,10,,,0,80,,4312,10,,,0,85,,4313,10,,,0,40,,4314,10,,,0,80,,4315,10,,,0,80,,4316,10,,,0
1000900,'100014',524,,4327,10,,,0,30,,4328,10,,,0,70,,4329,10,,,0,30,,4330,10,,,0,70,,4331,10,,,0,30,,4332,10,,,0,62,,4333,10,,,0,28,,4334,10,,,0,75,,4335,10,,,0,20,,4336,10,,,0,70,,4337,10,,,0,30,,4338,10,,,0,70,,4339,10,,,0,30,,4340,10,,,0,70,,4341,10,,,0,30,,4342,10,,,0,70,,4343,10,,,0,30,,4344,10,,,0,72,,4345,10,,,0,30,,4346,10,,,0,70,,4347,10,,,0,28,,4348,10,,,0,72,,4349,10,,,0,30,,4350,10,,,0,18,,4351,10,,,0,85,,4320,10,,,0,70,,4321,10,,,0,30,,4324,10,,,0,70,,4317,10,,,0,29,,4319,10,,,0,83,,4325,10,,,0,85,,4323,10,,,0,35,,4322,10,,,0,75,,4326,10,,,0,35,,4318,10,,,0
2000900,'100012',758,,4352,10,,,0,80,,4353,10,,,0,80,,4354,10,,,0,40,,4355,10,,,0,80,,4356,10,,,0,80,,4357,10,,,0,40,,4358,10,,,0,80,,4359,10,,,0,85,,4360,10,,,0,80,,4361,10,,,0,41,,4362,10,,,0,80,,4363,10,,,0,85,,4364,10,,,0,40,,4365,10,,,0,80,,4366,10,,,0,80,,4367,10,,,0,40,,4368,10,,,0
2000900,'100013',758,,4369,10,,,0,80,,4370,10,,,0,80,,4371,10,,,0,40,,4372,10,,,0,80,,4373,10,,,0,80,,4374,10,,,0,40,,4375,10,,,0,80,,4376,10,,,0,85,,4377,10,,,0,80,,4378,10,,,0,41,,4379,10,,,0,80,,4380,10,,,0,85,,4381,10,,,0,40,,4382,10,,,0,80,,4383,10,,,0,80,,4384,10,,,0,40,,4385,10,,,0
2000900,'100014',548,,4386,10,,,0,60,,4387,10,,,0,30,,4388,10,,,0,70,,4389,10,,,0,30,,4390,10,,,0,20,,4391,10,,,0,80,,4392,10,,,0,62,,4417,10,,,0,28,,4393,10,,,0,30,,4394,10,,,0,60,,4395,10,,,0,30,,4396,10,,,0,70,,4397,10,,,0,30,,4398,10,,,0,70,,4399,10,,,0,30,,4400,10,,,0,70,,4401,10,,,0,30,,4402,10,,,0,72,,4403,10,,,0,31,,4404,10,,,0,70,,4405,10,,,0,34,,4406,10,,,0,64,,4407,10,,,0,32,,4408,10,,,0,78,,4409,10,,,0,30,,4410,10,,,0,70,,4411,10,,,0,30,,4412,10,,,0,70,,4413,10,,,0,25,,4414,10,,,0,72,,4415,10,,,0,74,,4416,10,,,0,45,,4418,10,,,0,75,,4419,10,,,0,36,,4420,10,,,0
