2019,'1476981',740,,160,0,12 13,0
2019,'1476982',810,,161,0,12 13,0
2019,'1476983',840,,162,0,12 13,0
2019,'1476984',910,,163,0,12 13,0
2019,'1476985',940,,164,0,12 13,0
2019,'1476986',1010,,165,0,12 13,0
2019,'1476987',1040,,166,0,12 13,0
2019,'1476988',1110,,167,0,12 13,0
2019,'1476989',1140,,168,0,12 13,0
2019,'1476990',1210,,169,0,12 13,0
2019,'1476991',1255,,170,0,12 13,0
2019,'1476992',1325,,171,0,12 13,0
2019,'1476993',1355,,172,0,12 13,0
2019,'1476994',1425,,173,0,12 13,0
2019,'1476995',1455,,174,0,12 13,0
2019,'1476996',1525,,175,0,12 13,0
2019,'1476997',1555,,176,0,12 13,0
2019,'1476998',1910,,177,0,12 13,0
2019,'1476999',1640,,178,0,12 13,0
2019,'1477000',1710,,179,0,12 13,0
2019,'1477001',1740,,180,0,12 13,0
2019,'1477002',1810,,181,0,12 13,0
2019,'1477003',1840,,182,0,12 13,0
2019,'1477147',602,,215,0,12 13,0
2019,'1477148',702,,216,0,12 13,0
2019,'1477149',802,,217,0,12 13,0
2019,'1477150',912,,218,0,12 13,0
2019,'1477151',1012,,219,0,12 13,0
2019,'1477152',1112,,220,0,12 13,0
2019,'1477153',1212,,221,0,12 13,0
2019,'1477154',1327,,222,0,12 13,0
2019,'1477156',632,,224,0,12 13,0
2019,'1477157',732,,225,0,12 13,0
2019,'1477158',842,,226,0,12 13,0
2019,'1477159',942,,227,0,12 13,0
2019,'1477160',1042,,228,0,12 13,0
2019,'1477161',1142,,229,0,12 13,0
2019,'1477162',1252,,230,0,12 13,0
2019,'1477163',1402,,231,0,12 13,0
2019,'1477173',1512,,241,0,12 13,0
2019,'1477174',1622,,242,0,12 13,0
2019,'1477175',1702,,243,0,12 13,0
2019,'1477176',1816,,244,0,12 13,0
2019,'1477177',1916,,245,0,12 13,0
2019,'1477178',2031,,246,0,12 13,0
2019,'1477179',2131,,247,0,12 13,0
2019,'1477187',1437,,255,0,12 13,0
2019,'1477188',1547,,256,0,12 13,0
2019,'1477189',1746,,257,0,12 13,0
2019,'1477190',1846,,258,0,12 13,0
2019,'1477191',1946,,259,0,12 13,0
2019,'1477192',2101,,260,0,12 13,0
2019,'1477193',2201,,261,0,12 13,0
2019,'1477200',2231,,268,0,12 13,0
2019,'1477201',2302,,269,0,12 13,0
2019,'1477769',1140,,273,0,12 13,0
2019,'1477770',1710,,274,0,12 13,0
2019,'1477771',1840,,275,0,12 13,0
2019,'1477772',1810,,276,0,12 13,0
2019,'1477773',1740,,277,0,12 13,0
2019,'1477774',740,,278,0,12 13,0
2019,'1477775',840,,279,0,12 13,0
2019,'1477776',1010,,280,0,12 13,0
2019,'1477777',940,,281,0,12 13,0
2019,'1477778',810,,282,0,12 13,0
2019,'1477779',1040,,283,0,12 13,0
2019,'1477780',1110,,284,0,12 13,0
2019,'1477781',1910,,285,0,12 13,0
2019,'1477782',1210,,286,0,12 13,0
2019,'1477783',1255,,287,0,12 13,0
2019,'1477784',1325,,288,0,12 13,0
2019,'1477785',1355,,289,0,12 13,0
2019,'1477786',1425,,290,0,12 13,0
2019,'1477787',1455,,291,0,12 13,0
2019,'1477788',910,,292,0,12 13,0
2019,'1477789',1555,,293,0,12 13,0
2019,'1477790',1640,,294,0,12 13,0
2019,'1477791',1525,,295,0,12 13,0
