201,'100009',528,,413,7,,,0,30,,422,7,,,0,70,,414,7,,,0,30,,423,7,,,0,70,,415,7,,,0,30,,424,7,,,0,80,,416,7,,,0,70,,425,7,,,0,30,,417,7,,,0,70,,426,7,,,0,30,,418,7,,,0,70,,427,7,,,0,30,,419,7,,,0,70,,428,7,,,0,38,,420,7,,,0,75,,429,7,,,0,35,,421,7,,,0,75,,430,7,,,0,75,,438,7,,,0,35,,431,7,,,0,75,,439,7,,,0,40,,432,7,,,0,85,,433,7,,,0,70,,440,7,,,0,30,,434,7,,,0,70,,441,7,,,0,30,,435,7,,,0,85,,442,7,,,0,30,,436,7,,,0,70,,443,7,,,0,30,,437,7,,,0,70,,444,7,,,0,30,,445,7,,,0,70,,446,7,,,0
201,'100010',706,,470,7,,,0,30,,469,7,,,0,70,,448,7,,,0,30,,447,7,,,0,70,,449,7,,,0,30,,450,7,,,0,70,,451,7,,,0,30,,452,7,,,0,70,,453,7,,,0,30,,454,7,,,0,70,,455,7,,,0,45,,456,7,,,0,70,,457,7,,,0,30,,458,7,,,0,70,,459,7,,,0,30,,460,7,,,0,70,,461,7,,,0,30,,462,7,,,0,85,,463,7,,,0,70,,464,7,,,0,30,,465,7,,,0,70,,466,7,,,0,30,,467,7,,,0,70,,468,7,,,0
201,'100011',806,,2023,24,,,0,30,,2027,24,,,0,70,,2024,24,,,0,30,,2037,24,,,0,70,,2026,24,,,0,30,,2025,24,,,0,70,,2028,24,,,0,30,,2029,24,,,0,70,,2018,24,,,0,45,,2031,24,,,0,70,,2032,24,,,0,30,,2033,24,,,0,70,,2034,24,,,0,30,,2035,24,,,0,70,,2036,24,,,0,30,,2040,24,,,0,85,,2038,24,,,0,70,,2039,24,,,0,30,,2019,24,,,0,70,,2022,24,,,0,30,,2021,24,,,0,70,,2020,24,,,0,30,,2030,24,,,0,70,,2041,24,,,0
201,'100012',806,,2047,24,,,0,30,,2051,24,,,0,70,,2048,24,,,0,30,,2061,24,,,0,70,,2050,24,,,0,30,,2049,24,,,0,70,,2052,24,,,0,30,,2053,24,,,0,70,,2042,24,,,0,45,,2055,24,,,0,70,,2056,24,,,0,30,,2057,24,,,0,70,,2058,24,,,0,30,,2059,24,,,0,70,,2060,24,,,0,30,,2064,24,,,0,85,,2062,24,,,0,70,,2063,24,,,0,30,,2043,24,,,0,70,,2046,24,,,0,30,,2045,24,,,0,70,,2044,24,,,0,30,,2054,24,,,0
201,'100013',528,,2095,7,,,0,30,,2098,24,,,0,70,,2065,24,,,0,30,,2073,24,,,0,70,,2066,24,,,0,30,,2074,24,,,0,80,,2067,24,,,0,70,,2075,24,,,0,30,,2068,24,,,0,70,,2076,24,,,0,30,,2069,24,,,0,70,,2077,24,,,0,30,,2070,24,,,0,70,,2078,24,,,0,30,,2071,24,,,0,83,,2096,24,,,0,35,,2072,24,,,0,75,,2079,24,,,0,75,,2086,24,,,0,35,,2080,24,,,0,75,,2087,24,,,0,40,,2081,24,,,0,85,,2097,24,,,0,70,,2088,24,,,0,30,,2082,24,,,0,70,,2089,24,,,0,30,,2083,24,,,0,85,,2090,24,,,0,30,,2084,24,,,0,70,,2091,24,,,0,30,,2085,24,,,0,70,,2092,24,,,0,30,,2093,24,,,0,71,,2094,24,,,0
201,'100014',528,,2129,7,,,0,30,,2132,24,,,0,70,,2099,24,,,0,30,,2107,24,,,0,70,,2100,24,,,0,30,,2108,24,,,0,80,,2101,24,,,0,70,,2109,24,,,0,30,,2102,24,,,0,70,,2110,24,,,0,30,,2103,24,,,0,70,,2111,24,,,0,30,,2104,24,,,0,70,,2112,24,,,0,30,,2105,24,,,0,83,,2130,24,,,0,35,,2106,24,,,0,75,,2113,24,,,0,75,,2120,24,,,0,35,,2114,24,,,0,75,,2121,24,,,0,40,,2115,24,,,0,85,,2131,24,,,0,70,,2122,24,,,0,30,,2116,24,,,0,70,,2123,24,,,0,30,,2117,24,,,0,85,,2124,24,,,0,30,,2118,24,,,0,70,,2125,24,,,0,30,,2119,24,,,0,70,,2126,24,,,0,30,,2127,24,,,0,71,,2128,24,,,0
201,'100015',806,,2133,24,,,0,30,,2134,24,,,0,70,,2135,24,,,0,30,,2136,24,,,0,70,,2137,24,,,0,30,,2138,24,,,0,70,,2139,24,,,0,30,,2140,24,,,0,70,,2141,24,,,0,45,,2142,24,,,0,70,,2143,24,,,0,30,,2144,24,,,0,70,,2145,24,,,0,30,,2146,24,,,0,70,,2147,24,,,0,30,,2148,24,,,0,85,,2149,24,,,0,70,,2151,24,,,0,30,,2152,24,,,0,70,,2153,24,,,0,30,,2154,24,,,0,70,,2155,24,,,0,30,,2150,24,,,0
600,'100009',527,,931,7,,,0,30,,921,7,,,0,58,,949,7,,,0,12,,932,7,,,0,30,,922,7,,,0,58,,950,7,,,0,12,,933,7,,,0,30,,923,7,,,0,80,,924,7,,,0,70,,941,7,,,0,30,,925,7,,,0,70,,942,7,,,0,30,,926,7,,,0,70,,951,7,,,0,30,,927,7,,,0,70,,952,7,,,0,38,,928,7,,,0,75,,953,7,,,0,35,,929,7,,,0,75,,934,7,,,0,75,,930,7,,,0,35,,943,7,,,0,75,,935,7,,,0,40,,944,7,,,0,85,,936,7,,,0,70,,945,7,,,0,30,,937,7,,,0,70,,946,7,,,0,30,,938,7,,,0,85,,947,7,,,0,30,,939,7,,,0,70,,948,7,,,0,30,,940,7,,,0,70,,955,7,,,0,30,,954,7,,,0
600,'100010',735,,956,7,,,0,100,,957,7,,,0,100,,958,7,,,0,100,,959,7,,,0,100,,960,7,,,0,115,,961,7,,,0,100,,962,7,,,0,100,,963,7,,,0,100,,964,7,,,0,155,,965,7,,,0,100,,966,7,,,0,100,,967,7,,,0
600,'100011',735,,2610,7,,,0,100,,2611,7,,,0,100,,2612,7,,,0,100,,2613,7,,,0,100,,2614,7,,,0,115,,2615,7,,,0,100,,2616,7,,,0,100,,2617,7,,,0,100,,2618,7,,,0,155,,2619,7,,,0,100,,2620,7,,,0,100,,2621,7,,,0,100,,2622,7,,,0
600,'100012',735,,2623,7,,,0,100,,2624,7,,,0,100,,2625,7,,,0,100,,2626,7,,,0,100,,2627,7,,,0,115,,2628,7,,,0,100,,2629,7,,,0,100,,2630,7,,,0,100,,2631,7,,,0,155,,2632,7,,,0,100,,2633,7,,,0,100,,2634,7,,,0
600,'100013',527,,2645,7,,,0,30,,2635,7,,,0,58,,2663,7,,,0,12,,2646,7,,,0,30,,2636,7,,,0,58,,2664,7,,,0,12,,2647,7,,,0,30,,2637,7,,,0,80,,2638,7,,,0,70,,2655,7,,,0,30,,2639,7,,,0,70,,2656,7,,,0,30,,2640,7,,,0,70,,2665,7,,,0,30,,2641,7,,,0,70,,2666,7,,,0,38,,2642,7,,,0,75,,2667,7,,,0,35,,2643,7,,,0,75,,2648,7,,,0,75,,2644,7,,,0,35,,2657,7,,,0,75,,2649,7,,,0,40,,2658,7,,,0,85,,2650,7,,,0,70,,2659,7,,,0,30,,2651,7,,,0,70,,2660,7,,,0,30,,2652,7,,,0,85,,2661,7,,,0,30,,2653,7,,,0,70,,2662,7,,,0,30,,2654,7,,,0,70,,2669,7,,,0,30,,2668,7,,,0
600,'100014',527,,2680,7,,,0,30,,2670,7,,,0,58,,2698,7,,,0,12,,2681,7,,,0,30,,2671,7,,,0,58,,2699,7,,,0,12,,2682,7,,,0,30,,2672,7,,,0,80,,2673,7,,,0,70,,2690,7,,,0,30,,2674,7,,,0,70,,2691,7,,,0,30,,2675,7,,,0,70,,2700,7,,,0,30,,2676,7,,,0,70,,2701,7,,,0,38,,2677,7,,,0,75,,2702,7,,,0,35,,2678,7,,,0,75,,2683,7,,,0,75,,2679,7,,,0,35,,2692,7,,,0,75,,2684,7,,,0,40,,2693,7,,,0,85,,2685,7,,,0,70,,2694,7,,,0,30,,2686,7,,,0,70,,2695,7,,,0,30,,2687,7,,,0,85,,2696,7,,,0,30,,2688,7,,,0,70,,2697,7,,,0,30,,2689,7,,,0,70,,2704,7,,,0,30,,2703,7,,,0
600,'100015',735,,2705,7,,,0,100,,2706,7,,,0,100,,2707,7,,,0,100,,2708,7,,,0,100,,2709,7,,,0,115,,2710,7,,,0,100,,2711,7,,,0,100,,2712,7,,,0,100,,2713,7,,,0,155,,2714,7,,,0,100,,2715,7,,,0,100,,2716,7,,,0
5300,'100009',753,,1367,6,,,0
5300,'100013',753,,3171,6,,,0
