2019,'1477004',740,,183,0,10 27,0
2019,'1477005',810,,184,0,10 27,0
2019,'1477006',840,,185,0,10 27,0
2019,'1477007',910,,186,0,10 27,0
2019,'1477008',940,,187,0,10 27,0
2019,'1477009',1010,,188,0,10 27,0
2019,'1477010',1040,,189,0,10 27,0
2019,'1477011',1110,,190,0,10 27,0
2019,'1477012',1140,,191,0,10 27,0
2019,'1477013',1210,,192,0,10 27,0
2019,'1477014',1255,,193,0,10 27,0
2019,'1477015',1325,,194,0,10 27,0
2019,'1477016',1355,,195,0,10 27,0
2019,'1477017',1425,,196,0,10 27,0
2019,'1477018',1455,,197,0,10 27,0
2019,'1477019',1525,,198,0,10 27,0
2019,'1477020',1555,,199,0,10 27,0
2019,'1477021',1910,,200,0,10 27,0
2019,'1477022',1640,,201,0,10 27,0
2019,'1477023',1710,,202,0,10 27,0
2019,'1477024',1740,,203,0,10 27,0
2019,'1477025',1810,,204,0,10 27,0
2019,'1477026',1840,,205,0,10 27,0
2019,'1477138',532,,206,0,10 27,0
2019,'1477139',632,,207,0,10 27,0
2019,'1477140',732,,208,0,10 27,0
2019,'1477141',842,,209,0,10 27,0
2019,'1477142',942,,210,0,10 27,0
2019,'1477143',1042,,211,0,10 27,0
2019,'1477144',1142,,212,0,10 27,0
2019,'1477145',1252,,213,0,10 27,0
2019,'1477146',1402,,214,0,10 27,0
2019,'1477164',602,,232,0,10 27,0
2019,'1477165',702,,233,0,10 27,0
2019,'1477166',802,,234,0,10 27,0
2019,'1477167',912,,235,0,10 27,0
2019,'1477168',1012,,236,0,10 27,0
2019,'1477169',1112,,237,0,10 27,0
2019,'1477170',1212,,238,0,10 27,0
2019,'1477171',1327,,239,0,10 27,0
2019,'1477172',1437,,240,0,10 27,0
2019,'1477180',1547,,248,0,10 27,0
2019,'1477181',1702,,249,0,10 27,0
2019,'1477182',1745,,250,0,10 27,0
2019,'1477183',1845,,251,0,10 27,0
2019,'1477184',1945,,252,0,10 27,0
2019,'1477185',2100,,253,0,10 27,0
2019,'1477186',2200,,254,0,10 27,0
2019,'1477194',1512,,262,0,10 27,0
2019,'1477195',1622,,263,0,10 27,0
2019,'1477196',1815,,264,0,10 27,0
2019,'1477197',1915,,265,0,10 27,0
2019,'1477198',2030,,266,0,10 27,0
2019,'1477199',2130,,267,0,10 27,0
2019,'1477202',2230,,270,0,10 27,0
2019,'1477203',2300,,271,0,10 27,0
2019,'1477204',2330,,272,0,10 27,0
2019,'1477792',840,,296,0,10 27,0
2019,'1477793',810,,297,0,10 27,0
2019,'1477794',910,,298,0,10 27,0
2019,'1477795',940,,299,0,10 27,0
2019,'1477796',1010,,300,0,10 27,0
2019,'1477797',1040,,301,0,10 27,0
2019,'1477798',1110,,302,0,10 27,0
2019,'1477799',1140,,303,0,10 27,0
2019,'1477800',1210,,304,0,10 27,0
2019,'1477801',1255,,305,0,10 27,0
2019,'1477802',1325,,306,0,10 27,0
2019,'1477803',1355,,307,0,10 27,0
2019,'1477804',1425,,308,0,10 27,0
2019,'1477805',1455,,309,0,10 27,0
2019,'1477806',1525,,310,0,10 27,0
2019,'1477807',1555,,311,0,10 27,0
2019,'1477808',1640,,312,0,10 27,0
2019,'1477809',1710,,313,0,10 27,0
2019,'1477810',1740,,314,0,10 27,0
2019,'1477811',1810,,315,0,10 27,0
2019,'1477812',1840,,316,0,10 27,0
2019,'1477813',1910,,317,0,10 27,0
2019,'1477814',740,,318,0,10 27,0
2019,'1477815',710,,319,0,10 27,0
5309,'1477514',757,,893,,,0
