309,'1476918',819,,320,,,0
309,'1476919',919,,321,,,0
309,'1476920',1019,,322,,,0
309,'1476921',1119,,323,,,0
309,'1476922',1219,,324,,,0
309,'1476923',1334,,325,,,0
309,'1476924',1434,,326,,,0
309,'1476925',1534,,327,,,0
309,'1476926',1634,,328,,,0
309,'1476927',1749,,329,,,0
309,'1476928',1849,,330,,,0
309,'1477301',543,,379,,,0
309,'1477302',613,,380,,,0
309,'1477303',643,,381,,,0
309,'1477304',713,,382,,,0
309,'1477305',743,,383,,,0
309,'1477306',813,,384,,,0
309,'1477307',843,,385,,,0
309,'1477308',628,,386,,,0
309,'1477309',823,,387,,,0
309,'1477310',923,,388,,,0
309,'1477311',1023,,389,,,0
309,'1477312',1123,,390,,,0
309,'1477313',1226,,391,,,0
309,'1477314',953,,392,,,0
309,'1477315',1053,,393,,,0
309,'1477316',1153,,394,,,0
309,'1477317',1256,,395,,,0
309,'1477318',1339,,396,,,0
309,'1477319',1414,,397,,,0
309,'1477320',1449,,398,,,0
309,'1477321',1450,,399,,,0
309,'1477322',1503,,400,,,0
309,'1477323',1524,,401,,,0
309,'1477324',1559,,402,,,0
309,'1477325',1604,,403,,,0
309,'1477326',1634,,404,,,0
309,'1477327',1709,,405,,,0
309,'1477328',1749,,406,,,0
309,'1477329',1826,,407,,,0
309,'1477330',1856,,408,,,0
309,'1477331',1926,,409,,,0
309,'1477332',1956,,410,,,0
309,'1477333',2026,,411,,,0
309,'1477334',2111,,412,,,0
309,'1477335',2141,,413,,,0
309,'1477336',2211,,414,,,0
309,'1477337',2241,,415,,,0
309,'1477554',819,,416,,,0
309,'1477555',919,,417,,,0
309,'1477556',1019,,418,,,0
309,'1477557',1119,,419,,,0
309,'1477558',1219,,420,,,0
309,'1477559',1434,,421,,,0
309,'1477560',1534,,422,,,0
309,'1477561',1634,,423,,,0
309,'1477562',1749,,424,,,0
309,'1477563',1849,,425,,,0
309,'1477564',1334,,426,,,0
