800,'100009',740,,2819,18,0,14 3 15 7 16,0,100,,2820,18,0,14 3 15 7 16,0,100,,2821,18,0,14 3 15 7 16,0,100,,2822,18,0,14 3 15 7 16,0,100,,2823,18,0,14 3 15 7 16,0,115,,2824,18,0,14 3 15 7 16,0,100,,2825,18,0,14 3 15 7 16,0,100,,2826,18,0,14 3 15 7 16,0,100,,2827,18,0,14 3 15 7 16,0,155,,2828,18,0,14 3 15 7 16,0,100,,2829,18,0,14 3 15 7 16,0,100,,2830,18,0,14 3 15 7 16,0,100,,2831,18,0,14 3 15 7 16,0
800,'100010',740,,2832,18,0,14 3 15 7 16,0,100,,2833,18,0,14 3 15 7 16,0,100,,2834,18,0,14 3 15 7 16,0,100,,2835,18,0,14 3 15 7 16,0,100,,2836,18,0,14 3 15 7 16,0,115,,2837,18,0,14 3 15 7 16,0,100,,2838,18,0,14 3 15 7 16,0,100,,2839,18,0,14 3 15 7 16,0,100,,2840,18,0,14 3 15 7 16,0,155,,2841,18,0,14 3 15 7 16,0,100,,2842,18,0,14 3 15 7 16,0,100,,2843,18,0,14 3 15 7 16,0
800,'100011',603,,2859,18,0,14 3 15 7 16,0,30,,2844,18,0,14 3 15 7 16,0,70,,2860,18,0,14 3 15 7 16,0,30,,2845,18,0,14 3 15 7 16,0,70,,2861,18,0,14 3 15 7 16,0,40,,2862,18,0,14 3 15 7 16,0,69,,2846,18,0,14 3 15 7 16,0,30,,2870,18,0,14 3 15 7 16,0,70,,2847,18,0,14 3 15 7 16,0,30,,2871,18,0,14 3 15 7 16,0,70,,2848,18,0,14 3 15 7 16,0,30,,2872,18,0,14 3 15 7 16,0,70,,2849,18,0,14 3 15 7 16,0,41,,2873,18,0,14 3 15 7 16,0,75,,2850,18,0,14 3 15 7 16,0,75,,2863,18,0,14 3 15 7 16,0,35,,2851,18,0,14 3 15 7 16,0,75,,2852,18,0,14 3 15 7 16,0,35,,2864,18,0,14 3 15 7 16,0,75,,2853,18,0,14 3 15 7 16,0,80,,2865,18,0,14 3 15 7 16,0,43,,2854,18,0,14 3 15 7 16,0,70,,2866,18,0,14 3 15 7 16,0,30,,2855,18,0,14 3 15 7 16,0,70,,2867,18,0,14 3 15 7 16,0,30,,2856,18,0,14 3 15 7 16,0,85,,2868,18,0,14 3 15 7 16,0,70,,2857,18,0,14 3 15 7 16,0,30,,2869,18,0,14 3 15 7 16,0,70,,2858,18,0,14 3 15 7 16,0,29,,2875,18,0,14 3 15 7 16,0,28,,2874,18,0,14 3 15 7 16,0
800,'100012',603,,2891,18,0,14 3 15 7 16,0,30,,2876,18,0,14 3 15 7 16,0,70,,2892,18,0,14 3 15 7 16,0,30,,2877,18,0,14 3 15 7 16,0,70,,2893,18,0,14 3 15 7 16,0,40,,2894,18,0,14 3 15 7 16,0,69,,2878,18,0,14 3 15 7 16,0,30,,2902,18,0,14 3 15 7 16,0,70,,2879,18,0,14 3 15 7 16,0,30,,2903,18,0,14 3 15 7 16,0,70,,2880,18,0,14 3 15 7 16,0,30,,2904,18,0,14 3 15 7 16,0,70,,2881,18,0,14 3 15 7 16,0,41,,2905,18,0,14 3 15 7 16,0,75,,2882,18,0,14 3 15 7 16,0,75,,2895,18,0,14 3 15 7 16,0,35,,2883,18,0,14 3 15 7 16,0,75,,2884,18,0,14 3 15 7 16,0,35,,2896,18,0,14 3 15 7 16,0,75,,2885,18,0,14 3 15 7 16,0,80,,2897,18,0,14 3 15 7 16,0,43,,2886,18,0,14 3 15 7 16,0,70,,2898,18,0,14 3 15 7 16,0,30,,2887,18,0,14 3 15 7 16,0,70,,2899,18,0,14 3 15 7 16,0,30,,2888,18,0,14 3 15 7 16,0,85,,2900,18,0,14 3 15 7 16,0,70,,2889,18,0,14 3 15 7 16,0,30,,2901,18,0,14 3 15 7 16,0,70,,2890,18,0,14 3 15 7 16,0,29,,2907,18,0,14 3 15 7 16,0,28,,2906,18,0,14 3 15 7 16,0
800,'100013',740,,2908,18,0,14 3 15 7 16,0,100,,2909,18,0,14 3 15 7 16,0,100,,2910,18,0,14 3 15 7 16,0,100,,2911,18,0,14 3 15 7 16,0,100,,2912,18,0,14 3 15 7 16,0,115,,2913,18,0,14 3 15 7 16,0,100,,2914,18,0,14 3 15 7 16,0,100,,2915,18,0,14 3 15 7 16,0,100,,2916,18,0,14 3 15 7 16,0,155,,2917,18,0,14 3 15 7 16,0,100,,2918,18,0,14 3 15 7 16,0,100,,2919,18,0,14 3 15 7 16,0
5000,'100011',750,,3162,16,0,7 8 9 10 11,0
5100,'100011',748,,3165,17,0,7 8 9 10 11,0
5101,'100011',1504,,3166,13,0,7 8 9 10 11,0
5300,'100011',827,,3171,50,,,0
1005301,'100011',1502,,3303,8,,,0
1005301,'100012',1502,,3304,8,,,0
