700,'100009',525,,980,4,0,24 3 25,0,30,,990,4,0,24 3 25,0,70,,981,4,0,24 3 25,0,18,,1008,4,0,24 3 25,0,12,,991,4,0,24 3 25,0,70,,982,4,0,24 3 25,0,30,,992,4,0,24 3 25,0,80,,1001,4,0,24 3 25,0,70,,983,4,0,24 3 25,0,30,,1002,4,0,24 3 25,0,70,,984,4,0,24 3 25,0,30,,1009,4,0,24 3 25,0,70,,985,4,0,24 3 25,0,30,,1010,4,0,24 3 25,0,70,,986,4,0,24 3 25,0,39,,1011,4,0,24 3 25,0,75,,987,4,0,24 3 25,0,35,,993,4,0,24 3 25,0,75,,988,4,0,24 3 25,0,75,,994,4,0,24 3 25,0,35,,989,4,0,24 3 25,0,75,,995,4,0,24 3 25,0,40,,996,4,0,24 3 25,0,84,,1003,4,0,24 3 25,0,70,,997,4,0,24 3 25,0,30,,1004,4,0,24 3 25,0,70,,998,4,0,24 3 25,0,30,,1005,4,0,24 3 25,0,85,,999,4,0,24 3 25,0,30,,1006,4,0,24 3 25,0,70,,1000,4,0,24 3 25,0,30,,1007,4,0,24 3 25,0,70,,1012,4,0,24 3 25,0,30,,1013,4,0,24 3 25,0
700,'100010',525,,1014,4,0,24 3 25,0,30,,1024,4,0,24 3 25,0,70,,1015,4,0,24 3 25,0,18,,1042,4,0,24 3 25,0,12,,1025,4,0,24 3 25,0,70,,1016,4,0,24 3 25,0,30,,1026,4,0,24 3 25,0,80,,1035,4,0,24 3 25,0,70,,1017,4,0,24 3 25,0,30,,1036,4,0,24 3 25,0,70,,1018,4,0,24 3 25,0,30,,1043,4,0,24 3 25,0,70,,1019,4,0,24 3 25,0,30,,1044,4,0,24 3 25,0,70,,1020,4,0,24 3 25,0,39,,1045,4,0,24 3 25,0,75,,1021,4,0,24 3 25,0,35,,1027,4,0,24 3 25,0,75,,1022,4,0,24 3 25,0,75,,1028,4,0,24 3 25,0,35,,1023,4,0,24 3 25,0,75,,1029,4,0,24 3 25,0,40,,1030,4,0,24 3 25,0,84,,1037,4,0,24 3 25,0,70,,1031,4,0,24 3 25,0,30,,1038,4,0,24 3 25,0,70,,1032,4,0,24 3 25,0,30,,1039,4,0,24 3 25,0,85,,1033,4,0,24 3 25,0,30,,1040,4,0,24 3 25,0,70,,1034,4,0,24 3 25,0,30,,1041,4,0,24 3 25,0,70,,1046,4,0,24 3 25,0,30,,1047,4,0,24 3 25,0
700,'100012',803,,1048,4,0,24 3 25,0,100,,1049,4,0,24 3 25,0,100,,1050,4,0,24 3 25,0,100,,1051,4,0,24 3 25,0,100,,1052,4,0,24 3 25,0,115,,1053,4,0,24 3 25,0,100,,1054,4,0,24 3 25,0,100,,1055,4,0,24 3 25,0,115,,1056,4,0,24 3 25,0,100,,1057,4,0,24 3 25,0,100,,1058,4,0,24 3 25,0
700,'100013',803,,1059,4,0,24 3 25,0,100,,1060,4,0,24 3 25,0,100,,1061,4,0,24 3 25,0,100,,1062,4,0,24 3 25,0,100,,1063,4,0,24 3 25,0,115,,1064,4,0,24 3 25,0,100,,1065,4,0,24 3 25,0,100,,1066,4,0,24 3 25,0,115,,1067,4,0,24 3 25,0,100,,1068,4,0,24 3 25,0,100,,1069,4,0,24 3 25,0
1000900,'100009',522,,1372,5,,,0,30,,1373,5,,,0,70,,1374,5,,,0,30,,1375,5,,,0,70,,1376,5,,,0,30,,1377,5,,,0,62,,1378,5,,,0,28,,1379,5,,,0,75,,1380,5,,,0,20,,1381,5,,,0,70,,1382,5,,,0,30,,1383,5,,,0,70,,1384,5,,,0,30,,1385,5,,,0,70,,1386,5,,,0,30,,1387,5,,,0,70,,1388,5,,,0,30,,1389,5,,,0,71,,1390,5,,,0,30,,1391,5,,,0,70,,1392,5,,,0,28,,1393,5,,,0,72,,1394,5,,,0,30,,1395,5,,,0,18,,1396,5,,,0,85,,1397,5,,,0,70,,1398,5,,,0,30,,1399,5,,,0,70,,1400,5,,,0,29,,1401,5,,,0,84,,1402,5,,,0,85,,1403,5,,,0,35,,1404,5,,,0,75,,1406,5,,,0,35,,1405,5,,,0
1000900,'100011',522,,1417,5,,,0,30,,1418,5,,,0,70,,1419,5,,,0,30,,1420,5,,,0,70,,1421,5,,,0,30,,1422,5,,,0,62,,1423,5,,,0,28,,1424,5,,,0,75,,1425,5,,,0,20,,1426,5,,,0,70,,1427,5,,,0,30,,1428,5,,,0,70,,1429,5,,,0,30,,1430,5,,,0,70,,1431,5,,,0,30,,1432,5,,,0,70,,1433,5,,,0,30,,1434,5,,,0,71,,1435,5,,,0,30,,1436,5,,,0,70,,1437,5,,,0,28,,1438,5,,,0,72,,1439,5,,,0,30,,1440,5,,,0,18,,1441,5,,,0,85,,1410,5,,,0,70,,1411,5,,,0,30,,1414,5,,,0,70,,1407,5,,,0,29,,1409,5,,,0,84,,1415,5,,,0,85,,1413,5,,,0,35,,1412,5,,,0,75,,1416,5,,,0,35,,1408,5,,,0
1000900,'100012',735,,1442,5,,,0,80,,1443,5,,,0,40,,1444,5,,,0,80,,1445,5,,,0,80,,1446,5,,,0,40,,1447,5,,,0,80,,1448,5,,,0,85,,1449,5,,,0,80,,1450,5,,,0,41,,1451,5,,,0,80,,1452,5,,,0,80,,1453,5,,,0,40,,1454,5,,,0,80,,1455,5,,,0,85,,1456,5,,,0,40,,1457,5,,,0,80,,1458,5,,,0,80,,1459,5,,,0
1000900,'100013',735,,1460,5,,,0,80,,1461,5,,,0,40,,1462,5,,,0,80,,1463,5,,,0,80,,1464,5,,,0,40,,1465,5,,,0,80,,1466,5,,,0,85,,1467,5,,,0,80,,1468,5,,,0,41,,1469,5,,,0,80,,1470,5,,,0,80,,1471,5,,,0,40,,1472,5,,,0,80,,1473,5,,,0,85,,1474,5,,,0,40,,1475,5,,,0,80,,1476,5,,,0,80,,1477,5,,,0
1000900,'100037',522,,1488,5,,,0,30,,1489,5,,,0,70,,1490,5,,,0,30,,1491,5,,,0,70,,1492,5,,,0,30,,1493,5,,,0,62,,1494,5,,,0,28,,1495,5,,,0,75,,1496,5,,,0,20,,1497,5,,,0,70,,1498,5,,,0,30,,1499,5,,,0,70,,1500,5,,,0,30,,1501,5,,,0,70,,1502,5,,,0,30,,1503,5,,,0,70,,1504,5,,,0,30,,1505,5,,,0,71,,1506,5,,,0,30,,1507,5,,,0,70,,1508,5,,,0,28,,1509,5,,,0,72,,1510,5,,,0,30,,1511,5,,,0,18,,1512,5,,,0,85,,1481,5,,,0,70,,1482,5,,,0,30,,1485,5,,,0,70,,1478,5,,,0,29,,1480,5,,,0,84,,1486,5,,,0,85,,1484,5,,,0,35,,1483,5,,,0,75,,1487,5,,,0,35,,1479,5,,,0
2000900,'100009',546,,1515,5,0,19 3 20 21 22 23,0,60,,1516,5,0,19 3 20 21 22 23,0,30,,1517,5,0,19 3 20 21 22 23,0,70,,1518,5,0,19 3 20 21 22 23,0,30,,1519,5,0,19 3 20 21 22 23,0,20,,1520,5,0,19 3 20 21 22 23,0,80,,1521,5,0,19 3 20 21 22 23,0,22,,1546,5,0,19 3 20 21 22 23,0,68,,1522,5,0,19 3 20 21 22 23,0,30,,1523,5,0,19 3 20 21 22 23,0,60,,1524,5,0,19 3 20 21 22 23,0,30,,1525,5,0,19 3 20 21 22 23,0,70,,1526,5,0,19 3 20 21 22 23,0,30,,1527,5,0,19 3 20 21 22 23,0,70,,1528,5,0,19 3 20 21 22 23,0,30,,1529,5,0,19 3 20 21 22 23,0,70,,1530,5,0,19 3 20 21 22 23,0,30,,1531,5,0,19 3 20 21 22 23,0,71,,1532,5,0,19 3 20 21 22 23,0,31,,1533,5,0,19 3 20 21 22 23,0,70,,1534,5,0,19 3 20 21 22 23,0,34,,1535,5,0,19 3 20 21 22 23,0,64,,1536,5,0,19 3 20 21 22 23,0,32,,1537,5,0,19 3 20 21 22 23,0,78,,1538,5,0,19 3 20 21 22 23,0,30,,1539,5,0,19 3 20 21 22 23,0,70,,1540,5,0,19 3 20 21 22 23,0,30,,1541,5,0,19 3 20 21 22 23,0,70,,1542,5,0,19 3 20 21 22 23,0,25,,1543,5,0,19 3 20 21 22 23,0,73,,1544,5,0,19 3 20 21 22 23,0,34,,1545,5,0,19 3 20 21 22 23,0,85,,1547,5,0,19 3 20 21 22 23,0,75,,1548,5,0,19 3 20 21 22 23,0,36,,1549,5,0,19 3 20 21 22 23,0
2000900,'100011',546,,1550,5,0,19 3 20 21 22 23,0,60,,1551,5,0,19 3 20 21 22 23,0,30,,1552,5,0,19 3 20 21 22 23,0,70,,1553,5,0,19 3 20 21 22 23,0,30,,1554,5,0,19 3 20 21 22 23,0,20,,1555,5,0,19 3 20 21 22 23,0,80,,1556,5,0,19 3 20 21 22 23,0,22,,1581,5,0,19 3 20 21 22 23,0,68,,1557,5,0,19 3 20 21 22 23,0,30,,1558,5,0,19 3 20 21 22 23,0,60,,1559,5,0,19 3 20 21 22 23,0,30,,1560,5,0,19 3 20 21 22 23,0,70,,1561,5,0,19 3 20 21 22 23,0,30,,1562,5,0,19 3 20 21 22 23,0,70,,1563,5,0,19 3 20 21 22 23,0,30,,1564,5,0,19 3 20 21 22 23,0,70,,1565,5,0,19 3 20 21 22 23,0,30,,1566,5,0,19 3 20 21 22 23,0,71,,1567,5,0,19 3 20 21 22 23,0,31,,1568,5,0,19 3 20 21 22 23,0,70,,1569,5,0,19 3 20 21 22 23,0,34,,1570,5,0,19 3 20 21 22 23,0,64,,1571,5,0,19 3 20 21 22 23,0,32,,1572,5,0,19 3 20 21 22 23,0,78,,1573,5,0,19 3 20 21 22 23,0,30,,1574,5,0,19 3 20 21 22 23,0,70,,1575,5,0,19 3 20 21 22 23,0,30,,1576,5,0,19 3 20 21 22 23,0,70,,1577,5,0,19 3 20 21 22 23,0,25,,1578,5,0,19 3 20 21 22 23,0,73,,1579,5,0,19 3 20 21 22 23,0,34,,1580,5,0,19 3 20 21 22 23,0,85,,1582,5,0,19 3 20 21 22 23,0,75,,1583,5,0,19 3 20 21 22 23,0,36,,1584,5,0,19 3 20 21 22 23,0
2000900,'100012',755,,1585,5,0,19 3 20 21 22 23,0,80,,1586,5,0,19 3 20 21 22 23,0,80,,1587,5,0,19 3 20 21 22 23,0,40,,1588,5,0,19 3 20 21 22 23,0,80,,1589,5,0,19 3 20 21 22 23,0,80,,1590,5,0,19 3 20 21 22 23,0,40,,1591,5,0,19 3 20 21 22 23,0,80,,1592,5,0,19 3 20 21 22 23,0,85,,1593,5,0,19 3 20 21 22 23,0,80,,1594,5,0,19 3 20 21 22 23,0,41,,1595,5,0,19 3 20 21 22 23,0,80,,1596,5,0,19 3 20 21 22 23,0,85,,1597,5,0,19 3 20 21 22 23,0,40,,1598,5,0,19 3 20 21 22 23,0,80,,1599,5,0,19 3 20 21 22 23,0,80,,1600,5,0,19 3 20 21 22 23,0,40,,1601,5,0,19 3 20 21 22 23,0
2000900,'100013',755,,1602,5,0,19 3 20 21 22 23,0,80,,1603,5,0,19 3 20 21 22 23,0,80,,1604,5,0,19 3 20 21 22 23,0,40,,1605,5,0,19 3 20 21 22 23,0,80,,1606,5,0,19 3 20 21 22 23,0,80,,1607,5,0,19 3 20 21 22 23,0,40,,1608,5,0,19 3 20 21 22 23,0,80,,1609,5,0,19 3 20 21 22 23,0,85,,1610,5,0,19 3 20 21 22 23,0,80,,1611,5,0,19 3 20 21 22 23,0,41,,1612,5,0,19 3 20 21 22 23,0,80,,1613,5,0,19 3 20 21 22 23,0,85,,1614,5,0,19 3 20 21 22 23,0,40,,1615,5,0,19 3 20 21 22 23,0,80,,1616,5,0,19 3 20 21 22 23,0,80,,1617,5,0,19 3 20 21 22 23,0,40,,1618,5,0,19 3 20 21 22 23,0
2000900,'100037',546,,1619,5,0,19 3 20 21 22 23,0,60,,1620,5,0,19 3 20 21 22 23,0,30,,1621,5,0,19 3 20 21 22 23,0,70,,1622,5,0,19 3 20 21 22 23,0,30,,1623,5,0,19 3 20 21 22 23,0,20,,1624,5,0,19 3 20 21 22 23,0,80,,1625,5,0,19 3 20 21 22 23,0,22,,1650,5,0,19 3 20 21 22 23,0,68,,1626,5,0,19 3 20 21 22 23,0,30,,1627,5,0,19 3 20 21 22 23,0,60,,1628,5,0,19 3 20 21 22 23,0,30,,1629,5,0,19 3 20 21 22 23,0,70,,1630,5,0,19 3 20 21 22 23,0,30,,1631,5,0,19 3 20 21 22 23,0,70,,1632,5,0,19 3 20 21 22 23,0,30,,1633,5,0,19 3 20 21 22 23,0,70,,1634,5,0,19 3 20 21 22 23,0,30,,1635,5,0,19 3 20 21 22 23,0,71,,1636,5,0,19 3 20 21 22 23,0,31,,1637,5,0,19 3 20 21 22 23,0,70,,1638,5,0,19 3 20 21 22 23,0,34,,1639,5,0,19 3 20 21 22 23,0,64,,1640,5,0,19 3 20 21 22 23,0,32,,1641,5,0,19 3 20 21 22 23,0,78,,1642,5,0,19 3 20 21 22 23,0,30,,1643,5,0,19 3 20 21 22 23,0,70,,1644,5,0,19 3 20 21 22 23,0,30,,1645,5,0,19 3 20 21 22 23,0,70,,1646,5,0,19 3 20 21 22 23,0,25,,1647,5,0,19 3 20 21 22 23,0,73,,1648,5,0,19 3 20 21 22 23,0,34,,1649,5,0,19 3 20 21 22 23,0,85,,1651,5,0,19 3 20 21 22 23,0,75,,1652,5,0,19 3 20 21 22 23,0,36,,1653,5,0,19 3 20 21 22 23,0
