300,'100010',757,,2156,1,0,15 7 16 3 17,0,100,,2157,1,0,15 7 16 3 17,0,100,,2158,1,0,15 7 16 3 17,0,100,,2159,1,0,15 7 16 3 17,0,100,,2160,1,0,15 7 16 3 17,0,155,,2166,1,0,15 7 16 3 17,0,100,,2161,1,0,15 7 16 3 17,0,100,,2162,1,0,15 7 16 3 17,0,100,,2163,1,0,15 7 16 3 17,0,115,,2164,1,0,15 7 16 3 17,0,100,,2165,1,0,15 7 16 3 17,0,100,,2167,1,0,15 7 16 3 17,0
300,'100011',757,,2168,1,0,15 7 16 3 17,0,100,,2169,1,0,15 7 16 3 17,0,100,,2170,1,0,15 7 16 3 17,0,100,,2171,1,0,15 7 16 3 17,0,100,,2172,1,0,15 7 16 3 17,0,155,,2178,1,0,15 7 16 3 17,0,100,,2173,1,0,15 7 16 3 17,0,100,,2174,1,0,15 7 16 3 17,0,100,,2175,1,0,15 7 16 3 17,0,115,,2176,1,0,15 7 16 3 17,0,100,,2177,1,0,15 7 16 3 17,0
300,'100012',521,,2179,1,0,15 7 16 3 17,0,30,,2180,1,0,15 7 16 3 17,0,55,,2186,1,0,15 7 16 3 17,0,15,,2181,1,0,15 7 16 3 17,0,30,,2182,1,0,15 7 16 3 17,0,70,,2183,1,0,15 7 16 3 17,0,30,,2184,1,0,15 7 16 3 17,0,50,,2187,1,0,15 7 16 3 17,0,20,,2185,1,0,15 7 16 3 17,0,80,,2188,1,0,15 7 16 3 17,0,30,,2192,1,0,15 7 16 3 17,0,70,,2189,1,0,15 7 16 3 17,0,30,,2193,1,0,15 7 16 3 17,0,70,,2190,1,0,15 7 16 3 17,0,30,,2194,1,0,15 7 16 3 17,0,70,,2191,1,0,15 7 16 3 17,0,30,,2195,1,0,15 7 16 3 17,0,83,,2196,1,0,15 7 16 3 17,0,35,,2197,1,0,15 7 16 3 17,0,75,,2198,1,0,15 7 16 3 17,0,1,,2199,1,0,15 7 16 3 17,0,13,,2200,1,0,15 7 16 3 17,0,21,,2201,1,0,15 7 16 3 17,0,75,,2202,1,0,15 7 16 3 17,0,5,,2203,1,0,15 7 16 3 17,0,70,,2204,1,0,15 7 16 3 17,0,35,,2205,1,0,15 7 16 3 17,0,80,,2206,1,0,15 7 16 3 17,0,80,,2207,1,0,15 7 16 3 17,0,30,,2208,1,0,15 7 16 3 17,0,70,,2209,1,0,15 7 16 3 17,0,30,,2210,1,0,15 7 16 3 17,0,70,,2211,1,0,15 7 16 3 17,0,45,,2212,1,0,15 7 16 3 17,0,70,,2213,1,0,15 7 16 3 17,0,30,,2214,1,0,15 7 16 3 17,0,70,,2215,1,0,15 7 16 3 17,0
300,'100013',521,,2216,1,0,15 7 16 3 17,0,30,,2217,1,0,15 7 16 3 17,0,55,,2223,1,0,15 7 16 3 17,0,15,,2218,1,0,15 7 16 3 17,0,30,,2219,1,0,15 7 16 3 17,0,70,,2220,1,0,15 7 16 3 17,0,30,,2221,1,0,15 7 16 3 17,0,50,,2224,1,0,15 7 16 3 17,0,20,,2222,1,0,15 7 16 3 17,0,80,,2225,1,0,15 7 16 3 17,0,30,,2229,1,0,15 7 16 3 17,0,70,,2226,1,0,15 7 16 3 17,0,30,,2230,1,0,15 7 16 3 17,0,70,,2227,1,0,15 7 16 3 17,0,30,,2231,1,0,15 7 16 3 17,0,70,,2228,1,0,15 7 16 3 17,0,30,,2232,1,0,15 7 16 3 17,0,83,,2233,1,0,15 7 16 3 17,0,35,,2234,1,0,15 7 16 3 17,0,75,,2235,1,0,15 7 16 3 17,0,1,,2236,1,0,15 7 16 3 17,0,13,,2237,1,0,15 7 16 3 17,0,21,,2238,1,0,15 7 16 3 17,0,75,,2239,1,0,15 7 16 3 17,0,5,,2240,1,0,15 7 16 3 17,0,70,,2241,1,0,15 7 16 3 17,0,35,,2242,1,0,15 7 16 3 17,0,80,,2243,1,0,15 7 16 3 17,0,80,,2244,1,0,15 7 16 3 17,0,30,,2245,1,0,15 7 16 3 17,0,70,,2246,1,0,15 7 16 3 17,0,30,,2247,1,0,15 7 16 3 17,0,70,,2248,1,0,15 7 16 3 17,0,45,,2249,1,0,15 7 16 3 17,0,70,,2250,1,0,15 7 16 3 17,0,30,,2251,1,0,15 7 16 3 17,0,70,,2252,1,0,15 7 16 3 17,0
300,'100014',757,,2253,1,0,15 7 16 3 17,0,100,,2254,1,0,15 7 16 3 17,0,100,,2255,1,0,15 7 16 3 17,0,100,,2256,1,0,15 7 16 3 17,0,100,,2257,1,0,15 7 16 3 17,0,155,,2258,1,0,15 7 16 3 17,0,100,,2259,1,0,15 7 16 3 17,0,100,,2260,1,0,15 7 16 3 17,0,100,,2261,1,0,15 7 16 3 17,0,115,,2262,1,0,15 7 16 3 17,0,100,,2263,1,0,15 7 16 3 17,0
301,'100010',754,,2267,38,4,,0,100,,2268,38,4,,0,100,,2269,38,4,,0,101,,2270,38,4,,0,100,,2271,38,4,,0,155,,2272,38,4,,0,100,,2273,38,4,,0,100,,2274,38,4,,0,100,,2275,38,4,,0,115,,2266,38,4,,0,100,,2264,38,4,,0,100,,2265,38,4,,0,100,,2276,38,4,,0
301,'100011',754,,2280,38,4,,0,100,,2281,38,4,,0,100,,2282,38,4,,0,101,,2283,38,4,,0,100,,2284,38,4,,0,155,,2285,38,4,,0,100,,2286,38,4,,0,100,,2287,38,4,,0,100,,2288,38,4,,0,115,,2279,38,4,,0,100,,2277,38,4,,0,100,,2278,38,4,,0
301,'100012',549,,2289,38,4,,0,70,,2290,38,4,,0,30,,2291,38,4,,0,70,,2292,38,4,,0,30,,2293,38,4,,0,10,,2294,38,4,,0,60,,2299,38,4,,0,40,,2295,38,4,,0,70,,2300,38,4,,0,30,,2296,38,4,,0,70,,2301,38,4,,0,30,,2297,38,4,,0,70,,2302,38,4,,0,30,,2298,38,4,,0,70,,2303,38,4,,0,82,,2304,38,4,,0,35,,2305,38,4,,0,75,,2306,38,4,,0,14,,2307,38,4,,0,21,,2308,38,4,,0,75,,2309,38,4,,0,5,,2324,38,4,,0,70,,2310,38,4,,0,35,,2311,38,4,,0,80,,2312,38,4,,0,81,,2313,38,4,,0,30,,2314,38,4,,0,70,,2315,38,4,,0,30,,2316,38,4,,0,70,,2317,38,4,,0,45,,2318,38,4,,0,70,,2319,38,4,,0,30,,2320,38,4,,0,70,,2321,38,4,,0,30,,2322,38,4,,0,70,,2323,38,4,,0
301,'100013',549,,2325,38,4,,0,70,,2326,38,4,,0,30,,2327,38,4,,0,70,,2328,38,4,,0,30,,2329,38,4,,0,10,,2330,38,4,,0,60,,2335,38,4,,0,40,,2331,38,4,,0,70,,2336,38,4,,0,30,,2332,38,4,,0,70,,2337,38,4,,0,30,,2333,38,4,,0,70,,2338,38,4,,0,30,,2334,38,4,,0,70,,2339,38,4,,0,82,,2340,38,4,,0,35,,2341,38,4,,0,75,,2342,38,4,,0,14,,2343,38,4,,0,21,,2344,38,4,,0,75,,2345,38,4,,0,5,,2360,38,4,,0,70,,2346,38,4,,0,35,,2347,38,4,,0,80,,2348,38,4,,0,81,,2349,38,4,,0,30,,2350,38,4,,0,70,,2351,38,4,,0,30,,2352,38,4,,0,70,,2353,38,4,,0,45,,2354,38,4,,0,70,,2355,38,4,,0,30,,2356,38,4,,0,70,,2357,38,4,,0,30,,2358,38,4,,0,70,,2359,38,4,,0
301,'100014',754,,2364,38,4,,0,100,,2365,38,4,,0,100,,2366,38,4,,0,101,,2367,38,4,,0,100,,2368,38,4,,0,155,,2369,38,4,,0,100,,2370,38,4,,0,100,,2371,38,4,,0,100,,2372,38,4,,0,115,,2361,38,4,,0,100,,2362,38,4,,0,100,,2363,38,4,,0
