400,'100009',547,,749,38,,,0,70,,728,38,,,0,30,,720,38,,,0,57,,747,38,,,0,13,,729,38,,,0,30,,721,38,,,0,70,,730,38,,,0,40,,722,38,,,0,69,,748,38,,,0,31,,723,38,,,0,70,,744,38,,,0,30,,724,38,,,0,70,,745,38,,,0,30,,725,38,,,0,70,,746,38,,,0,79,,726,38,,,0,35,,751,38,,,0,75,,727,38,,,0,35,,731,38,,,0,75,,750,38,,,0,75,,732,38,,,0,35,,733,38,,,0,80,,739,38,,,0,43,,734,38,,,0,70,,740,38,,,0,30,,735,38,,,0,70,,741,38,,,0,30,,736,38,,,0,85,,742,38,,,0,70,,737,38,,,0,30,,743,38,,,0,70,,738,38,,,0,30,,752,38,,,0,70,,753,38,,,0
400,'100010',754,,754,38,,,0,70,,767,38,,,0,30,,755,38,,,0,70,,768,38,,,0,30,,756,38,,,0,70,,769,38,,,0,30,,757,38,,,0,70,,770,38,,,0,30,,758,38,,,0,70,,771,38,,,0,85,,759,38,,,0,30,,772,38,,,0,70,,760,38,,,0,30,,773,38,,,0,70,,761,38,,,0,30,,774,38,,,0,70,,762,38,,,0,45,,775,38,,,0,70,,763,38,,,0,30,,776,38,,,0,70,,764,38,,,0,30,,766,38,,,0,70,,765,38,,,0
400,'100011',754,,2373,38,,,0,70,,2386,38,,,0,30,,2374,38,,,0,70,,2387,38,,,0,30,,2375,38,,,0,70,,2388,38,,,0,30,,2376,38,,,0,70,,2389,38,,,0,30,,2377,38,,,0,70,,2390,38,,,0,85,,2378,38,,,0,30,,2391,38,,,0,70,,2379,38,,,0,30,,2392,38,,,0,70,,2380,38,,,0,30,,2393,38,,,0,70,,2381,38,,,0,45,,2394,38,,,0,70,,2382,38,,,0,30,,2395,38,,,0,70,,2383,38,,,0,30,,2385,38,,,0,70,,2384,38,,,0,30,,2396,38,,,0,70,,2397,38,,,0
400,'100012',754,,2398,38,,,0,70,,2411,38,,,0,30,,2399,38,,,0,70,,2412,38,,,0,30,,2400,38,,,0,70,,2413,38,,,0,30,,2401,38,,,0,70,,2414,38,,,0,30,,2402,38,,,0,70,,2415,38,,,0,85,,2403,38,,,0,30,,2416,38,,,0,70,,2404,38,,,0,30,,2417,38,,,0,70,,2405,38,,,0,30,,2418,38,,,0,70,,2406,38,,,0,45,,2419,38,,,0,70,,2407,38,,,0,30,,2420,38,,,0,70,,2408,38,,,0,30,,2410,38,,,0,70,,2409,38,,,0
400,'100013',547,,2450,38,,,0,70,,2429,38,,,0,30,,2421,38,,,0,57,,2448,38,,,0,13,,2430,38,,,0,30,,2422,38,,,0,70,,2431,38,,,0,40,,2423,38,,,0,69,,2449,38,,,0,31,,2424,38,,,0,70,,2445,38,,,0,30,,2425,38,,,0,70,,2446,38,,,0,30,,2426,38,,,0,70,,2447,38,,,0,79,,2427,38,,,0,35,,2452,38,,,0,75,,2428,38,,,0,35,,2432,38,,,0,75,,2451,38,,,0,75,,2433,38,,,0,35,,2434,38,,,0,80,,2440,38,,,0,43,,2435,38,,,0,70,,2441,38,,,0,30,,2436,38,,,0,70,,2442,38,,,0,30,,2437,38,,,0,85,,2443,38,,,0,70,,2438,38,,,0,30,,2444,38,,,0,70,,2439,38,,,0,30,,2453,38,,,0,70,,2454,38,,,0
400,'100014',547,,2484,38,,,0,70,,2463,38,,,0,30,,2455,38,,,0,57,,2482,38,,,0,13,,2464,38,,,0,30,,2456,38,,,0,70,,2465,38,,,0,40,,2457,38,,,0,69,,2483,38,,,0,31,,2458,38,,,0,70,,2479,38,,,0,30,,2459,38,,,0,70,,2480,38,,,0,30,,2460,38,,,0,70,,2481,38,,,0,79,,2461,38,,,0,35,,2486,38,,,0,75,,2462,38,,,0,35,,2466,38,,,0,75,,2485,38,,,0,75,,2467,38,,,0,35,,2468,38,,,0,80,,2474,38,,,0,43,,2469,38,,,0,70,,2475,38,,,0,30,,2470,38,,,0,70,,2476,38,,,0,30,,2471,38,,,0,85,,2477,38,,,0,70,,2472,38,,,0,30,,2478,38,,,0,70,,2473,38,,,0,30,,2487,38,,,0,70,,2488,38,,,0
400,'100015',754,,2489,38,,,0,70,,2490,38,,,0,30,,2491,38,,,0,70,,2492,38,,,0,30,,2493,38,,,0,70,,2494,38,,,0,30,,2495,38,,,0,70,,2496,38,,,0,30,,2497,38,,,0,70,,2498,38,,,0,85,,2499,38,,,0,30,,2500,38,,,0,70,,2501,38,,,0,30,,2502,38,,,0,70,,2503,38,,,0,30,,2504,38,,,0,70,,2505,38,,,0,45,,2507,38,,,0,70,,2508,38,,,0,30,,2509,38,,,0,70,,2510,38,,,0,30,,2511,38,,,0,70,,2506,38,,,0
800,'100009',617,,1117,39,,,0,30,,1102,39,,,0,70,,1118,39,,,0,30,,1103,39,,,0,70,,1119,39,,,0,40,,1120,39,,,0,69,,1104,39,,,0,30,,1128,39,,,0,70,,1105,39,,,0,30,,1129,39,,,0,70,,1106,39,,,0,30,,1130,39,,,0,70,,1107,39,,,0,82,,1131,39,,,0,35,,1108,39,,,0,75,,1121,39,,,0,35,,1109,39,,,0,75,,1110,39,,,0,75,,1122,39,,,0,35,,1111,39,,,0,80,,1123,39,,,0,41,,1112,39,,,0,70,,1124,39,,,0,30,,1113,39,,,0,70,,1125,39,,,0,30,,1114,39,,,0,85,,1126,39,,,0,70,,1115,39,,,0,30,,1127,39,,,0,70,,1116,39,,,0,29,,1133,39,,,0,68,,1132,39,,,0
800,'100010',753,,1134,39,,,0,100,,1135,39,,,0,100,,1136,39,,,0,100,,1137,39,,,0,100,,1138,39,,,0,155,,1139,39,,,0,100,,1140,39,,,0,100,,1141,39,,,0,100,,1142,39,,,0,115,,1143,39,,,0,100,,1144,39,,,0,100,,1145,39,,,0
800,'100011',753,,2819,39,,,0,100,,2820,39,,,0,100,,2821,39,,,0,100,,2822,39,,,0,100,,2823,39,,,0,155,,2824,39,,,0,100,,2825,39,,,0,100,,2826,39,,,0,100,,2827,39,,,0,115,,2828,39,,,0,100,,2829,39,,,0,100,,2830,39,,,0,100,,2831,39,,,0
800,'100012',753,,2832,39,,,0,100,,2833,39,,,0,100,,2834,39,,,0,100,,2835,39,,,0,100,,2836,39,,,0,155,,2837,39,,,0,100,,2838,39,,,0,100,,2839,39,,,0,100,,2840,39,,,0,115,,2841,39,,,0,100,,2842,39,,,0,100,,2843,39,,,0
800,'100013',617,,2859,39,,,0,30,,2844,39,,,0,70,,2860,39,,,0,30,,2845,39,,,0,70,,2861,39,,,0,40,,2862,39,,,0,69,,2846,39,,,0,30,,2870,39,,,0,70,,2847,39,,,0,30,,2871,39,,,0,70,,2848,39,,,0,30,,2872,39,,,0,70,,2849,39,,,0,82,,2873,39,,,0,35,,2850,39,,,0,75,,2863,39,,,0,35,,2851,39,,,0,75,,2852,39,,,0,75,,2864,39,,,0,35,,2853,39,,,0,80,,2865,39,,,0,41,,2854,39,,,0,70,,2866,39,,,0,30,,2855,39,,,0,70,,2867,39,,,0,30,,2856,39,,,0,85,,2868,39,,,0,70,,2857,39,,,0,30,,2869,39,,,0,70,,2858,39,,,0,29,,2875,39,,,0,68,,2874,39,,,0
800,'100014',617,,2891,39,,,0,30,,2876,39,,,0,70,,2892,39,,,0,30,,2877,39,,,0,70,,2893,39,,,0,40,,2894,39,,,0,69,,2878,39,,,0,30,,2902,39,,,0,70,,2879,39,,,0,30,,2903,39,,,0,70,,2880,39,,,0,30,,2904,39,,,0,70,,2881,39,,,0,82,,2905,39,,,0,35,,2882,39,,,0,75,,2895,39,,,0,35,,2883,39,,,0,75,,2884,39,,,0,75,,2896,39,,,0,35,,2885,39,,,0,80,,2897,39,,,0,41,,2886,39,,,0,70,,2898,39,,,0,30,,2887,39,,,0,70,,2899,39,,,0,30,,2888,39,,,0,85,,2900,39,,,0,70,,2889,39,,,0,30,,2901,39,,,0,70,,2890,39,,,0,29,,2907,39,,,0,68,,2906,39,,,0
800,'100015',753,,2908,39,,,0,100,,2909,39,,,0,100,,2910,39,,,0,100,,2911,39,,,0,100,,2912,39,,,0,155,,2913,39,,,0,100,,2914,39,,,0,100,,2915,39,,,0,100,,2916,39,,,0,115,,2917,39,,,0,100,,2918,39,,,0,100,,2919,39,,,0
5201,'100009',1536,,1366,25,0,5 6,0
5201,'100013',1536,,3170,25,0,5 6,0
5401,'100009',1456,,1371,22,0,7 18,0
5401,'100013',1456,,3175,22,0,7 18,0
