609,'1476872',740,,573,,,0
609,'1476873',840,,574,,,0
609,'1476874',940,,575,,,0
609,'1476875',1040,,576,,,0
609,'1476876',1140,,577,,,0
609,'1476877',1255,,578,,,0
609,'1476878',1355,,579,,,0
609,'1476879',1455,,580,,,0
609,'1476880',1555,,581,,,0
609,'1476881',1710,,582,,,0
609,'1476882',1810,,583,,,0
609,'1476883',1910,,584,,,0
609,'1477404',602,,585,,,0
609,'1477405',702,,586,,,0
609,'1477406',802,,587,,,0
609,'1477407',842,,588,,,0
609,'1477408',942,,589,,,0
609,'1477409',1042,,590,,,0
609,'1477410',1142,,591,,,0
609,'1477411',1251,,592,,,0
609,'1477412',1401,,593,,,0
609,'1477413',1511,,594,,,0
609,'1477414',532,,595,,,0
609,'1477415',632,,596,,,0
609,'1477416',732,,597,,,0
609,'1477417',1436,,598,,,0
609,'1477418',1621,,599,,,0
609,'1477419',1745,,600,,,0
609,'1477420',1845,,601,,,0
609,'1477421',1945,,602,,,0
609,'1477422',2100,,603,,,0
609,'1477423',2200,,604,,,0
609,'1477424',912,,605,,,0
609,'1477425',1012,,606,,,0
609,'1477426',1546,,607,,,0
609,'1477427',1701,,608,,,0
609,'1477428',1815,,609,,,0
609,'1477429',1915,,610,,,0
609,'1477430',2030,,611,,,0
609,'1477431',2130,,612,,,0
609,'1477432',620,,613,,,0
609,'1477433',720,,614,,,0
609,'1477434',1112,,615,,,0
609,'1477435',1212,,616,,,0
609,'1477436',1326,,617,,,0
609,'1477437',2300,,618,,,0
609,'1477438',2230,,619,,,0
609,'1477723',740,,620,,,0
609,'1477724',840,,621,,,0
609,'1477725',940,,622,,,0
609,'1477726',1040,,623,,,0
609,'1477727',1140,,624,,,0
609,'1477728',1255,,625,,,0
609,'1477729',1355,,626,,,0
609,'1477730',1455,,627,,,0
609,'1477731',1555,,628,,,0
609,'1477732',1710,,629,,,0
609,'1477733',1810,,630,,,0
609,'1477734',1910,,631,,,0
