301,'100009',547,,626,37,0,15 7 16 3 17,0,70,,627,37,0,15 7 16 3 17,0,30,,628,37,0,15 7 16 3 17,0,70,,629,37,0,15 7 16 3 17,0,30,,630,37,0,15 7 16 3 17,0,10,,631,37,0,15 7 16 3 17,0,60,,636,37,0,15 7 16 3 17,0,40,,632,37,0,15 7 16 3 17,0,70,,637,37,0,15 7 16 3 17,0,30,,633,37,0,15 7 16 3 17,0,70,,638,37,0,15 7 16 3 17,0,30,,634,37,0,15 7 16 3 17,0,70,,639,37,0,15 7 16 3 17,0,30,,635,37,0,15 7 16 3 17,0,70,,640,37,0,15 7 16 3 17,0,81,,641,37,0,15 7 16 3 17,0,35,,642,37,0,15 7 16 3 17,0,75,,643,37,0,15 7 16 3 17,0,14,,644,37,0,15 7 16 3 17,0,21,,645,37,0,15 7 16 3 17,0,75,,646,37,0,15 7 16 3 17,0,5,,661,37,0,15 7 16 3 17,0,70,,647,37,0,15 7 16 3 17,0,35,,648,37,0,15 7 16 3 17,0,80,,649,37,0,15 7 16 3 17,0,82,,650,37,0,15 7 16 3 17,0,30,,651,37,0,15 7 16 3 17,0,70,,652,37,0,15 7 16 3 17,0,30,,653,37,0,15 7 16 3 17,0,70,,654,37,0,15 7 16 3 17,0,45,,655,37,0,15 7 16 3 17,0,70,,656,37,0,15 7 16 3 17,0,30,,657,37,0,15 7 16 3 17,0,70,,658,37,0,15 7 16 3 17,0,30,,659,37,0,15 7 16 3 17,0,70,,660,37,0,15 7 16 3 17,0
301,'100010',752,,665,37,0,15 7 16 3 17,0,100,,666,37,0,15 7 16 3 17,0,100,,667,37,0,15 7 16 3 17,0,101,,668,37,0,15 7 16 3 17,0,100,,669,37,0,15 7 16 3 17,0,155,,670,37,0,15 7 16 3 17,0,100,,671,37,0,15 7 16 3 17,0,100,,672,37,0,15 7 16 3 17,0,100,,673,37,0,15 7 16 3 17,0,115,,664,37,0,15 7 16 3 17,0,100,,662,37,0,15 7 16 3 17,0,100,,663,37,0,15 7 16 3 17,0
301,'100011',752,,2267,37,0,15 7 16 3 17,0,100,,2268,37,0,15 7 16 3 17,0,100,,2269,37,0,15 7 16 3 17,0,101,,2270,37,0,15 7 16 3 17,0,100,,2271,37,0,15 7 16 3 17,0,155,,2272,37,0,15 7 16 3 17,0,100,,2273,37,0,15 7 16 3 17,0,100,,2274,37,0,15 7 16 3 17,0,100,,2275,37,0,15 7 16 3 17,0,115,,2266,37,0,15 7 16 3 17,0,100,,2264,37,0,15 7 16 3 17,0,100,,2265,37,0,15 7 16 3 17,0,100,,2276,37,0,15 7 16 3 17,0
301,'100012',752,,2280,37,0,15 7 16 3 17,0,100,,2281,37,0,15 7 16 3 17,0,100,,2282,37,0,15 7 16 3 17,0,101,,2283,37,0,15 7 16 3 17,0,100,,2284,37,0,15 7 16 3 17,0,155,,2285,37,0,15 7 16 3 17,0,100,,2286,37,0,15 7 16 3 17,0,100,,2287,37,0,15 7 16 3 17,0,100,,2288,37,0,15 7 16 3 17,0,115,,2279,37,0,15 7 16 3 17,0,100,,2277,37,0,15 7 16 3 17,0,100,,2278,37,0,15 7 16 3 17,0
301,'100013',547,,2289,37,0,15 7 16 3 17,0,70,,2290,37,0,15 7 16 3 17,0,30,,2291,37,0,15 7 16 3 17,0,70,,2292,37,0,15 7 16 3 17,0,30,,2293,37,0,15 7 16 3 17,0,10,,2294,37,0,15 7 16 3 17,0,60,,2299,37,0,15 7 16 3 17,0,40,,2295,37,0,15 7 16 3 17,0,70,,2300,37,0,15 7 16 3 17,0,30,,2296,37,0,15 7 16 3 17,0,70,,2301,37,0,15 7 16 3 17,0,30,,2297,37,0,15 7 16 3 17,0,70,,2302,37,0,15 7 16 3 17,0,30,,2298,37,0,15 7 16 3 17,0,70,,2303,37,0,15 7 16 3 17,0,81,,2304,37,0,15 7 16 3 17,0,35,,2305,37,0,15 7 16 3 17,0,75,,2306,37,0,15 7 16 3 17,0,14,,2307,37,0,15 7 16 3 17,0,21,,2308,37,0,15 7 16 3 17,0,75,,2309,37,0,15 7 16 3 17,0,5,,2324,37,0,15 7 16 3 17,0,70,,2310,37,0,15 7 16 3 17,0,35,,2311,37,0,15 7 16 3 17,0,80,,2312,37,0,15 7 16 3 17,0,82,,2313,37,0,15 7 16 3 17,0,30,,2314,37,0,15 7 16 3 17,0,70,,2315,37,0,15 7 16 3 17,0,30,,2316,37,0,15 7 16 3 17,0,70,,2317,37,0,15 7 16 3 17,0,45,,2318,37,0,15 7 16 3 17,0,70,,2319,37,0,15 7 16 3 17,0,30,,2320,37,0,15 7 16 3 17,0,70,,2321,37,0,15 7 16 3 17,0,30,,2322,37,0,15 7 16 3 17,0,70,,2323,37,0,15 7 16 3 17,0
301,'100014',547,,2325,37,0,15 7 16 3 17,0,70,,2326,37,0,15 7 16 3 17,0,30,,2327,37,0,15 7 16 3 17,0,70,,2328,37,0,15 7 16 3 17,0,30,,2329,37,0,15 7 16 3 17,0,10,,2330,37,0,15 7 16 3 17,0,60,,2335,37,0,15 7 16 3 17,0,40,,2331,37,0,15 7 16 3 17,0,70,,2336,37,0,15 7 16 3 17,0,30,,2332,37,0,15 7 16 3 17,0,70,,2337,37,0,15 7 16 3 17,0,30,,2333,37,0,15 7 16 3 17,0,70,,2338,37,0,15 7 16 3 17,0,30,,2334,37,0,15 7 16 3 17,0,70,,2339,37,0,15 7 16 3 17,0,81,,2340,37,0,15 7 16 3 17,0,35,,2341,37,0,15 7 16 3 17,0,75,,2342,37,0,15 7 16 3 17,0,14,,2343,37,0,15 7 16 3 17,0,21,,2344,37,0,15 7 16 3 17,0,75,,2345,37,0,15 7 16 3 17,0,5,,2360,37,0,15 7 16 3 17,0,70,,2346,37,0,15 7 16 3 17,0,35,,2347,37,0,15 7 16 3 17,0,80,,2348,37,0,15 7 16 3 17,0,82,,2349,37,0,15 7 16 3 17,0,30,,2350,37,0,15 7 16 3 17,0,70,,2351,37,0,15 7 16 3 17,0,30,,2352,37,0,15 7 16 3 17,0,70,,2353,37,0,15 7 16 3 17,0,45,,2354,37,0,15 7 16 3 17,0,70,,2355,37,0,15 7 16 3 17,0,30,,2356,37,0,15 7 16 3 17,0,70,,2357,37,0,15 7 16 3 17,0,30,,2358,37,0,15 7 16 3 17,0,70,,2359,37,0,15 7 16 3 17,0
301,'100015',752,,2364,37,0,15 7 16 3 17,0,100,,2365,37,0,15 7 16 3 17,0,100,,2366,37,0,15 7 16 3 17,0,101,,2367,37,0,15 7 16 3 17,0,100,,2368,37,0,15 7 16 3 17,0,155,,2369,37,0,15 7 16 3 17,0,100,,2370,37,0,15 7 16 3 17,0,100,,2371,37,0,15 7 16 3 17,0,100,,2372,37,0,15 7 16 3 17,0,115,,2361,37,0,15 7 16 3 17,0,100,,2362,37,0,15 7 16 3 17,0,100,,2363,37,0,15 7 16 3 17,0
5300,'100009',805,,1367,25,,,0
5300,'100013',805,,3171,25,,,0
5301,'100009',1537,,1369,18,,,0
5301,'100013',1537,,3173,18,,,0
1005301,'100009',1505,,1514,12,,,0
1005301,'100013',1505,,3303,12,,,0
1005301,'100014',1505,,3304,12,,,0
