109,'1477027',848,,1,,,0
109,'1477028',948,,2,,,0
109,'1477029',1048,,3,,,0
109,'1477030',1148,,4,,,0
109,'1477031',1248,,5,,,0
109,'1477032',1348,,6,,,0
109,'1477033',1448,,7,,,0
109,'1477034',1548,,8,,,0
109,'1477035',1648,,9,,,0
109,'1477036',1748,,10,,,0
109,'1477037',1848,,11,,,0
109,'1477038',1948,,12,,,0
109,'1477056',610,,30,,,0
109,'1477057',710,,31,,,0
109,'1477058',810,,32,,,0
109,'1477059',910,,33,,,0
109,'1477060',1008,,34,,,0
109,'1477069',650,,43,,,0
109,'1477070',850,,44,,,0
109,'1477071',1048,,45,,,0
109,'1477072',1249,,46,,,0
109,'1477080',1429,,54,,,0
109,'1477081',1729,,55,,,0
109,'1477082',1827,,56,,,0
109,'1477083',1927,,57,,,0
109,'1477084',2027,,58,,,0
109,'1477085',2135,,59,,,0
109,'1477086',1319,,60,,,0
109,'1477090',1118,,64,,,0
109,'1477091',1218,,65,,,0
109,'1477092',750,,66,,,0
109,'1477093',948,,67,,,0
109,'1477094',1148,,68,,,0
109,'1477095',1349,,69,,,0
109,'1477096',1629,,70,,,0
109,'1477097',1529,,71,,,0
109,'1477103',930,,77,,,0
109,'1477104',730,,78,,,0
109,'1477105',630,,79,,,0
109,'1477106',830,,80,,,0
109,'1477113',2105,,87,,,0
109,'1477114',2007,,88,,,0
109,'1477115',1907,,89,,,0
109,'1477116',1807,,90,,,0
109,'1477117',1709,,91,,,0
109,'1477118',1609,,92,,,0
109,'1477119',1549,,93,,,0
109,'1477120',1649,,94,,,0
109,'1477121',1747,,95,,,0
109,'1477122',1847,,96,,,0
109,'1477123',1947,,97,,,0
109,'1477129',1459,,103,,,0
109,'1477134',2233,,108,,,0
109,'1477135',2205,,109,,,0
109,'1477136',2302,,110,,,0
109,'1477613',848,,113,,,0
109,'1477615',948,,115,,,0
109,'1477616',1048,,116,,,0
109,'1477620',1248,,120,,,0
109,'1477621',1148,,121,,,0
109,'1477623',1348,,123,,,0
109,'1477624',1448,,124,,,0
109,'1477626',1548,,126,,,0
109,'1477627',1648,,127,,,0
109,'1477631',1748,,131,,,0
109,'1477633',1848,,133,,,0
109,'1477634',1948,,134,,,0
109,'1477647',1918,,147,,,0
109,'1477648',818,,148,,,0
109,'1477649',1018,,149,,,0
109,'1477650',1118,,150,,,0
109,'1477651',1218,,151,,,0
109,'1477652',1318,,152,,,0
109,'1477653',1418,,153,,,0
109,'1477654',1518,,154,,,0
109,'1477655',1618,,155,,,0
109,'1477656',1718,,156,,,0
109,'1477657',1818,,157,,,0
109,'1477659',918,,159,,,0
