109,'1477039',809,,13,0,33,0
109,'1477040',909,,14,0,33,0
109,'1477041',1009,,15,0,33,0
109,'1477042',1109,,16,0,33,0
109,'1477043',1209,,17,0,33,0
109,'1477044',1309,,18,0,33,0
109,'1477045',1409,,19,0,33,0
109,'1477046',1509,,20,0,33,0
109,'1477047',1609,,21,0,33,0
109,'1477048',1709,,22,0,33,0
109,'1477049',1809,,23,0,33,0
109,'1477050',1909,,24,0,33,0
109,'1477051',834,,25,0,33,0
109,'1477052',534,,26,0,33,0
109,'1477053',932,,27,0,33,0
109,'1477054',734,,28,0,33,0
109,'1477055',634,,29,0,33,0
109,'1477061',614,,35,0,33,0
109,'1477062',714,,36,0,33,0
109,'1477063',814,,37,0,33,0
109,'1477064',912,,38,0,33,0
109,'1477065',1012,,39,0,33,0
109,'1477066',1112,,40,0,33,0
109,'1477067',1213,,41,0,33,0
109,'1477068',1313,,42,0,33,0
109,'1477073',1353,,47,0,33,0
109,'1477074',1453,,48,0,33,0
109,'1477075',1553,,49,0,33,0
109,'1477076',1653,,50,0,33,0
109,'1477077',1752,,51,0,33,0
109,'1477078',1852,,52,0,33,0
109,'1477079',1952,,53,0,33,0
109,'1477087',1042,,61,0,33,0
109,'1477088',1142,,62,0,33,0
109,'1477089',1243,,63,0,33,0
109,'1477098',2100,,72,0,33,0
109,'1477099',554,,73,0,33,0
109,'1477100',654,,74,0,33,0
109,'1477101',754,,75,0,33,0
109,'1477102',854,,76,0,33,0
109,'1477107',2030,,81,0,33,0
109,'1477108',1932,,82,0,33,0
109,'1477109',1832,,83,0,33,0
109,'1477110',1732,,84,0,33,0
109,'1477111',1633,,85,0,33,0
109,'1477112',1533,,86,0,33,0
109,'1477124',1912,,98,0,33,0
109,'1477125',1513,,99,0,33,0
109,'1477126',1613,,100,0,33,0
109,'1477127',1712,,101,0,33,0
109,'1477128',1812,,102,0,33,0
109,'1477130',1423,,104,0,33,0
109,'1477131',2130,,105,0,33,0
109,'1477132',2200,,106,0,33,0
109,'1477133',2259,,107,0,33,0
109,'1477137',2229,,111,0,33,0
109,'1477612',809,,112,0,33,0
109,'1477614',909,,114,0,33,0
109,'1477617',1009,,117,0,33,0
109,'1477618',1109,,118,0,33,0
109,'1477619',1209,,119,0,33,0
109,'1477622',1409,,122,0,33,0
109,'1477625',1309,,125,0,33,0
109,'1477628',1609,,128,0,33,0
109,'1477629',1509,,129,0,33,0
109,'1477630',1709,,130,0,33,0
109,'1477632',1809,,132,0,33,0
109,'1477635',1909,,135,0,33,0
109,'1477636',839,,136,0,33,0
109,'1477637',939,,137,0,33,0
109,'1477638',1039,,138,0,33,0
109,'1477639',1139,,139,0,33,0
109,'1477640',1239,,140,0,33,0
109,'1477641',1339,,141,0,33,0
109,'1477642',1439,,142,0,33,0
109,'1477643',1539,,143,0,33,0
109,'1477644',1639,,144,0,33,0
109,'1477645',1739,,145,0,33,0
109,'1477646',1839,,146,0,33,0
109,'1477658',739,,158,0,33,0
