500,'100009',605,,832,26,,,0,30,,848,26,,,0,70,,833,26,,,0,30,,849,26,,,0,70,,834,26,,,0,40,,835,26,,,0,70,,857,26,,,0,30,,836,26,,,0,70,,860,26,,,0,30,,837,26,,,0,70,,859,26,,,0,30,,838,26,,,0,70,,861,26,,,0,42,,839,26,,,0,75,,858,26,,,0,75,,840,26,,,0,35,,850,26,,,0,75,,841,26,,,0,35,,851,26,,,0,75,,842,26,,,0,80,,843,26,,,0,41,,852,26,,,0,70,,844,26,,,0,30,,853,26,,,0,70,,845,26,,,0,30,,854,26,,,0,85,,846,26,,,0,70,,855,26,,,0,30,,847,26,,,0,70,,856,26,,,0,30,,862,26,,,0,70,,863,26,,,0
500,'100010',813,,864,26,,,0,100,,865,26,,,0,100,,866,26,,,0,100,,867,26,,,0,100,,868,26,,,0,115,,869,26,,,0,100,,870,26,,,0,100,,871,26,,,0,115,,872,26,,,0,100,,873,26,,,0,100,,874,26,,,0
500,'100011',813,,2512,26,,,0,100,,2513,26,,,0,100,,2514,26,,,0,100,,2515,26,,,0,100,,2516,26,,,0,115,,2517,26,,,0,100,,2518,26,,,0,100,,2519,26,,,0,115,,2520,26,,,0,100,,2521,26,,,0,100,,2522,26,,,0,100,,2523,26,,,0
500,'100012',813,,2524,26,,,0,100,,2525,26,,,0,100,,2526,26,,,0,100,,2527,26,,,0,100,,2528,26,,,0,115,,2529,26,,,0,100,,2530,26,,,0,100,,2531,26,,,0,115,,2532,26,,,0,100,,2533,26,,,0,100,,2534,26,,,0
500,'100013',605,,2535,26,,,0,30,,2551,26,,,0,70,,2536,26,,,0,30,,2552,26,,,0,70,,2537,26,,,0,40,,2538,26,,,0,70,,2560,26,,,0,30,,2539,26,,,0,70,,2563,26,,,0,30,,2540,26,,,0,70,,2562,26,,,0,30,,2541,26,,,0,70,,2564,26,,,0,42,,2542,26,,,0,75,,2561,26,,,0,75,,2543,26,,,0,35,,2553,26,,,0,75,,2544,26,,,0,35,,2554,26,,,0,75,,2545,26,,,0,80,,2546,26,,,0,41,,2555,26,,,0,70,,2547,26,,,0,30,,2556,26,,,0,70,,2548,26,,,0,30,,2557,26,,,0,85,,2549,26,,,0,70,,2558,26,,,0,30,,2550,26,,,0,70,,2559,26,,,0,30,,2565,26,,,0,70,,2566,26,,,0
500,'100014',605,,2567,26,,,0,30,,2583,26,,,0,70,,2568,26,,,0,30,,2584,26,,,0,70,,2569,26,,,0,40,,2570,26,,,0,70,,2592,26,,,0,30,,2571,26,,,0,70,,2595,26,,,0,30,,2572,26,,,0,70,,2594,26,,,0,30,,2573,26,,,0,70,,2596,26,,,0,42,,2574,26,,,0,75,,2593,26,,,0,75,,2575,26,,,0,35,,2585,26,,,0,75,,2576,26,,,0,35,,2586,26,,,0,75,,2577,26,,,0,80,,2578,26,,,0,41,,2587,26,,,0,70,,2579,26,,,0,30,,2588,26,,,0,70,,2580,26,,,0,30,,2589,26,,,0,85,,2581,26,,,0,70,,2590,26,,,0,30,,2582,26,,,0,70,,2591,26,,,0,30,,2597,26,,,0,70,,2598,26,,,0
500,'100015',813,,2599,26,,,0,100,,2600,26,,,0,100,,2601,26,,,0,100,,2602,26,,,0,100,,2603,26,,,0,115,,2604,26,,,0,100,,2605,26,,,0,100,,2606,26,,,0,115,,2607,26,,,0,100,,2608,26,,,0,100,,2609,26,,,0
5201,'100009',739,,1365,13,0,7 8 9,0
5201,'100013',739,,3169,13,0,7 8 9,0
5400,'100009',730,,1370,13,0,7 18,0
5400,'100013',730,,3174,13,0,7 18,0
