109,'1477039',808,,13,0,33,0
109,'1477040',908,,14,0,33,0
109,'1477041',1008,,15,0,33,0
109,'1477042',1108,,16,0,33,0
109,'1477043',1208,,17,0,33,0
109,'1477044',1308,,18,0,33,0
109,'1477045',1408,,19,0,33,0
109,'1477046',1508,,20,0,33,0
109,'1477047',1608,,21,0,33,0
109,'1477048',1708,,22,0,33,0
109,'1477049',1808,,23,0,33,0
109,'1477050',1908,,24,0,33,0
109,'1477051',833,,25,0,33,0
109,'1477052',533,,26,0,33,0
109,'1477053',931,,27,0,33,0
109,'1477054',733,,28,0,33,0
109,'1477055',633,,29,0,33,0
109,'1477061',613,,35,0,33,0
109,'1477062',713,,36,0,33,0
109,'1477063',813,,37,0,33,0
109,'1477064',911,,38,0,33,0
109,'1477065',1011,,39,0,33,0
109,'1477066',1111,,40,0,33,0
109,'1477067',1212,,41,0,33,0
109,'1477068',1312,,42,0,33,0
109,'1477073',1352,,47,0,33,0
109,'1477074',1452,,48,0,33,0
109,'1477075',1552,,49,0,33,0
109,'1477076',1652,,50,0,33,0
109,'1477077',1751,,51,0,33,0
109,'1477078',1851,,52,0,33,0
109,'1477079',1951,,53,0,33,0
109,'1477087',1041,,61,0,33,0
109,'1477088',1141,,62,0,33,0
109,'1477089',1242,,63,0,33,0
109,'1477098',2059,,72,0,33,0
109,'1477099',553,,73,0,33,0
109,'1477100',653,,74,0,33,0
109,'1477101',753,,75,0,33,0
109,'1477102',853,,76,0,33,0
109,'1477107',2029,,81,0,33,0
109,'1477108',1931,,82,0,33,0
109,'1477109',1831,,83,0,33,0
109,'1477110',1731,,84,0,33,0
109,'1477111',1632,,85,0,33,0
109,'1477112',1532,,86,0,33,0
109,'1477124',1911,,98,0,33,0
109,'1477125',1512,,99,0,33,0
109,'1477126',1612,,100,0,33,0
109,'1477127',1711,,101,0,33,0
109,'1477128',1811,,102,0,33,0
109,'1477130',1422,,104,0,33,0
109,'1477131',2129,,105,0,33,0
109,'1477132',2159,,106,0,33,0
109,'1477133',2258,,107,0,33,0
109,'1477137',2228,,111,0,33,0
109,'1477612',808,,112,0,33,0
109,'1477614',908,,114,0,33,0
109,'1477617',1008,,117,0,33,0
109,'1477618',1108,,118,0,33,0
109,'1477619',1208,,119,0,33,0
109,'1477622',1408,,122,0,33,0
109,'1477625',1308,,125,0,33,0
109,'1477628',1608,,128,0,33,0
109,'1477629',1508,,129,0,33,0
109,'1477630',1708,,130,0,33,0
109,'1477632',1808,,132,0,33,0
109,'1477635',1908,,135,0,33,0
109,'1477636',838,,136,0,33,0
109,'1477637',938,,137,0,33,0
109,'1477638',1038,,138,0,33,0
109,'1477639',1138,,139,0,33,0
109,'1477640',1238,,140,0,33,0
109,'1477641',1338,,141,0,33,0
109,'1477642',1438,,142,0,33,0
109,'1477643',1538,,143,0,33,0
109,'1477644',1638,,144,0,33,0
109,'1477645',1738,,145,0,33,0
109,'1477646',1838,,146,0,33,0
109,'1477658',738,,158,0,33,0
