2109,'1476941',831,,744,0,10 11,0
2109,'1476942',906,,745,0,10 11,0
2109,'1476943',941,,746,0,10 11,0
2109,'1476944',1016,,747,0,10 11,0
2109,'1476945',1051,,748,0,10 11,0
2109,'1476946',1126,,749,0,10 11,0
2109,'1476947',1201,,750,0,10 11,0
2109,'1476948',1236,,751,0,10 11,0
2109,'1476949',1311,,752,0,10 11,0
2109,'1476950',1346,,753,0,10 11,0
2109,'1476951',1421,,754,0,10 11,0
2109,'1476952',1456,,755,0,10 11,0
2109,'1476953',1531,,756,0,10 11,0
2109,'1476954',1606,,757,0,10 11,0
2109,'1476955',1641,,758,0,10 11,0
2109,'1476956',1716,,759,0,10 11,0
2109,'1476957',1751,,760,0,10 11,0
2109,'1476958',1831,,761,0,10 11,0
2109,'1476959',1906,,762,0,10 11,0
2109,'1476960',1941,,763,0,10 11,0
2109,'1477212',727,,791,0,10 11,0
2109,'1477213',837,,792,0,10 11,0
2109,'1477214',946,,793,0,10 11,0
2109,'1477215',1056,,794,0,10 11,0
2109,'1477216',1206,,795,0,10 11,0
2109,'1477217',1319,,796,0,10 11,0
2109,'1477218',1429,,797,0,10 11,0
2109,'1477225',1539,,804,0,10 11,0
2109,'1477226',1649,,805,0,10 11,0
2109,'1477227',1803,,806,0,10 11,0
2109,'1477228',1913,,807,0,10 11,0
2109,'1477229',2023,,808,0,10 11,0
2109,'1477230',2142,,809,0,10 11,0
2109,'1477245',2212,,824,0,10 11,0
2109,'1477246',652,,825,0,10 11,0
2109,'1477247',802,,826,0,10 11,0
2109,'1477248',912,,827,0,10 11,0
2109,'1477249',1021,,828,0,10 11,0
2109,'1477250',1131,,829,0,10 11,0
2109,'1477251',1244,,830,0,10 11,0
2109,'1477252',1354,,831,0,10 11,0
2109,'1477253',1504,,832,0,10 11,0
2109,'1477254',1615,,833,0,10 11,0
2109,'1477255',1724,,834,0,10 11,0
2109,'1477256',1840,,835,0,10 11,0
2109,'1477257',1952,,836,0,10 11,0
2109,'1477258',2102,,837,0,10 11,0
2109,'1477261',2242,,840,0,10 11,0
2109,'1477262',2312,,841,0,10 11,0
2109,'1477263',2342,,842,0,10 11,0
2109,'1478076',1941,,844,0,10 11,0
2109,'1478084',906,,852,0,10 11,0
2109,'1478085',1016,,853,0,10 11,0
2109,'1478086',1236,,854,0,10 11,0
2109,'1478087',1346,,855,0,10 11,0
2109,'1478088',1456,,856,0,10 11,0
2109,'1478089',1716,,857,0,10 11,0
2109,'1478090',1831,,858,0,10 11,0
2109,'1478099',831,,867,0,10 11,0
2109,'1478100',941,,868,0,10 11,0
2109,'1478101',1201,,869,0,10 11,0
2109,'1478102',1311,,870,0,10 11,0
2109,'1478103',1421,,871,0,10 11,0
2109,'1478104',1641,,872,0,10 11,0
2109,'1478105',1751,,873,0,10 11,0
2109,'1478106',1906,,874,0,10 11,0
2109,'1478109',1606,,877,0,10 11,0
2109,'1478110',1126,,878,0,10 11,0
2109,'1478112',1051,,880,0,10 11,0
2109,'1478115',1531,,883,0,10 11,0
