609,'1476872',744,,573,,,0
609,'1476873',844,,574,,,0
609,'1476874',944,,575,,,0
609,'1476875',1044,,576,,,0
609,'1476876',1144,,577,,,0
609,'1476877',1259,,578,,,0
609,'1476878',1359,,579,,,0
609,'1476879',1459,,580,,,0
609,'1476880',1559,,581,,,0
609,'1476881',1714,,582,,,0
609,'1476882',1814,,583,,,0
609,'1476883',1914,,584,,,0
609,'1477404',607,,585,,,0
609,'1477405',707,,586,,,0
609,'1477406',807,,587,,,0
609,'1477407',846,,588,,,0
609,'1477408',946,,589,,,0
609,'1477409',1046,,590,,,0
609,'1477410',1146,,591,,,0
609,'1477411',1257,,592,,,0
609,'1477412',1407,,593,,,0
609,'1477413',1517,,594,,,0
609,'1477414',537,,595,,,0
609,'1477415',637,,596,,,0
609,'1477416',737,,597,,,0
609,'1477417',1442,,598,,,0
609,'1477418',1627,,599,,,0
609,'1477419',1749,,600,,,0
609,'1477420',1849,,601,,,0
609,'1477421',1949,,602,,,0
609,'1477422',2105,,603,,,0
609,'1477423',2205,,604,,,0
609,'1477424',916,,605,,,0
609,'1477425',1016,,606,,,0
609,'1477426',1552,,607,,,0
609,'1477427',1707,,608,,,0
609,'1477428',1819,,609,,,0
609,'1477429',1919,,610,,,0
609,'1477430',2035,,611,,,0
609,'1477431',2135,,612,,,0
609,'1477432',625,,613,,,0
609,'1477433',724,,614,,,0
609,'1477434',1116,,615,,,0
609,'1477435',1216,,616,,,0
609,'1477436',1332,,617,,,0
609,'1477437',2305,,618,,,0
609,'1477438',2235,,619,,,0
609,'1477723',744,,620,,,0
609,'1477724',844,,621,,,0
609,'1477725',944,,622,,,0
609,'1477726',1044,,623,,,0
609,'1477727',1144,,624,,,0
609,'1477728',1259,,625,,,0
609,'1477729',1359,,626,,,0
609,'1477730',1459,,627,,,0
609,'1477731',1559,,628,,,0
609,'1477732',1714,,629,,,0
609,'1477733',1814,,630,,,0
609,'1477734',1914,,631,,,0
5009,'1477505',735,,884,0,5 6 7 8 9,0
5009,'1477506',1439,,885,0,14 3 15,0
5009,'1477507',1456,,886,0,14 3 15,0
