300,'100009',827,,2156,34,4,,0,100,,2157,34,4,,0,100,,2158,34,4,,0,100,,2159,34,4,,0,100,,2160,34,4,,0,115,,2166,34,4,,0,100,,2161,34,4,,0,100,,2162,34,4,,0,100,,2163,34,4,,0,115,,2164,34,4,,0,100,,2165,34,4,,0,100,,2167,34,4,,0
300,'100010',827,,2168,34,4,,0,100,,2169,34,4,,0,100,,2170,34,4,,0,100,,2171,34,4,,0,100,,2172,34,4,,0,115,,2178,34,4,,0,100,,2173,34,4,,0,100,,2174,34,4,,0,100,,2175,34,4,,0,115,,2176,34,4,,0,100,,2177,34,4,,0
300,'100011',550,,2179,34,4,,0,70,,2180,34,4,,0,15,,2186,34,4,,0,15,,2181,34,4,,0,70,,2182,34,4,,0,30,,2183,34,4,,0,70,,2184,34,4,,0,10,,2187,34,4,,0,20,,2185,34,4,,0,80,,2188,34,4,,0,70,,2192,34,4,,0,30,,2189,34,4,,0,70,,2193,34,4,,0,30,,2190,34,4,,0,70,,2194,34,4,,0,34,,2191,34,4,,0,70,,2195,34,4,,0,43,,2196,34,4,,0,75,,2197,34,4,,0,35,,2198,34,4,,0,1,,2199,34,4,,0,53,,2200,34,4,,0,21,,2201,34,4,,0,75,,2202,34,4,,0,5,,2203,34,4,,0,30,,2204,34,4,,0,75,,2205,34,4,,0,40,,2206,34,4,,0,76,,2207,34,4,,0,70,,2208,34,4,,0,30,,2209,34,4,,0,70,,2210,34,4,,0,30,,2211,34,4,,0,85,,2212,34,4,,0,30,,2213,34,4,,0,70,,2214,34,4,,0,30,,2215,34,4,,0
300,'100012',550,,2216,34,4,,0,70,,2217,34,4,,0,15,,2223,34,4,,0,15,,2218,34,4,,0,70,,2219,34,4,,0,30,,2220,34,4,,0,70,,2221,34,4,,0,10,,2224,34,4,,0,20,,2222,34,4,,0,80,,2225,34,4,,0,70,,2229,34,4,,0,30,,2226,34,4,,0,70,,2230,34,4,,0,30,,2227,34,4,,0,70,,2231,34,4,,0,34,,2228,34,4,,0,70,,2232,34,4,,0,43,,2233,34,4,,0,75,,2234,34,4,,0,35,,2235,34,4,,0,1,,2236,34,4,,0,53,,2237,34,4,,0,21,,2238,34,4,,0,75,,2239,34,4,,0,5,,2240,34,4,,0,30,,2241,34,4,,0,75,,2242,34,4,,0,40,,2243,34,4,,0,76,,2244,34,4,,0,70,,2245,34,4,,0,30,,2246,34,4,,0,70,,2247,34,4,,0,30,,2248,34,4,,0,85,,2249,34,4,,0,30,,2250,34,4,,0,70,,2251,34,4,,0,30,,2252,34,4,,0
300,'100013',827,,2253,34,4,,0,100,,2254,34,4,,0,100,,2255,34,4,,0,100,,2256,34,4,,0,100,,2257,34,4,,0,115,,2258,34,4,,0,100,,2259,34,4,,0,100,,2260,34,4,,0,100,,2261,34,4,,0,115,,2262,34,4,,0,100,,2263,34,4,,0
301,'100009',730,,2267,1,0,15 7 16 3 17,0,100,,2268,1,0,15 7 16 3 17,0,100,,2269,1,0,15 7 16 3 17,0,100,,2270,1,0,15 7 16 3 17,0,100,,2271,1,0,15 7 16 3 17,0,115,,2272,1,0,15 7 16 3 17,0,100,,2273,1,0,15 7 16 3 17,0,100,,2274,1,0,15 7 16 3 17,0,100,,2275,1,0,15 7 16 3 17,0,155,,2266,1,0,15 7 16 3 17,0,100,,2264,1,0,15 7 16 3 17,0,100,,2265,1,0,15 7 16 3 17,0,100,,2276,1,0,15 7 16 3 17,0
301,'100010',730,,2280,1,0,15 7 16 3 17,0,100,,2281,1,0,15 7 16 3 17,0,100,,2282,1,0,15 7 16 3 17,0,100,,2283,1,0,15 7 16 3 17,0,100,,2284,1,0,15 7 16 3 17,0,115,,2285,1,0,15 7 16 3 17,0,100,,2286,1,0,15 7 16 3 17,0,100,,2287,1,0,15 7 16 3 17,0,100,,2288,1,0,15 7 16 3 17,0,155,,2279,1,0,15 7 16 3 17,0,100,,2277,1,0,15 7 16 3 17,0,100,,2278,1,0,15 7 16 3 17,0
301,'100011',522,,2289,1,0,15 7 16 3 17,0,30,,2290,1,0,15 7 16 3 17,0,70,,2291,1,0,15 7 16 3 17,0,30,,2292,1,0,15 7 16 3 17,0,70,,2293,1,0,15 7 16 3 17,0,10,,2294,1,0,15 7 16 3 17,0,20,,2299,1,0,15 7 16 3 17,0,80,,2295,1,0,15 7 16 3 17,0,70,,2300,1,0,15 7 16 3 17,0,30,,2296,1,0,15 7 16 3 17,0,70,,2301,1,0,15 7 16 3 17,0,30,,2297,1,0,15 7 16 3 17,0,70,,2302,1,0,15 7 16 3 17,0,30,,2298,1,0,15 7 16 3 17,0,70,,2303,1,0,15 7 16 3 17,0,38,,2304,1,0,15 7 16 3 17,0,75,,2305,1,0,15 7 16 3 17,0,35,,2306,1,0,15 7 16 3 17,0,54,,2307,1,0,15 7 16 3 17,0,21,,2308,1,0,15 7 16 3 17,0,75,,2309,1,0,15 7 16 3 17,0,5,,2324,1,0,15 7 16 3 17,0,30,,2310,1,0,15 7 16 3 17,0,75,,2311,1,0,15 7 16 3 17,0,40,,2312,1,0,15 7 16 3 17,0,85,,2313,1,0,15 7 16 3 17,0,70,,2314,1,0,15 7 16 3 17,0,30,,2315,1,0,15 7 16 3 17,0,70,,2316,1,0,15 7 16 3 17,0,30,,2317,1,0,15 7 16 3 17,0,85,,2318,1,0,15 7 16 3 17,0,30,,2319,1,0,15 7 16 3 17,0,70,,2320,1,0,15 7 16 3 17,0,30,,2321,1,0,15 7 16 3 17,0,70,,2322,1,0,15 7 16 3 17,0,30,,2323,1,0,15 7 16 3 17,0
301,'100012',522,,2325,1,0,15 7 16 3 17,0,30,,2326,1,0,15 7 16 3 17,0,70,,2327,1,0,15 7 16 3 17,0,30,,2328,1,0,15 7 16 3 17,0,70,,2329,1,0,15 7 16 3 17,0,10,,2330,1,0,15 7 16 3 17,0,20,,2335,1,0,15 7 16 3 17,0,80,,2331,1,0,15 7 16 3 17,0,70,,2336,1,0,15 7 16 3 17,0,30,,2332,1,0,15 7 16 3 17,0,70,,2337,1,0,15 7 16 3 17,0,30,,2333,1,0,15 7 16 3 17,0,70,,2338,1,0,15 7 16 3 17,0,30,,2334,1,0,15 7 16 3 17,0,70,,2339,1,0,15 7 16 3 17,0,38,,2340,1,0,15 7 16 3 17,0,75,,2341,1,0,15 7 16 3 17,0,35,,2342,1,0,15 7 16 3 17,0,54,,2343,1,0,15 7 16 3 17,0,21,,2344,1,0,15 7 16 3 17,0,75,,2345,1,0,15 7 16 3 17,0,5,,2360,1,0,15 7 16 3 17,0,30,,2346,1,0,15 7 16 3 17,0,75,,2347,1,0,15 7 16 3 17,0,40,,2348,1,0,15 7 16 3 17,0,85,,2349,1,0,15 7 16 3 17,0,70,,2350,1,0,15 7 16 3 17,0,30,,2351,1,0,15 7 16 3 17,0,70,,2352,1,0,15 7 16 3 17,0,30,,2353,1,0,15 7 16 3 17,0,85,,2354,1,0,15 7 16 3 17,0,30,,2355,1,0,15 7 16 3 17,0,70,,2356,1,0,15 7 16 3 17,0,30,,2357,1,0,15 7 16 3 17,0,70,,2358,1,0,15 7 16 3 17,0,30,,2359,1,0,15 7 16 3 17,0
301,'100013',730,,2364,1,0,15 7 16 3 17,0,100,,2365,1,0,15 7 16 3 17,0,100,,2366,1,0,15 7 16 3 17,0,100,,2367,1,0,15 7 16 3 17,0,100,,2368,1,0,15 7 16 3 17,0,115,,2369,1,0,15 7 16 3 17,0,100,,2370,1,0,15 7 16 3 17,0,100,,2371,1,0,15 7 16 3 17,0,100,,2372,1,0,15 7 16 3 17,0,155,,2361,1,0,15 7 16 3 17,0,100,,2362,1,0,15 7 16 3 17,0,100,,2363,1,0,15 7 16 3 17,0
400,'100009',730,,2373,1,0,17 3 15 7 16,0,28,,2373,42,4,,0,42,,2386,1,0,17 3 15 7 16,0,28,,2386,42,4,,0,2,,2374,1,0,17 3 15 7 16,0,28,,2374,42,4,,0,42,,2387,1,0,17 3 15 7 16,0,28,,2387,42,4,,0,2,,2375,1,0,17 3 15 7 16,0,28,,2375,42,4,,0,42,,2388,1,0,17 3 15 7 16,0,28,,2388,42,4,,0,2,,2376,1,0,17 3 15 7 16,0,28,,2376,42,4,,0,42,,2389,1,0,17 3 15 7 16,0,28,,2389,42,4,,0,2,,2377,1,0,17 3 15 7 16,0,28,,2377,42,4,,0,42,,2390,1,0,17 3 15 7 16,0,28,,2390,42,4,,0,17,,2378,1,0,17 3 15 7 16,0,68,,2378,42,4,,0,2,,2391,1,0,17 3 15 7 16,0,28,,2391,42,4,,0,2,,2379,1,0,17 3 15 7 16,0,68,,2379,42,4,,0,2,,2392,1,0,17 3 15 7 16,0,28,,2392,42,4,,0,2,,2380,1,0,17 3 15 7 16,0,68,,2380,42,4,,0,2,,2393,1,0,17 3 15 7 16,0,28,,2393,42,4,,0,2,,2381,1,0,17 3 15 7 16,0,68,,2381,42,4,,0,17,,2394,1,0,17 3 15 7 16,0,28,,2394,42,4,,0,42,,2382,1,0,17 3 15 7 16,0,28,,2382,42,4,,0,2,,2395,1,0,17 3 15 7 16,0,28,,2395,42,4,,0,42,,2383,1,0,17 3 15 7 16,0,28,,2383,42,4,,0,2,,2385,1,0,17 3 15 7 16,0,28,,2385,42,4,,0,42,,2384,1,0,17 3 15 7 16,0,28,,2384,42,4,,0,2,,2396,1,0,17 3 15 7 16,0,28,,2396,42,4,,0,42,,2397,1,0,17 3 15 7 16,0,28,,2397,42,4,,0
400,'100010',730,,2398,1,0,17 3 15 7 16,0,28,,2398,42,4,,0,42,,2411,1,0,17 3 15 7 16,0,28,,2411,42,4,,0,2,,2399,1,0,17 3 15 7 16,0,28,,2399,42,4,,0,42,,2412,1,0,17 3 15 7 16,0,28,,2412,42,4,,0,2,,2400,1,0,17 3 15 7 16,0,28,,2400,42,4,,0,42,,2413,1,0,17 3 15 7 16,0,28,,2413,42,4,,0,2,,2401,1,0,17 3 15 7 16,0,28,,2401,42,4,,0,42,,2414,1,0,17 3 15 7 16,0,28,,2414,42,4,,0,2,,2402,1,0,17 3 15 7 16,0,28,,2402,42,4,,0,42,,2415,1,0,17 3 15 7 16,0,28,,2415,42,4,,0,17,,2403,1,0,17 3 15 7 16,0,68,,2403,42,4,,0,2,,2416,1,0,17 3 15 7 16,0,28,,2416,42,4,,0,2,,2404,1,0,17 3 15 7 16,0,68,,2404,42,4,,0,2,,2417,1,0,17 3 15 7 16,0,28,,2417,42,4,,0,2,,2405,1,0,17 3 15 7 16,0,68,,2405,42,4,,0,2,,2418,1,0,17 3 15 7 16,0,28,,2418,42,4,,0,2,,2406,1,0,17 3 15 7 16,0,68,,2406,42,4,,0,17,,2419,1,0,17 3 15 7 16,0,28,,2419,42,4,,0,42,,2407,1,0,17 3 15 7 16,0,28,,2407,42,4,,0,2,,2420,1,0,17 3 15 7 16,0,28,,2420,42,4,,0,42,,2408,1,0,17 3 15 7 16,0,28,,2408,42,4,,0,2,,2410,1,0,17 3 15 7 16,0,28,,2410,42,4,,0,42,,2409,1,0,17 3 15 7 16,0,28,,2409,42,4,,0
400,'100011',522,,2450,1,0,17 3 15 7 16,0,28,,2450,42,4,,0,2,,2429,1,0,17 3 15 7 16,0,68,,2429,42,4,,0,2,,2421,1,0,17 3 15 7 16,0,18,,2448,1,0,17 3 15 7 16,0,10,,2421,42,4,,0,2,,2430,1,0,17 3 15 7 16,0,56,,2448,42,4,,0,12,,2430,42,4,,0,2,,2422,1,0,17 3 15 7 16,0,28,,2422,42,4,,0,2,,2431,1,0,17 3 15 7 16,0,68,,2431,42,4,,0,12,,2423,1,0,17 3 15 7 16,0,68,,2423,42,4,,0,2,,2449,1,0,17 3 15 7 16,0,28,,2449,42,4,,0,2,,2424,1,0,17 3 15 7 16,0,68,,2424,42,4,,0,2,,2445,1,0,17 3 15 7 16,0,28,,2445,42,4,,0,2,,2425,1,0,17 3 15 7 16,0,68,,2425,42,4,,0,2,,2446,1,0,17 3 15 7 16,0,28,,2446,42,4,,0,2,,2426,1,0,17 3 15 7 16,0,68,,2426,42,4,,0,2,,2447,1,0,17 3 15 7 16,0,28,,2447,42,4,,0,10,,2427,1,0,17 3 15 7 16,0,70,,2427,42,4,,0,5,,2452,1,0,17 3 15 7 16,0,30,,2452,42,4,,0,5,,2428,1,0,17 3 15 7 16,0,70,,2428,42,4,,0,5,,2432,1,0,17 3 15 7 16,0,30,,2432,42,4,,0,45,,2451,1,0,17 3 15 7 16,0,30,,2451,42,4,,0,5,,2433,1,0,17 3 15 7 16,0,70,,2433,42,4,,0,5,,2434,1,0,17 3 15 7 16,0,30,,2434,42,4,,0,10,,2440,1,0,17 3 15 7 16,0,70,,2440,42,4,,0,15,,2435,1,0,17 3 15 7 16,0,68,,2435,42,4,,0,2,,2441,1,0,17 3 15 7 16,0,28,,2441,42,4,,0,2,,2436,1,0,17 3 15 7 16,0,68,,2436,42,4,,0,2,,2442,1,0,17 3 15 7 16,0,28,,2442,42,4,,0,2,,2437,1,0,17 3 15 7 16,0,68,,2437,42,4,,0,17,,2443,1,0,17 3 15 7 16,0,28,,2443,42,4,,0,2,,2438,1,0,17 3 15 7 16,0,68,,2438,42,4,,0,2,,2444,1,0,17 3 15 7 16,0,28,,2444,42,4,,0,2,,2439,1,0,17 3 15 7 16,0,68,,2439,42,4,,0,2,,2453,1,0,17 3 15 7 16,0,28,,2453,42,4,,0,2,,2454,1,0,17 3 15 7 16,0,68,,2454,42,4,,0
400,'100012',522,,2484,1,0,17 3 15 7 16,0,28,,2484,42,4,,0,2,,2463,1,0,17 3 15 7 16,0,68,,2463,42,4,,0,2,,2455,1,0,17 3 15 7 16,0,18,,2482,1,0,17 3 15 7 16,0,10,,2455,42,4,,0,2,,2464,1,0,17 3 15 7 16,0,56,,2482,42,4,,0,12,,2464,42,4,,0,2,,2456,1,0,17 3 15 7 16,0,28,,2456,42,4,,0,2,,2465,1,0,17 3 15 7 16,0,68,,2465,42,4,,0,12,,2457,1,0,17 3 15 7 16,0,68,,2457,42,4,,0,2,,2483,1,0,17 3 15 7 16,0,28,,2483,42,4,,0,2,,2458,1,0,17 3 15 7 16,0,68,,2458,42,4,,0,2,,2479,1,0,17 3 15 7 16,0,28,,2479,42,4,,0,2,,2459,1,0,17 3 15 7 16,0,68,,2459,42,4,,0,2,,2480,1,0,17 3 15 7 16,0,28,,2480,42,4,,0,2,,2460,1,0,17 3 15 7 16,0,68,,2460,42,4,,0,2,,2481,1,0,17 3 15 7 16,0,28,,2481,42,4,,0,10,,2461,1,0,17 3 15 7 16,0,70,,2461,42,4,,0,5,,2486,1,0,17 3 15 7 16,0,30,,2486,42,4,,0,5,,2462,1,0,17 3 15 7 16,0,70,,2462,42,4,,0,5,,2466,1,0,17 3 15 7 16,0,30,,2466,42,4,,0,45,,2485,1,0,17 3 15 7 16,0,30,,2485,42,4,,0,5,,2467,1,0,17 3 15 7 16,0,70,,2467,42,4,,0,5,,2468,1,0,17 3 15 7 16,0,30,,2468,42,4,,0,10,,2474,1,0,17 3 15 7 16,0,70,,2474,42,4,,0,15,,2469,1,0,17 3 15 7 16,0,68,,2469,42,4,,0,2,,2475,1,0,17 3 15 7 16,0,28,,2475,42,4,,0,2,,2470,1,0,17 3 15 7 16,0,68,,2470,42,4,,0,2,,2476,1,0,17 3 15 7 16,0,28,,2476,42,4,,0,2,,2471,1,0,17 3 15 7 16,0,68,,2471,42,4,,0,17,,2477,1,0,17 3 15 7 16,0,28,,2477,42,4,,0,2,,2472,1,0,17 3 15 7 16,0,68,,2472,42,4,,0,2,,2478,1,0,17 3 15 7 16,0,28,,2478,42,4,,0,2,,2473,1,0,17 3 15 7 16,0,68,,2473,42,4,,0,2,,2487,1,0,17 3 15 7 16,0,28,,2487,42,4,,0,2,,2488,1,0,17 3 15 7 16,0,68,,2488,42,4,,0
400,'100013',730,,2489,1,0,17 3 15 7 16,0,28,,2489,42,4,,0,42,,2490,1,0,17 3 15 7 16,0,28,,2490,42,4,,0,2,,2491,1,0,17 3 15 7 16,0,28,,2491,42,4,,0,42,,2492,1,0,17 3 15 7 16,0,28,,2492,42,4,,0,2,,2493,1,0,17 3 15 7 16,0,28,,2493,42,4,,0,42,,2494,1,0,17 3 15 7 16,0,28,,2494,42,4,,0,2,,2495,1,0,17 3 15 7 16,0,28,,2495,42,4,,0,42,,2496,1,0,17 3 15 7 16,0,28,,2496,42,4,,0,2,,2497,1,0,17 3 15 7 16,0,28,,2497,42,4,,0,42,,2498,1,0,17 3 15 7 16,0,28,,2498,42,4,,0,17,,2499,1,0,17 3 15 7 16,0,68,,2499,42,4,,0,2,,2500,1,0,17 3 15 7 16,0,28,,2500,42,4,,0,2,,2501,1,0,17 3 15 7 16,0,68,,2501,42,4,,0,2,,2502,1,0,17 3 15 7 16,0,28,,2502,42,4,,0,2,,2503,1,0,17 3 15 7 16,0,68,,2503,42,4,,0,2,,2504,1,0,17 3 15 7 16,0,28,,2504,42,4,,0,2,,2505,1,0,17 3 15 7 16,0,68,,2505,42,4,,0,17,,2507,1,0,17 3 15 7 16,0,28,,2507,42,4,,0,42,,2508,1,0,17 3 15 7 16,0,28,,2508,42,4,,0,2,,2509,1,0,17 3 15 7 16,0,28,,2509,42,4,,0,42,,2510,1,0,17 3 15 7 16,0,28,,2510,42,4,,0,2,,2511,1,0,17 3 15 7 16,0,28,,2511,42,4,,0,42,,2506,1,0,17 3 15 7 16,0,28,,2506,42,4,,0
5201,'100011',731,,3169,1,0,7 8 9,0
5400,'100011',722,,3174,1,0,7 18,0
1000900,'100009',730,,3176,2,,,0,80,,3177,2,,,0,40,,3178,2,,,0,80,,3179,2,,,0,80,,3180,2,,,0,40,,3181,2,,,0,80,,3182,2,,,0,85,,3183,2,,,0,40,,3184,2,,,0,80,,3185,2,,,0,80,,3186,2,,,0,40,,3187,2,,,0,80,,3188,2,,,0,80,,3189,2,,,0,85,,3190,2,,,0,40,,3191,2,,,0,80,,3192,2,,,0,80,,3193,2,,,0,40,,3194,2,,,0
1000900,'100010',730,,3195,2,,,0,80,,3196,2,,,0,40,,3197,2,,,0,80,,3198,2,,,0,80,,3199,2,,,0,40,,3200,2,,,0,80,,3201,2,,,0,85,,3202,2,,,0,40,,3203,2,,,0,80,,3204,2,,,0,80,,3205,2,,,0,40,,3206,2,,,0,80,,3207,2,,,0,80,,3208,2,,,0,85,,3209,2,,,0,40,,3210,2,,,0,80,,3211,2,,,0,80,,3212,2,,,0
1000900,'100011',518,,3223,2,,,0,30,,3224,2,,,0,70,,3225,2,,,0,30,,3226,2,,,0,70,,3227,2,,,0,30,,3228,2,,,0,62,,3229,2,,,0,28,,3230,2,,,0,74,,3231,2,,,0,20,,3232,2,,,0,70,,3233,2,,,0,30,,3234,2,,,0,70,,3235,2,,,0,30,,3236,2,,,0,70,,3237,2,,,0,30,,3238,2,,,0,70,,3239,2,,,0,30,,3240,2,,,0,70,,3241,2,,,0,30,,3242,2,,,0,70,,3243,2,,,0,28,,3244,2,,,0,72,,3245,2,,,0,30,,3246,2,,,0,18,,3247,2,,,0,85,,3216,2,,,0,70,,3217,2,,,0,30,,3220,2,,,0,70,,3213,2,,,0,30,,3215,2,,,0,85,,3221,2,,,0,85,,3219,2,,,0,35,,3218,2,,,0,75,,3222,2,,,0,35,,3214,2,,,0
1000900,'100012',518,,3258,2,,,0,30,,3259,2,,,0,70,,3260,2,,,0,30,,3261,2,,,0,70,,3262,2,,,0,30,,3263,2,,,0,62,,3264,2,,,0,28,,3265,2,,,0,74,,3266,2,,,0,20,,3267,2,,,0,70,,3268,2,,,0,30,,3269,2,,,0,70,,3270,2,,,0,30,,3271,2,,,0,70,,3272,2,,,0,30,,3273,2,,,0,70,,3274,2,,,0,30,,3275,2,,,0,70,,3276,2,,,0,30,,3277,2,,,0,70,,3278,2,,,0,28,,3279,2,,,0,72,,3280,2,,,0,30,,3281,2,,,0,18,,3282,2,,,0,85,,3251,2,,,0,70,,3252,2,,,0,30,,3255,2,,,0,70,,3248,2,,,0,30,,3250,2,,,0,85,,3256,2,,,0,85,,3254,2,,,0,35,,3253,2,,,0,75,,3257,2,,,0,35,,3249,2,,,0
1000900,'100013',730,,3283,2,,,0,80,,3284,2,,,0,40,,3285,2,,,0,80,,3286,2,,,0,80,,3287,2,,,0,40,,3288,2,,,0,80,,3289,2,,,0,85,,3290,2,,,0,40,,3291,2,,,0,80,,3292,2,,,0,80,,3293,2,,,0,40,,3294,2,,,0,80,,3295,2,,,0,80,,3296,2,,,0,85,,3297,2,,,0,40,,3298,2,,,0,80,,3299,2,,,0,80,,3300,2,,,0
2000900,'100009',750,,3305,2,0,19 3 20 21 22 23,0,80,,3306,2,0,19 3 20 21 22 23,0,80,,3307,2,0,19 3 20 21 22 23,0,40,,3308,2,0,19 3 20 21 22 23,0,80,,3309,2,0,19 3 20 21 22 23,0,80,,3310,2,0,19 3 20 21 22 23,0,40,,3311,2,0,19 3 20 21 22 23,0,80,,3312,2,0,19 3 20 21 22 23,0,85,,3313,2,0,19 3 20 21 22 23,0,40,,3314,2,0,19 3 20 21 22 23,0,80,,3315,2,0,19 3 20 21 22 23,0,80,,3316,2,0,19 3 20 21 22 23,0,85,,3317,2,0,19 3 20 21 22 23,0,40,,3318,2,0,19 3 20 21 22 23,0,80,,3319,2,0,19 3 20 21 22 23,0,80,,3320,2,0,19 3 20 21 22 23,0,40,,3321,2,0,19 3 20 21 22 23,0,80,,3323,2,0,19 3 20 21 22 23,0,80,,3322,2,0,19 3 20 21 22 23,0
2000900,'100010',750,,3324,2,0,19 3 20 21 22 23,0,80,,3325,2,0,19 3 20 21 22 23,0,80,,3326,2,0,19 3 20 21 22 23,0,40,,3327,2,0,19 3 20 21 22 23,0,80,,3328,2,0,19 3 20 21 22 23,0,80,,3329,2,0,19 3 20 21 22 23,0,40,,3330,2,0,19 3 20 21 22 23,0,80,,3331,2,0,19 3 20 21 22 23,0,85,,3332,2,0,19 3 20 21 22 23,0,40,,3333,2,0,19 3 20 21 22 23,0,80,,3334,2,0,19 3 20 21 22 23,0,80,,3335,2,0,19 3 20 21 22 23,0,85,,3336,2,0,19 3 20 21 22 23,0,40,,3337,2,0,19 3 20 21 22 23,0,80,,3338,2,0,19 3 20 21 22 23,0,80,,3339,2,0,19 3 20 21 22 23,0,40,,3340,2,0,19 3 20 21 22 23,0
2000900,'100011',542,,3341,2,0,19 3 20 21 22 23,0,60,,3342,2,0,19 3 20 21 22 23,0,30,,3343,2,0,19 3 20 21 22 23,0,70,,3344,2,0,19 3 20 21 22 23,0,30,,3345,2,0,19 3 20 21 22 23,0,20,,3346,2,0,19 3 20 21 22 23,0,80,,3347,2,0,19 3 20 21 22 23,0,22,,3372,2,0,19 3 20 21 22 23,0,68,,3348,2,0,19 3 20 21 22 23,0,29,,3349,2,0,19 3 20 21 22 23,0,60,,3350,2,0,19 3 20 21 22 23,0,30,,3351,2,0,19 3 20 21 22 23,0,70,,3352,2,0,19 3 20 21 22 23,0,30,,3353,2,0,19 3 20 21 22 23,0,70,,3354,2,0,19 3 20 21 22 23,0,30,,3355,2,0,19 3 20 21 22 23,0,70,,3356,2,0,19 3 20 21 22 23,0,30,,3357,2,0,19 3 20 21 22 23,0,70,,3358,2,0,19 3 20 21 22 23,0,31,,3359,2,0,19 3 20 21 22 23,0,70,,3360,2,0,19 3 20 21 22 23,0,34,,3361,2,0,19 3 20 21 22 23,0,64,,3362,2,0,19 3 20 21 22 23,0,32,,3363,2,0,19 3 20 21 22 23,0,78,,3364,2,0,19 3 20 21 22 23,0,30,,3365,2,0,19 3 20 21 22 23,0,70,,3366,2,0,19 3 20 21 22 23,0,30,,3367,2,0,19 3 20 21 22 23,0,70,,3368,2,0,19 3 20 21 22 23,0,26,,3369,2,0,19 3 20 21 22 23,0,74,,3370,2,0,19 3 20 21 22 23,0,34,,3371,2,0,19 3 20 21 22 23,0,85,,3373,2,0,19 3 20 21 22 23,0,75,,3374,2,0,19 3 20 21 22 23,0,36,,3375,2,0,19 3 20 21 22 23,0
2000900,'100012',542,,3376,2,0,19 3 20 21 22 23,0,60,,3377,2,0,19 3 20 21 22 23,0,30,,3378,2,0,19 3 20 21 22 23,0,70,,3379,2,0,19 3 20 21 22 23,0,30,,3380,2,0,19 3 20 21 22 23,0,20,,3381,2,0,19 3 20 21 22 23,0,80,,3382,2,0,19 3 20 21 22 23,0,22,,3407,2,0,19 3 20 21 22 23,0,68,,3383,2,0,19 3 20 21 22 23,0,29,,3384,2,0,19 3 20 21 22 23,0,60,,3385,2,0,19 3 20 21 22 23,0,30,,3386,2,0,19 3 20 21 22 23,0,70,,3387,2,0,19 3 20 21 22 23,0,30,,3388,2,0,19 3 20 21 22 23,0,70,,3389,2,0,19 3 20 21 22 23,0,30,,3390,2,0,19 3 20 21 22 23,0,70,,3391,2,0,19 3 20 21 22 23,0,30,,3392,2,0,19 3 20 21 22 23,0,70,,3393,2,0,19 3 20 21 22 23,0,31,,3394,2,0,19 3 20 21 22 23,0,70,,3395,2,0,19 3 20 21 22 23,0,34,,3396,2,0,19 3 20 21 22 23,0,64,,3397,2,0,19 3 20 21 22 23,0,32,,3398,2,0,19 3 20 21 22 23,0,78,,3399,2,0,19 3 20 21 22 23,0,30,,3400,2,0,19 3 20 21 22 23,0,70,,3401,2,0,19 3 20 21 22 23,0,30,,3402,2,0,19 3 20 21 22 23,0,70,,3403,2,0,19 3 20 21 22 23,0,26,,3404,2,0,19 3 20 21 22 23,0,74,,3405,2,0,19 3 20 21 22 23,0,34,,3406,2,0,19 3 20 21 22 23,0,85,,3408,2,0,19 3 20 21 22 23,0,75,,3409,2,0,19 3 20 21 22 23,0,36,,3410,2,0,19 3 20 21 22 23,0
2000900,'100013',750,,3411,2,0,19 3 20 21 22 23,0,80,,3412,2,0,19 3 20 21 22 23,0,80,,3413,2,0,19 3 20 21 22 23,0,40,,3414,2,0,19 3 20 21 22 23,0,80,,3415,2,0,19 3 20 21 22 23,0,80,,3416,2,0,19 3 20 21 22 23,0,40,,3417,2,0,19 3 20 21 22 23,0,80,,3418,2,0,19 3 20 21 22 23,0,85,,3419,2,0,19 3 20 21 22 23,0,40,,3420,2,0,19 3 20 21 22 23,0,80,,3421,2,0,19 3 20 21 22 23,0,80,,3422,2,0,19 3 20 21 22 23,0,85,,3423,2,0,19 3 20 21 22 23,0,40,,3424,2,0,19 3 20 21 22 23,0,80,,3425,2,0,19 3 20 21 22 23,0,80,,3426,2,0,19 3 20 21 22 23,0,40,,3427,2,0,19 3 20 21 22 23,0
