309,'1476929',1722,,331,,,0
309,'1476930',1822,,332,,,0
309,'1476931',1922,,333,,,0
309,'1476932',751,,334,,,0
309,'1476933',851,,335,,,0
309,'1476934',951,,336,,,0
309,'1476935',1052,,337,,,0
309,'1476936',1152,,338,,,0
309,'1476937',1307,,339,,,0
309,'1476938',1407,,340,,,0
309,'1476939',1507,,341,,,0
309,'1476940',1607,,342,,,0
309,'1477265',546,,343,,,0
309,'1477266',616,,344,,,0
309,'1477267',646,,345,,,0
309,'1477268',716,,346,,,0
309,'1477269',746,,347,,,0
309,'1477270',756,,348,,,0
309,'1477271',856,,349,,,0
309,'1477272',956,,350,,,0
309,'1477273',1056,,351,,,0
309,'1477274',1156,,352,,,0
309,'1477275',816,,353,,,0
309,'1477276',926,,354,,,0
309,'1477277',1026,,355,,,0
309,'1477278',1126,,356,,,0
309,'1477279',1226,,357,,,0
309,'1477280',1307,,358,,,0
309,'1477281',1342,,359,,,0
309,'1477282',1417,,360,,,0
309,'1477283',1431,,361,,,0
309,'1477284',1452,,362,,,0
309,'1477285',1527,,363,,,0
309,'1477286',1602,,364,,,0
309,'1477287',1637,,365,,,0
309,'1477288',1717,,366,,,0
309,'1477289',1759,,367,,,0
309,'1477290',1829,,368,,,0
309,'1477291',1859,,369,,,0
309,'1477292',1929,,370,,,0
309,'1477293',1959,,371,,,0
309,'1477294',2044,,372,,,0
309,'1477295',2114,,373,,,0
309,'1477296',2144,,374,,,0
309,'1477297',2214,,375,,,0
309,'1477298',2244,,376,,,0
309,'1477299',2314,,377,,,0
309,'1477300',1532,,378,,,0
309,'1477565',1822,,427,,,0
309,'1477566',1922,,428,,,0
309,'1477567',1722,,429,,,0
309,'1477568',751,,430,,,0
309,'1477569',851,,431,,,0
309,'1477570',951,,432,,,0
309,'1477571',1052,,433,,,0
309,'1477572',1152,,434,,,0
309,'1477573',1307,,435,,,0
309,'1477574',1407,,436,,,0
309,'1477575',1507,,437,,,0
309,'1477576',1607,,438,,,0
1005309,'1477817',1505,,1005,0,30 31 32,0
