609,'1476872',748,,573,,,0
609,'1476873',848,,574,,,0
609,'1476874',948,,575,,,0
609,'1476875',1048,,576,,,0
609,'1476876',1148,,577,,,0
609,'1476877',1303,,578,,,0
609,'1476878',1403,,579,,,0
609,'1476879',1503,,580,,,0
609,'1476880',1603,,581,,,0
609,'1476881',1718,,582,,,0
609,'1476882',1818,,583,,,0
609,'1476883',1918,,584,,,0
609,'1477404',611,,585,,,0
609,'1477405',711,,586,,,0
609,'1477406',811,,587,,,0
609,'1477407',850,,588,,,0
609,'1477408',950,,589,,,0
609,'1477409',1050,,590,,,0
609,'1477410',1150,,591,,,0
609,'1477411',1302,,592,,,0
609,'1477412',1412,,593,,,0
609,'1477413',1522,,594,,,0
609,'1477414',541,,595,,,0
609,'1477415',641,,596,,,0
609,'1477416',741,,597,,,0
609,'1477417',1447,,598,,,0
609,'1477418',1632,,599,,,0
609,'1477419',1753,,600,,,0
609,'1477420',1853,,601,,,0
609,'1477421',1953,,602,,,0
609,'1477422',2109,,603,,,0
609,'1477423',2209,,604,,,0
609,'1477424',920,,605,,,0
609,'1477425',1020,,606,,,0
609,'1477426',1557,,607,,,0
609,'1477427',1712,,608,,,0
609,'1477428',1823,,609,,,0
609,'1477429',1923,,610,,,0
609,'1477430',2039,,611,,,0
609,'1477431',2139,,612,,,0
609,'1477432',629,,613,,,0
609,'1477433',728,,614,,,0
609,'1477434',1120,,615,,,0
609,'1477435',1220,,616,,,0
609,'1477436',1337,,617,,,0
609,'1477437',2309,,618,,,0
609,'1477438',2239,,619,,,0
609,'1477723',748,,620,,,0
609,'1477724',848,,621,,,0
609,'1477725',948,,622,,,0
609,'1477726',1048,,623,,,0
609,'1477727',1148,,624,,,0
609,'1477728',1303,,625,,,0
609,'1477729',1403,,626,,,0
609,'1477730',1503,,627,,,0
609,'1477731',1603,,628,,,0
609,'1477732',1718,,629,,,0
609,'1477733',1818,,630,,,0
609,'1477734',1918,,631,,,0
