2019,'1477004',738,,183,0,10 27,0
2019,'1477005',808,,184,0,10 27,0
2019,'1477006',838,,185,0,10 27,0
2019,'1477007',908,,186,0,10 27,0
2019,'1477008',938,,187,0,10 27,0
2019,'1477009',1008,,188,0,10 27,0
2019,'1477010',1038,,189,0,10 27,0
2019,'1477011',1108,,190,0,10 27,0
2019,'1477012',1138,,191,0,10 27,0
2019,'1477013',1208,,192,0,10 27,0
2019,'1477014',1253,,193,0,10 27,0
2019,'1477015',1323,,194,0,10 27,0
2019,'1477016',1353,,195,0,10 27,0
2019,'1477017',1423,,196,0,10 27,0
2019,'1477018',1453,,197,0,10 27,0
2019,'1477019',1523,,198,0,10 27,0
2019,'1477020',1553,,199,0,10 27,0
2019,'1477021',1908,,200,0,10 27,0
2019,'1477022',1638,,201,0,10 27,0
2019,'1477023',1708,,202,0,10 27,0
2019,'1477024',1738,,203,0,10 27,0
2019,'1477025',1808,,204,0,10 27,0
2019,'1477026',1838,,205,0,10 27,0
2019,'1477138',530,,206,0,10 27,0
2019,'1477139',630,,207,0,10 27,0
2019,'1477140',730,,208,0,10 27,0
2019,'1477141',840,,209,0,10 27,0
2019,'1477142',940,,210,0,10 27,0
2019,'1477143',1040,,211,0,10 27,0
2019,'1477144',1140,,212,0,10 27,0
2019,'1477145',1249,,213,0,10 27,0
2019,'1477146',1359,,214,0,10 27,0
2019,'1477164',600,,232,0,10 27,0
2019,'1477165',700,,233,0,10 27,0
2019,'1477166',800,,234,0,10 27,0
2019,'1477167',910,,235,0,10 27,0
2019,'1477168',1010,,236,0,10 27,0
2019,'1477169',1110,,237,0,10 27,0
2019,'1477170',1210,,238,0,10 27,0
2019,'1477171',1324,,239,0,10 27,0
2019,'1477172',1434,,240,0,10 27,0
2019,'1477180',1544,,248,0,10 27,0
2019,'1477181',1659,,249,0,10 27,0
2019,'1477182',1743,,250,0,10 27,0
2019,'1477183',1843,,251,0,10 27,0
2019,'1477184',1943,,252,0,10 27,0
2019,'1477185',2058,,253,0,10 27,0
2019,'1477186',2158,,254,0,10 27,0
2019,'1477194',1509,,262,0,10 27,0
2019,'1477195',1619,,263,0,10 27,0
2019,'1477196',1813,,264,0,10 27,0
2019,'1477197',1913,,265,0,10 27,0
2019,'1477198',2028,,266,0,10 27,0
2019,'1477199',2128,,267,0,10 27,0
2019,'1477202',2228,,270,0,10 27,0
2019,'1477203',2258,,271,0,10 27,0
2019,'1477204',2328,,272,0,10 27,0
2019,'1477792',838,,296,0,10 27,0
2019,'1477793',808,,297,0,10 27,0
2019,'1477794',908,,298,0,10 27,0
2019,'1477795',938,,299,0,10 27,0
2019,'1477796',1008,,300,0,10 27,0
2019,'1477797',1038,,301,0,10 27,0
2019,'1477798',1108,,302,0,10 27,0
2019,'1477799',1138,,303,0,10 27,0
2019,'1477800',1208,,304,0,10 27,0
2019,'1477801',1253,,305,0,10 27,0
2019,'1477802',1323,,306,0,10 27,0
2019,'1477803',1353,,307,0,10 27,0
2019,'1477804',1423,,308,0,10 27,0
2019,'1477805',1453,,309,0,10 27,0
2019,'1477806',1523,,310,0,10 27,0
2019,'1477807',1553,,311,0,10 27,0
2019,'1477808',1638,,312,0,10 27,0
2019,'1477809',1708,,313,0,10 27,0
2019,'1477810',1738,,314,0,10 27,0
2019,'1477811',1808,,315,0,10 27,0
2019,'1477812',1838,,316,0,10 27,0
2019,'1477813',1908,,317,0,10 27,0
2019,'1477814',738,,318,0,10 27,0
2019,'1477815',708,,319,0,10 27,0
