109,'1477027',837,,1,,,0
109,'1477028',937,,2,,,0
109,'1477029',1037,,3,,,0
109,'1477030',1137,,4,,,0
109,'1477031',1237,,5,,,0
109,'1477032',1337,,6,,,0
109,'1477033',1437,,7,,,0
109,'1477034',1537,,8,,,0
109,'1477035',1637,,9,,,0
109,'1477036',1737,,10,,,0
109,'1477037',1837,,11,,,0
109,'1477038',1937,,12,,,0
109,'1477056',600,,30,,,0
109,'1477057',700,,31,,,0
109,'1477058',800,,32,,,0
109,'1477059',900,,33,,,0
109,'1477060',958,,34,,,0
109,'1477069',640,,43,,,0
109,'1477070',840,,44,,,0
109,'1477071',1038,,45,,,0
109,'1477072',1239,,46,,,0
109,'1477080',1419,,54,,,0
109,'1477081',1719,,55,,,0
109,'1477082',1817,,56,,,0
109,'1477083',1917,,57,,,0
109,'1477084',2017,,58,,,0
109,'1477085',2125,,59,,,0
109,'1477086',1309,,60,,,0
109,'1477090',1108,,64,,,0
109,'1477091',1208,,65,,,0
109,'1477092',740,,66,,,0
109,'1477093',938,,67,,,0
109,'1477094',1138,,68,,,0
109,'1477095',1339,,69,,,0
109,'1477096',1619,,70,,,0
109,'1477097',1519,,71,,,0
109,'1477103',920,,77,,,0
109,'1477104',720,,78,,,0
109,'1477105',620,,79,,,0
109,'1477106',820,,80,,,0
109,'1477113',2055,,87,,,0
109,'1477114',1957,,88,,,0
109,'1477115',1857,,89,,,0
109,'1477116',1757,,90,,,0
109,'1477117',1659,,91,,,0
109,'1477118',1559,,92,,,0
109,'1477119',1539,,93,,,0
109,'1477120',1639,,94,,,0
109,'1477121',1737,,95,,,0
109,'1477122',1837,,96,,,0
109,'1477123',1937,,97,,,0
109,'1477129',1449,,103,,,0
109,'1477134',2224,,108,,,0
109,'1477135',2155,,109,,,0
109,'1477136',2253,,110,,,0
109,'1477613',837,,113,,,0
109,'1477615',937,,115,,,0
109,'1477616',1037,,116,,,0
109,'1477620',1237,,120,,,0
109,'1477621',1137,,121,,,0
109,'1477623',1337,,123,,,0
109,'1477624',1437,,124,,,0
109,'1477626',1537,,126,,,0
109,'1477627',1637,,127,,,0
109,'1477631',1737,,131,,,0
109,'1477633',1837,,133,,,0
109,'1477634',1937,,134,,,0
109,'1477647',1907,,147,,,0
109,'1477648',807,,148,,,0
109,'1477649',1007,,149,,,0
109,'1477650',1107,,150,,,0
109,'1477651',1207,,151,,,0
109,'1477652',1307,,152,,,0
109,'1477653',1407,,153,,,0
109,'1477654',1507,,154,,,0
109,'1477655',1607,,155,,,0
109,'1477656',1707,,156,,,0
109,'1477657',1807,,157,,,0
109,'1477659',907,,159,,,0
