201,2038,1,0
201,2039,2,0
201,2040,3,0
201,2041,4,0
201,2042,5,0
201,2043,6,0
201,2044,7,0
201,2045,8,0
201,2046,9,0
201,2047,10,0
201,2048,11,0
201,2049,12,0
201,2050,13,0
201,2051,14,0
201,2052,15,0
201,2054,16,0
201,2055,17,0
201,2056,18,0
201,2057,19,0
201,2058,20,0
201,2059,21,0
201,2060,22,0
201,2061,23,0
201,2017,24,0
201,2062,25,0
201,2019,26,0
201,2063,27,0
201,2064,28,0
201,2065,29,0
201,2066,30,0
201,2067,31,0
201,2068,32,0
201,2069,33,0
201,2070,34,0
201,2071,35,0
201,2072,36,0
201,2073,37,0
201,2074,38,0
201,2075,39,0
201,2077,40,0
201,2078,41,0
201,2001,42,1
202,2001,1,0
202,2002,2,0
202,2003,3,0
202,2004,4,0
202,2005,5,0
202,2006,6,0
202,2007,7,0
202,2008,8,0
202,2009,9,0
202,2010,10,0
202,2011,11,0
202,2012,12,0
202,2013,13,0
202,2014,14,0
202,2015,15,0
202,2016,16,0
202,2017,17,0
202,2018,18,0
202,2019,19,0
202,2020,20,0
202,2021,21,0
202,2022,22,0
202,2023,23,0
202,2024,24,0
202,2025,25,0
202,2026,26,0
202,2027,27,0
202,2028,28,0
202,2029,29,0
202,2030,30,0
202,2031,31,0
202,2032,32,0
202,2033,33,0
202,2034,34,0
202,2035,35,0
202,2036,36,0
202,2037,37,0
202,2038,38,1
303,2286,1,0
303,2285,2,0
303,2287,3,0
303,2288,4,0
303,2289,5,0
303,2290,6,0
303,2291,7,0
303,2292,8,0
303,2293,9,0
303,2294,10,0
303,2295,11,0
303,2296,12,0
303,2297,13,0
303,2298,14,0
303,2299,15,0
303,2300,16,0
303,2301,17,0
303,2302,18,0
303,2303,19,0
303,2304,20,0
303,2305,21,0
303,2166,22,0
303,2167,23,0
303,2168,24,0
303,2123,25,1
304,2123,1,0
304,2124,2,0
304,2125,3,0
304,2266,4,0
304,2267,5,0
304,2268,6,0
304,2269,7,0
304,2270,8,0
304,2271,9,0
304,2272,10,0
304,2273,11,0
304,2274,12,0
304,2275,13,0
304,2276,14,0
304,2277,15,0
304,2278,16,0
304,2279,17,0
304,2280,18,0
304,2281,19,0
304,2282,20,0
304,2283,21,0
304,2285,22,0
304,2286,23,1
403,2147,1,0
403,2148,2,0
403,2149,3,0
403,2150,4,0
403,2151,5,0
403,2152,6,0
403,2153,7,0
403,2155,8,0
403,2156,9,0
403,2158,10,0
403,2159,11,0
403,2160,12,0
403,2161,13,0
403,2162,14,0
403,2163,15,0
403,2164,16,0
403,2165,17,0
403,2166,18,0
403,2167,19,0
403,2168,20,0
403,2123,21,1
404,2123,1,0
404,2124,2,0
404,2125,3,0
404,2126,4,0
404,2127,5,0
404,2128,6,0
404,2129,7,0
404,2130,8,0
404,2131,9,0
404,2132,10,0
404,2133,11,0
404,2134,12,0
404,2135,13,0
404,2136,14,0
404,2137,15,0
404,2138,16,0
404,2139,17,0
404,2140,18,0
404,2141,19,0
404,2142,20,0
404,2143,21,0
404,2144,22,0
404,2145,23,0
404,2147,24,1
503,2228,1,0
503,2229,2,0
503,2230,3,0
503,2231,4,0
503,2232,5,0
503,2233,6,0
503,2235,7,0
503,2236,8,0
503,2237,9,0
503,2238,10,0
503,2239,11,0
503,2240,12,0
503,2241,13,0
503,2242,14,0
503,2243,15,0
503,2244,16,0
503,2119,17,0
503,2060,18,0
503,2061,19,0
503,2017,20,0
503,2203,21,1
504,2203,1,0
504,2124,2,0
504,2125,3,0
504,2204,4,0
504,2205,5,0
504,2206,6,0
504,2207,7,0
504,2208,8,0
504,2209,9,0
504,2210,10,0
504,2211,11,0
504,2212,12,0
504,2213,13,0
504,2214,14,0
504,2215,15,0
504,2120,16,0
504,2216,17,0
504,2217,18,0
504,2218,19,0
504,2220,20,0
504,2221,21,0
504,2222,22,0
504,2223,23,0
504,2224,24,0
504,2225,25,0
504,2226,26,0
504,2227,27,0
504,2228,28,1
601,2092,1,0
601,2093,2,0
601,2094,3,0
601,2096,4,0
601,2097,5,0
601,2098,6,0
601,2100,7,0
601,2102,8,0
601,2103,9,0
601,2104,10,0
601,2105,11,0
601,2106,12,0
601,2107,13,0
601,2108,14,0
601,2109,15,0
601,2052,16,0
601,2054,17,0
601,2110,18,0
601,2058,19,0
601,2059,20,0
601,2194,21,0
601,2038,22,0
601,2039,23,0
601,2195,24,0
601,2196,25,0
601,2265,26,0
601,2239,27,0
601,2240,28,0
601,2241,29,0
601,2242,30,0
601,2243,31,0
601,2244,32,0
601,2119,33,0
601,2060,34,0
601,2061,35,0
601,2017,36,0
601,2079,37,1
602,2079,1,0
602,2019,2,0
602,2020,3,0
602,2021,4,0
602,2022,5,0
602,2023,6,0
602,2024,7,0
602,2080,8,0
602,2029,9,0
602,2082,10,0
602,2380,11,0
602,2210,12,0
602,2211,13,0
602,2212,14,0
602,2213,15,0
602,2214,16,0
602,2215,17,0
602,2245,18,0
602,2175,19,0
602,2176,20,0
602,2177,21,0
602,2178,22,0
602,2093,23,0
602,2103,24,0
602,2083,25,0
602,2084,26,0
602,2085,27,0
602,2086,28,0
602,2087,29,0
602,2088,30,0
602,2089,31,0
602,2090,32,0
602,2091,33,0
602,2092,34,1
701,2185,1,0
701,2186,2,0
701,2188,3,0
701,2189,4,0
701,2190,5,0
701,2191,6,0
701,2192,7,0
701,2193,8,0
701,2194,9,0
701,2038,10,0
701,2039,11,0
701,2195,12,0
701,2196,13,0
701,2197,14,0
701,2199,15,0
701,2200,16,0
701,2202,17,0
701,2162,18,0
701,2163,19,0
701,2164,20,0
701,2165,21,0
701,2166,22,0
701,2167,23,0
701,2168,24,0
701,2169,25,1
702,2169,1,0
702,2124,2,0
702,2125,3,0
702,2126,4,0
702,2127,5,0
702,2128,6,0
702,2129,7,0
702,2170,8,0
702,2172,9,0
702,2173,10,0
702,2121,11,0
702,2175,12,0
702,2176,13,0
702,2177,14,0
702,2178,15,0
702,2179,16,0
702,2180,17,0
702,2181,18,0
702,2182,19,0
702,2183,20,0
702,2184,21,0
702,2185,22,1
801,2254,1,0
801,2255,2,0
801,2256,3,0
801,2257,4,0
801,2258,5,0
801,2259,6,0
801,2260,7,0
801,2261,8,0
801,2262,9,0
801,2263,10,0
801,2264,11,0
801,2195,12,0
801,2196,13,0
801,2265,14,0
801,2239,15,0
801,2240,16,0
801,2241,17,0
801,2242,18,0
801,2243,19,0
801,2244,20,0
801,2119,21,0
801,2060,22,0
801,2061,23,0
801,2017,24,0
801,2169,25,1
802,2169,1,0
802,2019,2,0
802,2020,3,0
802,2021,4,0
802,2380,5,0
802,2210,6,0
802,2211,7,0
802,2212,8,0
802,2213,9,0
802,2214,10,0
802,2215,11,0
802,2245,12,0
802,2175,13,0
802,2176,14,0
802,2177,15,0
802,2178,16,0
802,2246,17,0
802,2248,18,0
802,2249,19,0
802,2250,20,0
802,2251,21,0
802,2253,22,0
802,2254,23,1
5000,2093,1,0
5000,2094,2,0
5000,2096,3,0
5000,2097,4,0
5000,2098,5,0
5000,2100,6,0
5000,2102,7,0
5000,2103,8,0
5000,2088,9,0
5000,2089,10,0
5000,2090,11,0
5000,2091,12,0
5000,2092,13,0
5000,2194,14,0
5000,2246,15,0
5000,2248,16,0
5000,2249,17,0
5000,2250,18,0
5000,2251,19,0
5000,2253,20,0
5000,2254,21,0
5000,2255,22,0
5000,2256,23,0
5000,2257,24,0
5000,2258,25,0
5000,2259,26,0
5000,2260,27,0
5000,2261,28,0
5000,2262,29,0
5000,2263,30,0
5000,2264,31,0
5000,2040,32,0
5000,2041,33,0
5000,2042,34,1
5001,2254,1,0
5001,2255,2,0
5001,2256,3,0
5001,2257,4,0
5001,2258,5,0
5001,2259,6,0
5001,2260,7,0
5001,2261,8,0
5001,2262,9,0
5001,2263,10,0
5001,2264,11,0
5001,2042,12,0
5001,2177,13,0
5001,2178,14,0
5001,2179,15,0
5001,2093,16,0
5001,2094,17,0
5001,2096,18,0
5001,2097,19,0
5001,2098,20,0
5001,2100,21,0
5001,2102,22,0
5001,2103,23,0
5001,2088,24,0
5001,2089,25,0
5001,2090,26,0
5001,2091,27,0
5001,2092,28,1
5100,2180,1,0
5100,2181,2,0
5100,2182,3,0
5100,2183,4,0
5100,2184,5,0
5100,2185,6,0
5100,2186,7,0
5100,2188,8,0
5100,2189,9,0
5100,2190,10,0
5100,2191,11,0
5100,2192,12,0
5100,2193,13,0
5100,2194,14,0
5100,2246,15,0
5100,2248,16,0
5100,2249,17,0
5100,2250,18,0
5100,2251,19,0
5100,2253,20,0
5100,2254,21,0
5100,2255,22,0
5100,2256,23,0
5100,2257,24,0
5100,2258,25,0
5100,2259,26,0
5100,2260,27,0
5100,2261,28,0
5100,2262,29,0
5100,2263,30,0
5100,2264,31,0
5100,2040,32,0
5100,2041,33,0
5100,2042,34,1
5101,2254,1,0
5101,2255,2,0
5101,2256,3,0
5101,2257,4,0
5101,2258,5,0
5101,2259,6,0
5101,2260,7,0
5101,2261,8,0
5101,2262,9,0
5101,2263,10,0
5101,2264,11,0
5101,2042,12,0
5101,2177,13,0
5101,2178,14,0
5101,2179,15,0
5101,2180,16,0
5101,2181,17,0
5101,2182,18,0
5101,2183,19,0
5101,2184,20,0
5101,2185,21,0
5101,2186,22,0
5101,2188,23,0
5101,2189,24,0
5101,2190,25,0
5101,2191,26,0
5101,2192,27,0
5101,2193,28,1
1000101,2351,1,0
1000101,2124,2,0
1000101,2306,3,0
1000101,2020,4,0
1000101,2021,5,0
1000101,2352,6,0
1000101,2353,7,0
1000101,2354,8,0
1000101,2355,9,0
1000101,2356,10,0
1000101,2357,11,0
1000101,2358,12,0
1000101,2359,13,0
1000101,2360,14,0
1000101,2361,15,0
1000101,2362,16,0
1000101,2363,17,0
1000101,2364,18,0
1000101,2365,19,0
1000101,2366,20,0
1000101,2333,21,0
1000101,2324,22,0
1000101,2325,23,0
1000101,2326,24,0
1000101,2327,25,0
1000101,2328,26,0
1000101,2329,27,0
1000101,2330,28,0
1000101,2331,29,0
1000101,2332,30,0
1000101,2321,31,0
1000101,2322,32,0
1000101,2323,33,0
1000101,2367,34,0
1000101,2368,35,0
1000101,2316,36,0
1000101,2317,37,0
1000101,2318,38,1
1000102,2317,1,0
1000102,2318,2,0
1000102,2369,3,0
1000102,2370,4,0
1000102,2371,5,0
1000102,2372,6,0
1000102,2373,7,0
1000102,2374,8,0
1000102,2375,9,0
1000102,2376,10,0
1000102,2377,11,0
1000102,2378,12,0
1000102,2379,13,0
1000102,2017,14,0
1000102,2351,15,1
2000101,2351,1,0
2000101,2124,2,0
2000101,2306,3,0
2000101,2307,4,0
2000101,2308,5,0
2000101,2309,6,0
2000101,2075,7,0
2000101,2310,8,0
2000101,2311,9,0
2000101,2312,10,0
2000101,2313,11,0
2000101,2314,12,0
2000101,2315,13,0
2000101,2316,14,1
2000102,2316,1,0
2000102,2315,2,0
2000102,2317,3,0
2000102,2318,4,0
2000102,2319,5,0
2000102,2320,6,0
2000102,2321,7,0
2000102,2322,8,0
2000102,2323,9,0
2000102,2324,10,0
2000102,2325,11,0
2000102,2326,12,0
2000102,2327,13,0
2000102,2328,14,0
2000102,2329,15,0
2000102,2330,16,0
2000102,2331,17,0
2000102,2332,18,0
2000102,2333,19,0
2000102,2334,20,0
2000102,2335,21,0
2000102,2336,22,0
2000102,2337,23,0
2000102,2338,24,0
2000102,2339,25,0
2000102,2340,26,0
2000102,2341,27,0
2000102,2342,28,0
2000102,2343,29,0
2000102,2344,30,0
2000102,2345,31,0
2000102,2346,32,0
2000102,2347,33,0
2000102,2348,34,0
2000102,2349,35,0
2000102,2350,36,0
2000102,2060,37,0
2000102,2061,38,0
2000102,2017,39,0
2000102,2351,40,1
